4.000000000000e+01 2.930205006849e-03 4.479005913371e-02
4.093171969123e+01 2.930415612396e-03 4.583335361445e-02
4.188514192204e+01 2.930636143342e-03 4.690094954405e-02
4.286077220950e+01 2.930867067600e-03 4.799341297580e-02
4.385912784573e+01 2.931108874983e-03 4.911132314812e-02
4.488073817208e+01 2.931362078392e-03 5.025527279162e-02
4.592614485988e+01 2.931627214906e-03 5.142586844337e-02
4.699590219758e+01 2.931904846927e-03 5.262373076850e-02
4.809057738470e+01 2.932195563339e-03 5.384949488926e-02
4.921075083250e+01 2.932499980786e-03 5.510381072180e-02
5.035701647177e+01 2.932818744994e-03 5.638734332076e-02
5.152998206773e+01 2.933152532093e-03 5.770077323186e-02
5.273026954226e+01 2.933502050095e-03 5.904479685277e-02
5.395851530367e+01 2.933868040365e-03 6.042012680231e-02
5.521537058412e+01 2.934251279225e-03 6.182749229834e-02
5.650150178491e+01 2.934652579581e-03 6.326763954434e-02
5.781759082984e+01 2.935072792637e-03 6.474133212510e-02
5.916433552673e+01 2.935512809726e-03 6.624935141157e-02
6.054244993745e+01 2.935973564176e-03 6.779249697514e-02
6.195266475650e+01 2.936456033453e-03 6.937214945562e-02
6.339572769844e+01 2.936961240850e-03 7.098885871930e-02
6.487240389436e+01 2.937490257752e-03 7.264240157447e-02
6.638347629750e+01 2.938044206448e-03 7.433446038466e-02
6.792974609847e+01 2.938624261937e-03 7.606593036696e-02
6.951203314997e+01 2.939231654614e-03 7.783773004097e-02
7.113117640156e+01 2.939867672812e-03 7.965080357655e-02
7.278803434440e+01 2.940533665628e-03 8.150610901217e-02
7.448348546651e+01 2.941231045707e-03 8.340463005459e-02
7.621842871853e+01 2.941961292299e-03 8.534737332402e-02
7.799378399032e+01 2.942725954340e-03 8.733536888780e-02
7.981049259876e+01 2.943526653803e-03 8.936967080658e-02
8.166951778678e+01 2.944365089056e-03 9.145135769321e-02
8.357184523416e+01 2.945243038550e-03 9.358153328457e-02
8.551848358009e+01 2.946162364521e-03 9.576132702684e-02
8.751046495798e+01 2.947125016984e-03 9.799189467433e-02
8.954884554273e+01 2.948133037858e-03 1.002744189022e-01
9.163470611071e+01 2.949188565285e-03 1.026101099338e-01
9.376915261280e+01 2.950293838174e-03 1.050002061817e-01
9.595331676078e+01 2.951451200976e-03 1.074459749052e-01
9.818835662740e+01 2.952663108590e-03 1.099487128815e-01
1.004754572604e+02 2.953932131641e-03 1.125097470936e-01
1.028158313108e+02 2.955260961900e-03 1.151304354337e-01
1.052107196758e+02 2.956652417985e-03 1.178121674235e-01
1.076613921571e+02 2.958109451369e-03 1.205563649505e-01
1.101691481335e+02 2.959635152609e-03 1.233644830222e-01
1.127353172506e+02 2.961232757926e-03 1.262380105374e-01
1.153612601251e+02 2.962905656049e-03 1.291784710757e-01
1.180483690667e+02 2.964657395405e-03 1.321874237052e-01
1.207980688161e+02 2.966491691711e-03 1.352665864975e-01
1.236118173005e+02 2.968412436143e-03 1.384182472924e-01
1.264911064067e+02 2.970423701992e-03 1.416424227485e-01
1.294374627719e+02 2.972529755877e-03 1.449417060318e-01
1.324524485930e+02 2.974735064995e-03 1.483178313652e-01
1.355376624557e+02 2.977044307105e-03 1.517725967094e-01
1.386947401810e+02 2.979462380412e-03 1.553078338220e-01
1.419253556934e+02 2.981994413974e-03 1.589254171273e-01
1.452312219080e+02 2.984645778573e-03 1.626272647105e-01
1.486140916389e+02 2.987422098096e-03 1.664153393343e-01
1.520757585282e+02 2.990329261489e-03 1.702916494798e-01
1.556180579977e+02 2.993373435227e-03 1.742582504111e-01
1.592428682214e+02 2.996561076406e-03 1.783172452653e-01
1.629521111216e+02 2.999898946533e-03 1.824707861674e-01
1.667477533881e+02 3.003394125652e-03 1.867210753714e-01
1.706318075206e+02 3.007054027433e-03 1.910703664282e-01
1.746063328961e+02 3.010886415008e-03 1.955209653800e-01
1.786734368604e+02 3.014899417393e-03 2.000752319831e-01
1.828352758459e+02 3.019101546673e-03 2.047355809590e-01
1.870940565149e+02 3.023501716129e-03 2.095044832747e-01
1.914520369291e+02 3.028109259102e-03 2.143844674528e-01
1.959115277474e+02 3.032933948793e-03 2.193781209121e-01
2.004748934509e+02 3.037986018997e-03 2.244880913393e-01
2.051445535965e+02 3.043276185823e-03 2.297170880931e-01
2.099229840999e+02 3.048815670406e-03 2.350678836401e-01
2.148127185481e+02 3.054616222717e-03 2.405433150254e-01
2.198163495430e+02 3.060690146485e-03 2.461462853761e-01
2.249365300761e+02 3.067050325407e-03 2.518787779877e-01
2.301759749349e+02 3.073710248894e-03 2.577456033526e-01
2.355374621422e+02 3.080684045880e-03 2.637492644829e-01
2.410238344297e+02 3.087986507548e-03 2.698927698074e-01
2.466380007446e+02 3.095633123389e-03 2.761793754495e-01
2.523829377921e+02 3.103640112880e-03 2.826124146221e-01
2.582616916139e+02 3.112024459868e-03 2.891952981768e-01
2.642773792030e+02 3.120803948644e-03 2.959315164128e-01
2.704331901568e+02 3.129997201629e-03 3.028246409268e-01
2.767323883676e+02 3.139623718902e-03 3.098783265068e-01
2.831783137537e+02 3.149703919543e-03 3.170963130698e-01
2.897743840300e+02 3.160259184948e-03 3.244824276442e-01
2.965240965204e+02 3.171311904175e-03 3.320405863993e-01
3.034310300117e+02 3.182885521467e-03 3.397747967209e-01
3.104988466515e+02 3.195004585936e-03 3.476891593364e-01
3.177312938897e+02 3.207694803669e-03 3.557878704882e-01
3.251322064656e+02 3.220983092194e-03 3.640752241589e-01
3.327055084411e+02 3.234897637682e-03 3.725556143473e-01
3.404552152809e+02 3.249467954604e-03 3.812335373980e-01
3.483854359824e+02 3.264724948463e-03 3.901135943852e-01
3.565003752535e+02 3.280700981248e-03 3.992004935519e-01
3.648043357424e+02 3.297429940108e-03 4.084990528054e-01
3.733017203188e+02 3.314947309235e-03 4.180142022721e-01
3.819970344086e+02 3.333290255714e-03 4.277508961701e-01
3.908948883823e+02 3.352497655308e-03 4.377144197094e-01
4.000000000000e+02 3.372610281332e-03 4.479100788499e-01
4.093171969123e+02 3.393670784402e-03 4.583432240083e-01
4.188514192204e+02 3.415723836408e-03 4.690193868451e-01
4.286077220950e+02 3.438816214510e-03 4.799442278627e-01
4.385912784573e+02 3.462996900460e-03 4.911235394056e-01
4.488073817208e+02 3.488317184404e-03 5.025632487315e-01
4.592614485988e+02 3.514830773669e-03 5.142694211526e-01
4.699590219758e+02 3.542593906716e-03 5.262482632512e-01
4.809057738470e+02 3.571665472446e-03 5.385061261694e-01
4.921075083250e+02 3.602107135034e-03 5.510495089756e-01
5.035701647177e+02 3.633983464808e-03 5.638850621093e-01
5.152998206773e+02 3.667362075115e-03 5.770195909064e-01
5.273026954226e+02 3.702313765841e-03 5.904600592062e-01
5.395851530367e+02 3.738912673470e-03 6.042135930424e-01
5.521537058412e+02 3.777236428427e-03 6.182874844200e-01
5.650150178491e+02 3.817366319703e-03 6.326891951807e-01
5.781759082984e+02 3.859387467203e-03 6.474263609568e-01
5.916433552673e+02 3.903389002402e-03 6.625067952191e-01
6.054244993745e+02 3.949464257303e-03 6.779384934173e-01
6.195266475650e+02 3.997710994603e-03 6.937309869147e-01
6.339572769844e+02 4.048231462264e-03 7.098919582666e-01
6.487240389436e+02 4.101132900384e-03 7.264273831667e-01
6.638347629750e+02 4.156527493853e-03 7.433479616554e-01
6.792974609847e+02 4.214532740229e-03 7.606626646877e-01
6.951203314997e+02 4.275271674450e-03 7.783806721486e-01
7.113117640156e+02 4.338873129808e-03 7.965113777177e-01
7.278803434440e+02 4.405472011132e-03 8.150643938467e-01
7.448348546651e+02 4.475209581071e-03 8.340495568525e-01
7.621842871853e+02 4.548233759437e-03 8.534769321294e-01
7.799378399032e+02 4.624699437217e-03 8.733568194820e-01
7.981049259876e+02 4.704768805013e-03 8.936997585821e-01
8.166951778678e+02 4.788611696952e-03 9.145165345527e-01
8.357184523416e+02 4.876405950896e-03 9.358181836822e-01
8.551848358009e+02 4.968337785855e-03 9.576159992703e-01
8.751046495798e+02 5.064602196548e-03 9.799215376110e-01
8.954884554273e+02 5.165403367332e-03 1.002746624114e+00
9.163470611071e+02 5.270955105155e-03 1.026103359569e+00
9.376915261280e+02 5.381481324069e-03 1.050004108271e+00
9.595331676078e+02 5.497216363908e-03 1.074461515296e+00
9.818835662740e+02 5.618405800766e-03 1.099488651298e+00
1.004754572604e+03 5.745306653546e-03 1.125098723606e+00
1.028158313108e+03 5.878188086698e-03 1.151305309079e+00
1.052107196758e+03 6.017331949284e-03 1.178122300717e+00
1.076613921571e+03 6.163033372741e-03 1.205563915015e+00
1.101691481335e+03 6.315601397134e-03 1.233644699495e+00
1.127353172506e+03 6.475359625966e-03 1.262379540403e+00
1.153612601251e+03 6.642646913266e-03 1.291783670591e+00
1.180483690667e+03 6.817818081375e-03 1.321872677581e+00
1.207980688161e+03 7.001244674077e-03 1.352662511819e+00
1.236118173005e+03 7.193315744082e-03 1.384169495108e+00
1.264911064067e+03 7.394438678584e-03 1.416410329258e+00
1.294374627719e+03 7.605040062798e-03 1.449402104914e+00
1.324524485930e+03 7.825566584678e-03 1.483162310606e+00
1.355376624557e+03 8.056485982116e-03 1.517708841996e+00
1.386947401810e+03 8.298288049252e-03 1.553059616410e+00
1.419253556934e+03 8.551485571402e-03 1.589228167197e+00
1.452312219080e+03 8.816615684608e-03 1.626245115508e+00
1.486140916389e+03 9.094240678693e-03 1.664124232726e+00
1.520757585282e+03 9.384949388321e-03 1.702885596584e+00
1.556180579977e+03 9.689358397055e-03 1.742549752144e+00
1.592428682214e+03 1.000811334305e-02 1.783137722659e+00
1.629521111216e+03 1.034189029693e-02 1.824671020489e+00
1.667477533881e+03 1.069139717740e-02 1.867171658896e+00
1.706318075206e+03 1.105737526006e-02 1.910662163530e+00
1.746063328961e+03 1.144060075561e-02 1.955165584128e+00
1.786734368604e+03 1.184188645153e-02 2.000705506808e+00
1.828352758459e+03 1.226208343494e-02 2.047306066526e+00
1.870940565149e+03 1.270208289709e-02 2.094991959822e+00
1.914520369291e+03 1.316281802403e-02 2.143788457860e+00
1.959115277474e+03 1.364526597275e-02 2.193721419761e+00
2.004748934509e+03 1.415044994566e-02 2.244817306258e+00
2.051445535965e+03 1.467944135660e-02 2.297103193652e+00
2.099229840999e+03 1.523336210538e-02 2.350606788094e+00
2.148127185481e+03 1.581338695336e-02 2.405356440201e+00
2.198163495430e+03 1.642074601604e-02 2.461381160000e+00
2.249365300761e+03 1.705672736880e-02 2.518710632218e+00
2.301759749349e+03 1.772267977875e-02 2.577375231927e+00
2.355374621422e+03 1.842001556259e-02 2.637406040545e+00
2.410238344297e+03 1.915021358005e-02 2.698834862202e+00
2.466380007446e+03 1.991482236998e-02 2.761694240488e+00
2.523829377921e+03 2.071546342978e-02 2.826017475575e+00
2.582616916139e+03 2.155383465511e-02 2.891838641740e+00
2.642773792030e+03 2.243171393442e-02 2.959192605284e+00
2.704331901568e+03 2.335096291961e-02 3.028115042860e+00
2.767323883676e+03 2.431353097131e-02 3.098642460224e+00
2.831783137537e+03 2.532145928625e-02 3.170812211405e+00
2.897743840300e+03 2.637688522589e-02 3.244662518323e+00
2.965240965204e+03 2.748204684198e-02 3.320232490844e+00
3.034310300117e+03 2.863928762292e-02 3.397562147294e+00
3.104988466515e+03 2.985106145163e-02 3.476692435444e+00
3.177312938897e+03 3.111993781074e-02 3.557665253959e+00
3.251322064656e+03 3.244860722254e-02 3.640523474346e+00
3.327055084411e+03 3.383988694655e-02 3.725310963390e+00
3.404552152809e+03 3.529672694954e-02 3.812072606099e+00
3.483854359824e+03 3.682221615166e-02 3.900854329166e+00
3.565003752535e+03 3.841958896826e-02 3.991703124962e+00
3.648043357424e+03 4.009223215912e-02 4.084667076065e+00
3.733017203188e+03 4.184369199919e-02 4.179795380341e+00
3.819970344086e+03 4.367768178956e-02 4.277138376584e+00
3.908948883823e+03 4.559808971255e-02 4.376747570736e+00
4.000000000000e+03 4.760898706861e-02 4.478675662686e+00
4.093171969123e+03 4.971463689440e-02 4.582976573666e+00
4.188514192204e+03 5.191950297831e-02 4.689705474257e+00
4.286077220950e+03 5.422825931438e-02 4.798918813020e+00
4.385912784573e+03 5.664579998667e-02 4.910674345750e+00
4.488073817208e+03 5.917724953098e-02 5.025031165386e+00
4.592614485988e+03 6.182797376750e-02 5.142049732567e+00
4.699590219758e+03 6.460359115684e-02 5.261791906875e+00
4.809057738470e+03 6.750998468343e-02 5.384320978740e+00
4.921075083250e+03 7.055331428895e-02 5.509701702059e+00
5.035701647177e+03 7.374002990683e-02 5.638000327512e+00
5.152998206773e+03 7.707688508903e-02 5.769284636603e+00
5.273026954226e+03 8.057095128994e-02 5.903623976437e+00
5.395851530367e+03 8.422963279844e-02 6.041089295242e+00
5.521537058412e+03 8.806068239584e-02 6.181753178647e+00
5.650150178491e+03 9.207221772998e-02 6.325689886741e+00
5.781759082984e+03 9.627273846359e-02 6.472975391914e+00
5.916433552673e+03 1.006711442125e-01 6.623687417491e+00
6.054244993745e+03 1.052767533567e-01 6.777905477187e+00
6.195266475650e+03 1.100993226910e-01 6.935710915379e+00
6.339572769844e+03 1.151490680284e-01 7.097186948212e+00
6.487240389436e+03 1.204366857475e-01 7.262418705564e+00
6.638347629750e+03 1.259733753676e-01 7.431493273860e+00
6.792974609847e+03 1.317708631478e-01 7.604499739762e+00
6.951203314997e+03 1.378414268201e-01 7.781529234744e+00
7.113117640156e+03 1.441979214718e-01 7.962674980559e+00
7.278803434440e+03 1.508538066266e-01 8.148032335613e+00
7.448348546651e+03 1.578231745862e-01 8.337698842253e+00
7.621842871853e+03 1.651207801190e-01 8.531774274977e+00
7.799378399032e+03 1.727620715121e-01 8.730360689583e+00
7.981049259876e+03 1.807632230692e-01 8.933562473259e+00
8.166951778678e+03 1.891411691505e-01 9.141486395612e+00
8.357184523416e+03 1.979136397660e-01 9.354241660670e+00
8.551848358009e+03 2.070991978144e-01 9.571939959840e+00
8.751046495798e+03 2.167172781485e-01 9.794695525814e+00
8.954884554273e+03 2.267882282996e-01 1.002262518748e+01
9.163470611071e+03 2.373333512415e-01 1.025584842577e+01
9.376915261280e+03 2.483749500638e-01 1.049448743052e+01
9.595331676078e+03 2.599363747177e-01 1.073866715825e+01
9.818835662740e+03 2.720420709782e-01 1.098851539096e+01
1.004754572604e+04 2.847176316076e-01 1.124416279589e+01
1.028158313108e+04 2.979898499323e-01 1.150574298620e+01
1.052107196758e+04 3.118867759058e-01 1.177339258267e+01
1.076613921571e+04 3.264377746962e-01 1.204725127625e+01
1.101691481335e+04 3.416735880978e-01 1.232746189164e+01
1.127353172506e+04 3.576263986317e-01 1.261417045168e+01
1.153612601251e+04 3.743298967100e-01 1.290752624276e+01
1.180483690667e+04 3.918193508260e-01 1.320768188095e+01
1.207980688161e+04 4.101316810172e-01 1.351479337913e+01
1.236118173005e+04 4.293055356752e-01 1.382902021480e+01
1.264911064067e+04 4.493813718834e-01 1.415052539877e+01
1.294374627719e+04 4.704015394068e-01 1.447947554458e+01
1.324524485930e+04 4.924103685713e-01 1.481604093858e+01
1.355376624557e+04 5.154542621326e-01 1.516039561068e+01
1.386947401810e+04 5.395817913404e-01 1.551271740574e+01
1.419253556934e+04 5.648437963339e-01 1.587318805551e+01
1.452312219080e+04 5.912934911847e-01 1.624199325090e+01
1.486140916389e+04 6.189865735824e-01 1.661932271493e+01
1.520757585282e+04 6.479813396417e-01 1.700537027567e+01
1.556180579977e+04 6.783388037625e-01 1.740033393974e+01
1.592428682214e+04 7.101228239040e-01 1.780441596569e+01
1.629521111216e+04 7.434002093890e-01 1.821782274150e+01
1.667477533881e+04 7.782409061829e-01 1.864076528170e+01
1.706318075206e+04 8.147181253224e-01 1.907345915540e+01
1.746063328961e+04 8.529084675311e-01 1.951612435736e+01
1.786734368604e+04 8.928920931395e-01 1.996898549920e+01
1.828352758459e+04 9.347528849417e-01 2.043227188109e+01
1.870940565149e+04 9.785786183425e-01 2.090621756249e+01
1.914520369291e+04 1.024461138888e+00 2.139106143206e+01
1.959115277474e+04 1.072496547929e+00 2.188704727604e+01
2.004748934509e+04 1.122785396002e+00 2.239442384538e+01
2.051445535965e+04 1.175432885058e+00 2.291344492101e+01
2.099229840999e+04 1.230549079183e+00 2.344436937719e+01
2.148127185481e+04 1.288249124637e+00 2.398746124261e+01
2.198163495430e+04 1.348653479384e+00 2.454298975872e+01
2.249365300761e+04 1.411888152327e+00 2.511122943544e+01
2.301759749349e+04 1.478084952957e+00 2.569246010336e+01
2.355374621422e+04 1.547381751586e+00 2.628696696229e+01
2.410238344297e+04 1.619922750565e+00 2.689504062586e+01
2.466380007446e+04 1.695858766812e+00 2.751697716150e+01
2.523829377921e+04 1.775347526374e+00 2.815307812531e+01
2.582616916139e+04 1.858553971144e+00 2.880365059174e+01
2.642773792030e+04 1.945650578124e+00 2.946900717671e+01
2.704331901568e+04 2.036817691948e+00 3.014946605458e+01
2.767323883676e+04 2.132243870974e+00 3.084535096723e+01
2.831783137537e+04 2.232126246995e+00 3.155699122584e+01
2.897743840300e+04 2.336670899936e+00 3.228472170325e+01
2.965240965204e+04 2.446093246775e+00 3.302888281741e+01
3.034310300117e+04 2.560618446260e+00 3.378982050416e+01
3.104988466515e+04 2.680481819071e+00 3.456788617892e+01
3.177312938897e+04 2.805929284217e+00 3.536343668617e+01
3.251322064656e+04 2.937217812132e+00 3.617683423591e+01
3.327055084411e+04 3.074615894497e+00 3.700844632558e+01
3.404552152809e+04 3.218404031755e+00 3.785864564709e+01
3.483854359824e+04 3.368875238429e+00 3.872780997651e+01
3.565003752535e+04 3.526335566157e+00 3.961632204672e+01
3.648043357424e+04 3.691104645751e+00 4.052456939998e+01
3.733017203188e+04 3.863516247910e+00 4.145294422039e+01
3.819970344086e+04 4.043918862733e+00 4.240184314360e+01
3.908948883823e+04 4.232676298915e+00 4.337166704275e+01
4.000000000000e+04 4.430168302316e+00 4.436282078901e+01
4.093171969123e+04 4.636791193948e+00 4.537571298414e+01
4.188514192204e+04 4.852958528063e+00 4.641075566371e+01
4.286077220950e+04 5.079101769705e+00 4.746836396916e+01
4.385912784573e+04 5.315670991966e+00 4.854895578576e+01
4.488073817208e+04 5.563135592557e+00 4.965295134477e+01
4.592614485988e+04 5.821985030024e+00 5.078077278713e+01
4.699590219758e+04 6.092729578253e+00 5.193284368662e+01
4.809057738470e+04 6.375901099683e+00 5.310958852914e+01
4.921075083250e+04 6.672053836174e+00 5.431143214559e+01
5.035701647177e+04 6.981765216691e+00 5.553879909608e+01
5.152998206773e+04 7.305636680751e+00 5.679211300149e+01
5.273026954226e+04 7.644294517551e+00 5.807179581952e+01
5.395851530367e+04 7.998390717327e+00 5.937826706277e+01
5.521537058412e+04 8.368603835815e+00 6.071194295365e+01
5.650150178491e+04 8.755639867968e+00 6.207323551495e+01
5.781759082984e+04 9.160233130418e+00 6.346255158999e+01
5.916433552673e+04 9.583147148918e+00 6.488029179068e+01
6.054244993745e+04 1.002517554939e+01 6.632684936786e+01
6.195266475650e+04 1.048714294895e+01 6.780260900163e+01
6.339572769844e+04 1.096990584325e+01 6.930794550549e+01
6.487240389436e+04 1.147435348699e+01 7.084322244349e+01
6.638347629750e+04 1.200140876304e+01 7.240879065233e+01
6.792974609847e+04 1.255202903558e+01 7.400498666665e+01
6.951203314997e+04 1.312720698235e+01 7.563213104347e+01
7.113117640156e+04 1.372797140007e+01 7.729052657972e+01
7.278803434440e+04 1.435538797652e+01 7.898045642141e+01
7.448348546651e+04 1.501056002448e+01 8.070218205731e+01
7.621842871853e+04 1.569462916630e+01 8.245594119579e+01
7.799378399032e+04 1.640877596576e+01 8.424194552045e+01
7.981049259876e+04 1.715422049386e+01 8.606037832015e+01
8.166951778678e+04 1.793222282358e+01 8.791139199127e+01
8.357184523416e+04 1.874408343935e+01 8.979510540914e+01
8.551848358009e+04 1.959114355419e+01 9.171160116507e+01
8.751046495798e+04 2.047478531835e+01 9.366092267019e+01
8.954884554273e+04 2.139643191182e+01 9.564307112138e+01
9.163470611071e+04 2.235754750392e+01 9.765800232845e+01
9.376915261280e+04 2.335963706663e+01 9.970562340848e+01
9.595331676078e+04 2.440424602851e+01 1.017857893403e+02
9.818835662740e+04 2.549295974946e+01 1.038982993873e+02
1.004754572604e+05 2.662740280520e+01 1.060428933878e+02
1.028158313108e+05 2.780923805883e+01 1.082192479230e+02
1.052107196758e+05 2.904016550539e+01 1.104269723587e+02
1.076613921571e+05 3.032192086894e+01 1.126656047810e+02
1.101691481335e+05 3.165627393249e+01 1.149346078234e+02
1.127353172506e+05 3.304502658341e+01 1.172333644032e+02
1.153612601251e+05 3.449001055093e+01 1.195611733793e+02
1.180483690667e+05 3.599308481906e+01 1.219172451443e+02
1.207980688161e+05 3.755613269212e+01 1.243006971701e+02
1.236118173005e+05 3.918105849210e+01 1.267105495290e+02
1.264911064067e+05 4.086978387294e+01 1.291457204065e+02
1.294374627719e+05 4.262424372355e+01 1.316050216412e+02
1.324524485930e+05 4.444638165351e+01 1.340871543100e+02
1.355376624557e+05 4.633814503045e+01 1.365907043984e+02
1.386947401810e+05 4.830147956536e+01 1.391141385819e+02
1.419253556934e+05 5.033832342577e+01 1.416558001656e+02
1.452312219080e+05 5.245060086531e+01 1.442139052160e+02
1.486140916389e+05 5.464021536566e+01 1.467865389287e+02
1.520757585282e+05 5.690904227926e+01 1.493716522830e+02
1.556180579977e+05 5.925892097391e+01 1.519670590322e+02
1.592428682214e+05 6.169164648630e+01 1.545704330784e+02
1.629521111216e+05 6.420881514456e+01 1.571792439424e+02
1.667477533881e+05 6.681212932556e+01 1.597909016781e+02
1.706318075206e+05 6.950328127407e+01 1.624026917538e+02
1.746063328961e+05 7.228379255193e+01 1.650117142877e+02
1.786734368604e+05 7.515509155445e+01 1.676149245854e+02
1.828352758459e+05 7.811850255513e+01 1.702091340815e+02
1.870940565149e+05 8.117523442862e+01 1.727910120870e+02
1.914520369291e+05 8.432636911901e+01 1.753570884026e+02
1.959115277474e+05 8.757284989629e+01 1.779037568438e+02
2.004748934509e+05 9.091546948883e+01 1.804272797342e+02
2.051445535965e+05 9.435485815402e+01 1.829237934206e+02
2.099229840999e+05 9.789147178982e+01 1.853893148496e+02
2.148127185481e+05 1.015255801620e+02 1.878197492364e+02
2.198163495430e+05 1.052572553646e+02 1.902108988638e+02
2.249365300761e+05 1.090863606132e+02 1.925584730192e+02
2.301759749349e+05 1.130125394826e+02 1.948580990852e+02
2.355374621422e+05 1.170352057205e+02 1.971053347832e+02
2.410238344297e+05 1.211535337439e+02 1.992956815441e+02
2.466380007446e+05 1.253664499580e+02 2.014245989794e+02
2.523829377921e+05 1.296726250139e+02 2.034875204223e+02
2.582616916139e+05 1.340704671415e+02 2.054798694611e+02
2.642773792030e+05 1.385581166701e+02 2.073970773998e+02
2.704331901568e+05 1.431334418655e+02 2.092346015595e+02
2.767323883676e+05 1.477940361918e+02 2.109879443015e+02
2.831783137537e+05 1.525372171026e+02 2.126526726741e+02
2.897743840300e+05 1.573600264541e+02 2.142244385149e+02
2.965240965204e+05 1.622592326215e+02 2.156989988947e+02
3.034310300117e+05 1.672313343875e+02 2.170722367109e+02
3.104988466515e+05 1.722725666398e+02 2.183401812828e+02
3.177312938897e+05 1.773789079223e+02 2.194990287442e+02
3.251322064656e+05 1.825460898356e+02 2.205451620663e+02
3.327055084411e+05 1.877696082827e+02 2.214751705011e+02
3.404552152809e+05 1.930447365232e+02 2.222858682690e+02
3.483854359824e+05 1.983665399777e+02 2.229743122809e+02
3.565003752535e+05 2.037298927078e+02 2.235378187260e+02
3.648043357424e+05 2.091294954528e+02 2.239739783272e+02
3.733017203188e+05 2.145598951213e+02 2.242806701090e+02
3.819970344086e+05 2.200155055758e+02 2.244560735117e+02
3.908948883823e+05 2.254906295526e+02 2.244986787303e+02
4.000000000000e+05 2.309794815316e+02 2.244072951237e+02
4.093171969123e+05 2.364762113704e+02 2.241810576362e+02
4.188514192204e+05 2.419749284887e+02 2.238194311211e+02
4.286077220950e+05 2.474697263805e+02 2.233222125329e+02
4.385912784573e+05 2.529547072606e+02 2.226895309522e+02
4.488073817208e+05 2.584240065862e+02 2.219218454458e+02
4.592614485988e+05 2.638718172650e+02 2.210199407896e+02
4.699590219758e+05 2.692924133169e+02 2.199849210946e+02
4.809057738470e+05 2.746801727822e+02 2.188182014207e+02
4.921075083250e+05 2.800295996911e+02 2.175214974759e+02
5.035701647177e+05 2.853353449005e+02 2.160968135065e+02
5.152998206773e+05 2.905922256338e+02 2.145464285385e+02
5.273026954226e+05 2.957952435906e+02 2.128728811012e+02
5.395851530367e+05 3.009396014695e+02 2.110789526205e+02
5.521537058412e+05 3.060207178393e+02 2.091676496471e+02
5.650150178491e+05 3.110342402365e+02 2.071421851172e+02
5.781759082984e+05 3.159760564658e+02 2.050059588330e+02
5.916433552673e+05 3.208423040241e+02 2.027625373494e+02
6.054244993745e+05 3.256293776840e+02 2.004156334787e+02
6.195266475650e+05 3.303339352010e+02 1.979690855783e+02
6.339572769844e+05 3.349529011879e+02 1.954268368245e+02
6.487240389436e+05 3.394834692252e+02 1.927929146290e+02
6.638347629750e+05 3.439231022147e+02 1.900714103779e+02
6.792974609847e+05 3.482695311159e+02 1.872664596338e+02
6.951203314997e+05 3.525207521241e+02 1.843822229296e+02
7.113117640156e+05 3.566750223963e+02 1.814228673069e+02
7.278803434440e+05 3.607308544359e+02 1.783925486713e+02
7.448348546651e+05 3.646870092756e+02 1.752953950803e+02
7.621842871853e+05 3.685424885388e+02 1.721354910326e+02
7.799378399032e+05 3.722965255576e+02 1.689168628149e+02
7.981049259876e+05 3.759485756315e+02 1.656434649633e+02
8.166951778678e+05 3.794983055663e+02 1.623191678595e+02
8.357184523416e+05 3.829455826335e+02 1.589477464837e+02
8.551848358009e+05 3.862904630393e+02 1.555328703340e+02
8.751046495798e+05 3.895331800374e+02 1.520780944962e+02
8.954884554273e+05 3.926741317924e+02 1.485868518577e+02
9.163470611071e+05 3.957138690934e+02 1.450624464265e+02
9.376915261280e+05 3.986530829876e+02 1.415080477388e+02
9.595331676078e+05 4.014925924837e+02 1.379266862921e+02
9.818835662740e+05 4.042333323258e+02 1.343212499759e+02
1.004754572604e+06 4.068763409561e+02 1.306944814432e+02
1.028158313108e+06 4.094227487355e+02 1.270489763548e+02
1.052107196758e+06 4.118737664161e+02 1.233871824664e+02
1.076613921571e+06 4.142306740003e+02 1.197113994687e+02
1.101691481335e+06 4.164948099354e+02 1.160237795515e+02
1.127353172506e+06 4.186675607497e+02 1.123263285975e+02
1.153612601251e+06 4.207503511026e+02 1.086209079898e+02
1.180483690667e+06 4.227446342901e+02 1.049092369344e+02
1.207980688161e+06 4.246518832248e+02 1.011928952700e+02
1.236118173005e+06 4.264735818797e+02 9.747332669892e+01
1.264911064067e+06 4.282112172084e+02 9.375184239712e+01
1.294374627719e+06 4.298662715477e+02 9.002962494312e+01
1.324524485930e+06 4.314402154825e+02 8.630773253302e+01
1.355376624557e+06 4.329345011753e+02 8.258710343593e+01
1.386947401810e+06 4.343505561497e+02 7.886856064852e+01
1.419253556934e+06 4.356897775129e+02 7.515281671193e+01
1.452312219080e+06 4.369535265954e+02 7.144047867381e+01
1.486140916389e+06 4.381431240103e+02 6.773205314268e+01
1.520757585282e+06 4.392598450980e+02 6.402795142918e+01
1.556180579977e+06 4.403049157423e+02 6.032849474440e+01
1.592428682214e+06 4.412795085445e+02 5.663391943208e+01
1.629521111216e+06 4.421872667767e+02 5.294558946160e+01
1.667477533881e+06 4.430284524275e+02 4.926301769726e+01
1.706318075206e+06 4.438024297825e+02 4.558539375162e+01
1.746063328961e+06 4.445101168818e+02 4.191266394782e+01
1.786734368604e+06 4.451523641050e+02 3.824471636261e+01
1.828352758459e+06 4.457299521146e+02 3.458138598657e+01
1.870940565149e+06 4.462435900186e+02 3.092245986443e+01
1.914520369291e+06 4.466939137638e+02 2.726768219384e+01
1.959115277474e+06 4.470814847256e+02 2.361675939452e+01
2.004748934509e+06 4.474067884991e+02 1.996936515002e+01
2.051445535965e+06 4.476702338690e+02 1.632514540750e+01
2.099229840999e+06 4.478721519540e+02 1.268372336872e+01
2.148127185481e+06 4.480127955237e+02 9.044704437582e+00
2.198163495430e+06 4.480923384696e+02 5.407681169136e+00
2.249365300761e+06 4.481108754397e+02 1.772238188916e+00
2.301759749349e+06 4.480684216170e+02 -1.862042883128e+00
2.355374621422e+06 4.479649126586e+02 -5.495578520494e+00
2.410238344297e+06 4.478002047774e+02 -9.128778365626e+00
2.466380007446e+06 4.475740749810e+02 -1.276204030094e+01
2.523829377921e+06 4.472862214604e+02 -1.639574550371e+01
2.582616916139e+06 4.469362641435e+02 -2.003025347846e+01
2.642773792030e+06 4.465237454038e+02 -2.366589706200e+01
2.704331901568e+06 4.460481309490e+02 -2.730297740628e+01
2.767323883676e+06 4.455088108805e+02 -3.094175891349e+01
2.831783137537e+06 4.449051009506e+02 -3.458246415024e+01
2.897743840300e+06 4.442362440088e+02 -3.822526871191e+01
2.965240965204e+06 4.435014116724e+02 -4.187029605260e+01
3.034310300117e+06 4.426997062134e+02 -4.551761227557e+01
3.104988466515e+06 4.418301626896e+02 -4.916722088964e+01
3.177312938897e+06 4.408917513329e+02 -5.281905753529e+01
3.251322064656e+06 4.398833802081e+02 -5.647298467740e+01
3.327055084411e+06 4.388038981626e+02 -6.012878629135e+01
3.404552152809e+06 4.376520980831e+02 -6.378616253074e+01
3.483854359824e+06 4.364267204797e+02 -6.744472440440e+01
3.565003752535e+06 4.351264574147e+02 -7.110398847799e+01
3.648043357424e+06 4.337499567930e+02 -7.476337159762e+01
3.733017203188e+06 4.322958270410e+02 -7.842218569333e+01
3.819970344086e+06 4.307626421749e+02 -8.207963264003e+01
3.908948883823e+06 4.291489472966e+02 -8.573479924273e+01
4.000000000000e+06 4.274532645173e+02 -8.938665235143e+01
4.093171969123e+06 4.256740993292e+02 -9.303403414902e+01
4.188514192204e+06 4.238099474411e+02 -9.667565764222e+01
4.286077220950e+06 4.218593020774e+02 -1.003101024035e+02
4.385912784573e+06 4.198206617648e+02 -1.039358105917e+02
4.488073817208e+06 4.176925385942e+02 -1.075510833169e+02
4.592614485988e+06 4.154734669656e+02 -1.111540773893e+02
4.699590219758e+06 4.131620128166e+02 -1.147428024841e+02
4.809057738470e+06 4.107567833163e+02 -1.183151188218e+02
4.921075083250e+06 4.082564370174e+02 -1.218687353717e+02
5.035701647177e+06 4.056596944438e+02 -1.254012086720e+02
5.152998206773e+06 4.029653490887e+02 -1.289099423005e+02
5.273026954226e+06 4.001722787894e+02 -1.323921870828e+02
5.395851530367e+06 3.972794574403e+02 -1.358450420631e+02
5.521537058412e+06 3.942859669889e+02 -1.392654563322e+02
5.650150178491e+06 3.911910096710e+02 -1.426502317434e+02
5.781759082984e+06 3.879939204115e+02 -1.459960265844e+02
5.916433552673e+06 3.846941793209e+02 -1.492993602501e+02
6.054244993745e+06 3.812914242065e+02 -1.525566189677e+02
6.195266475650e+06 3.777854630127e+02 -1.557640626027e+02
6.339572769844e+06 3.741762860895e+02 -1.589178325956e+02
6.487240389436e+06 3.704640781867e+02 -1.620139610350e+02
6.638347629750e+06 3.666492300643e+02 -1.650483808952e+02
6.792974609847e+06 3.627323496017e+02 -1.680169374346e+02
6.951203314997e+06 3.587142722820e+02 -1.709154007505e+02
7.113117640156e+06 3.545960709330e+02 -1.737394794642e+02
7.278803434440e+06 3.503790645852e+02 -1.764848355059e+02
7.448348546651e+06 3.460648263366e+02 -1.791470999438e+02
7.621842871853e+06 3.416551900774e+02 -1.817218897963e+02
7.799378399032e+06 3.371522559700e+02 -1.842048257385e+02
7.981049259876e+06 3.325583945505e+02 -1.865915506128e+02
8.166951778678e+06 3.278762493493e+02 -1.888777486268e+02
8.357184523416e+06 3.231087379263e+02 -1.910591651026e+02
8.551848358009e+06 3.182590512304e+02 -1.931316266417e+02
8.751046495798e+06 3.133306512075e+02 -1.950910615456e+02
8.954884554273e+06 3.083272665967e+02 -1.969335203160e+02
9.163470611071e+06 3.032528868703e+02 -1.986551960604e+02
9.376915261280e+06 2.981117542992e+02 -2.002524446100e+02
9.595331676078e+06 2.929083541351e+02 -2.017218041513e+02
9.818835662740e+06 2.876474029373e+02 -2.030600141778e+02
1.004754572604e+07 2.823338350789e+02 -2.042640335565e+02
1.028158313108e+07 2.769727875076e+02 -2.053310575093e+02
1.052107196758e+07 2.715695828422e+02 -2.062585333211e+02
1.076613921571e+07 2.661297109271e+02 -2.070441745819e+02
1.101691481335e+07 2.606588089709e+02 -2.076859737913e+02
1.127353172506e+07 2.551626404275e+02 -2.081822131679e+02
1.153612601251e+07 2.496470727970e+02 -2.085314735092e+02
1.180483690667e+07 2.441180545337e+02 -2.087326409873e+02
1.207980688161e+07 2.385815912651e+02 -2.087849117669e+02
1.236118173005e+07 2.330437215414e+02 -2.086877943677e+02
1.264911064067e+07 2.275104923363e+02 -2.084411097114e+02
1.294374627719e+07 2.219879345291e+02 -2.080449888191e+02
1.324524485930e+07 2.164820386011e+02 -2.074998681454e+02
1.355376624557e+07 2.109987307676e+02 -2.068064825714e+02
1.386947401810e+07 2.055438497765e+02 -2.059658560847e+02
1.419253556934e+07 2.001231245825e+02 -2.049792902112e+02
1.452312219080e+07 1.947421531053e+02 -2.038483502761e+02
1.486140916389e+07 1.894063822551e+02 -2.025748495873e+02
1.520757585282e+07 1.841210894064e+02 -2.011608316549e+02
1.556180579977e+07 1.788913654699e+02 -1.996085505644e+02
1.592428682214e+07 1.737220997052e+02 -1.979204496357e+02
1.629521111216e+07 1.686175371839e+02 -1.960999015207e+02
1.667477533881e+07 1.635822623261e+02 -1.941492653889e+02
1.706318075206e+07 1.586207723236e+02 -1.920708856397e+02
1.746063328961e+07 1.537370467764e+02 -1.898677236609e+02
1.786734368604e+07 1.489348166406e+02 -1.875428026644e+02
1.828352758459e+07 1.442175612281e+02 -1.850991785592e+02
1.870940565149e+07 1.395885073833e+02 -1.825399098515e+02
1.914520369291e+07 1.350506308423e+02 -1.798680266006e+02
1.959115277474e+07 1.306066597687e+02 -1.770864984234e+02
2.004748934509e+07 1.262590804657e+02 -1.741982014942e+02
2.051445535965e+07 1.220101452636e+02 -1.712058844441e+02
2.099229840999e+07 1.178618825906e+02 -1.681121329997e+02
2.148127185481e+07 1.138161092553e+02 -1.649193331385e+02
2.198163495430e+07 1.098744449902e+02 -1.616296324600e+02
2.249365300761e+07 1.060383293434e+02 -1.582448993778e+02
2.301759749349e+07 1.023090410485e+02 -1.547666796346e+02
2.355374621422e+07 9.868772006746e+01 -1.511961495100e+02
2.410238344297e+07 9.517539257648e+01 -1.475340649411e+02
2.466380007446e+07 9.177299926741e+01 -1.437807055880e+02
2.523829377921e+07 8.848142746988e+01 -1.399358126508e+02
2.582616916139e+07 8.530154776342e+01 -1.359985189649e+02
2.642773792030e+07 8.223425597012e+01 -1.319672695557e+02
2.704331901568e+07 7.928052169978e+01 -1.278397303950e+02
2.767323883676e+07 7.644144499143e+01 -1.236126825555e+02
2.831783137537e+07 7.371832308707e+01 -1.192818982547e+02
2.897743840300e+07 7.111273002677e+01 -1.148419943798e+02
2.965240965204e+07 6.862661263818e+01 -1.102862579183e+02
3.034310300117e+07 6.626240768915e+01 -1.056064361933e+02
3.104988466515e+07 6.402318662123e+01 -1.007924828022e+02
3.177312938897e+07 6.191283656400e+01 -9.583224749239e+01
3.251322064656e+07 5.993628954511e+01 -9.071109465373e+01
3.327055084411e+07 5.809981637317e+01 -8.541143030469e+01
3.404552152809e+07 5.641140825109e+01 -7.991211091033e+01
3.483854359824e+07 5.488127878276e+01 -7.418769839007e+01
3.565003752535e+07 5.352253327862e+01 -6.820751321746e+01
3.648043357424e+07 5.235207371289e+01 -6.193442008404e+01
3.733017203188e+07 5.139184054518e+01 -5.532325598856e+01
3.819970344086e+07 5.067054389903e+01 -4.831877556832e+01
3.908948883823e+07 5.022611823441e+01 -4.085293825144e+01
4.000000000000e+07 5.010926749264e+01 -3.284128946824e+01
4.093171969123e+07 5.038868901039e+01 -2.417808407597e+01
4.188514192204e+07 5.115894282746e+01 -1.472965191484e+01
4.286077220950e+07 5.255259813987e+01 -4.325300609294e+00
4.385912784573e+07 5.475949416305e+01 7.255210805291e+00
4.488073817208e+07 5.805821070759e+01 2.029885668725e+01
4.592614485988e+07 6.286922408229e+01 3.518242734568e+01
4.699590219758e+07 6.984803359875e+01 5.240158455360e+01
4.809057738470e+07 8.005488139118e+01 7.260047017040e+01
4.921075083250e+07 9.527683257815e+01 9.657578530735e+01
5.035701647177e+07 1.186610942166e+02 1.251551706942e+02
5.152998206773e+07 1.559755976966e+02 1.585827710565e+02
5.273026954226e+07 2.179285471303e+02 1.940801258637e+02
5.395851530367e+07 3.224510027588e+02 2.171097561877e+02
5.521537058412e+07 4.821803692090e+02 1.777549632638e+02
5.650150178491e+07 6.247993747937e+02 -8.514786594025e+00
5.781759082984e+07 5.760362917010e+02 -2.645460685552e+02
5.916433552673e+07 4.006296064265e+02 -3.812508845531e+02
6.054244993745e+07 2.588646764421e+02 -3.815492512200e+02
6.195266475650e+07 1.725590317808e+02 -3.469705856279e+02
6.339572769844e+07 1.214095483187e+02 -3.094698085346e+02
6.487240389436e+07 8.987804743048e+01 -2.766716299451e+02
6.638347629750e+07 6.942801799019e+01 -2.493134306162e+02
6.792974609847e+07 5.551826378634e+01 -2.265932585750e+02
6.951203314997e+07 4.565795234326e+01 -2.075533047699e+02
7.113117640156e+07 3.841904581789e+01 -1.913869424893e+02
7.278803434440e+07 3.294571743706e+01 -1.774700330211e+02
7.448348546651e+07 2.870384293169e+01 -1.653304917122e+02
7.621842871853e+07 2.534786554234e+01 -1.546116748657e+02
7.799378399032e+07 2.264705879206e+01 -1.450421642288e+02
7.981049259876e+07 2.044306533884e+01 -1.364131569831e+02
8.166951778678e+07 1.862456203338e+01 -1.285620729930e+02
8.357184523416e+07 1.711165327120e+01 -1.213607569148e+02
8.551848358009e+07 1.584597966127e+01 -1.147069610162e+02
8.751046495798e+07 1.478428937982e+01 -1.085181476926e+02
8.954884554273e+07 1.389416757186e+01 -1.027269341726e+02
9.163470611071e+07 1.315114660911e+01 -9.727770737726e+01
9.376915261280e+07 1.253672253198e+01 -9.212408030288e+01
9.595331676078e+07 1.203698155913e+01 -8.722696019685e+01
9.818835662740e+07 1.164164892276e+01 -8.255306706784e+01
1.004754572604e+08 1.134344000170e+01 -7.807378869917e+01
1.028158313108e+08 1.113763746670e+01 -7.376429228552e+01
1.052107196758e+08 1.102184764047e+01 -6.960283802316e+01
1.076613921571e+08 1.099598327399e+01 -6.557029684585e+01