1.000000000000e+04 8.211234044479e-01 1.168292671876e+01
1.100000000000e+05 2.159296063663e+01 1.323752207875e+02
2.100000000000e+05 8.540469235711e+01 2.349769741626e+02
3.100000000000e+05 1.692557903569e+02 3.016184949457e+02
4.100000000000e+05 2.535522516569e+02 3.357465806272e+02
5.100000000000e+05 3.279695880313e+02 3.471030046149e+02
6.100000000000e+05 3.910383052686e+02 3.492395700604e+02
7.100000000000e+05 4.482096188207e+02 3.432134112993e+02
8.100000000000e+05 4.992687132110e+02 3.322620133662e+02
9.100000000000e+05 5.446747541733e+02 3.168390569218e+02
1.010000000000e+06 5.848745974294e+02 2.984844815619e+02
1.110000000000e+06 6.222905630558e+02 2.755709889276e+02
1.210000000000e+06 6.546417880735e+02 2.486828143738e+02
1.310000000000e+06 6.807251671828e+02 2.202684621563e+02
1.410000000000e+06 7.032053357207e+02 1.881027014967e+02
1.510000000000e+06 7.184978913142e+02 1.545319636377e+02
1.610000000000e+06 7.219625708209e+02 1.162538613610e+02
1.710000000000e+06 7.546425221031e+02 1.139824590199e+02
1.810000000000e+06 7.474983438848e+02 7.070821969431e+01
1.910000000000e+06 7.452181170767e+02 4.183816253231e+01
2.010000000000e+06 7.417188441115e+02 1.602729040179e+01
2.110000000000e+06 7.364631937445e+02 -7.420795674946e+00
2.210000000000e+06 7.297859503738e+02 -2.856812249857e+01
2.310000000000e+06 7.222482552589e+02 -4.748897995870e+01
2.410000000000e+06 7.138620164840e+02 -6.474829429698e+01
2.510000000000e+06 7.047980117463e+02 -8.016351408767e+01
2.610000000000e+06 6.951910154424e+02 -9.373105446966e+01
2.710000000000e+06 6.854979528272e+02 -1.056132627818e+02
2.810000000000e+06 6.757685251958e+02 -1.160918423774e+02
2.910000000000e+06 6.663180268117e+02 -1.251898101517e+02
3.010000000000e+06 6.570386479142e+02 -1.331372795647e+02
3.110000000000e+06 6.483317456157e+02 -1.400697326850e+02
3.210000000000e+06 6.402384530167e+02 -1.463086254571e+02
3.310000000000e+06 6.327832650551e+02 -1.523058051160e+02
3.410000000000e+06 6.255830927570e+02 -1.583812868873e+02
3.510000000000e+06 6.182902823283e+02 -1.646757963449e+02
3.610000000000e+06 6.097785250128e+02 -1.711666492350e+02
3.710000000000e+06 5.998832223463e+02 -1.757715320922e+02
3.810000000000e+06 5.911888961624e+02 -1.781041095849e+02
3.910000000000e+06 5.837673433630e+02 -1.801434215687e+02
4.010000000000e+06 5.770061149467e+02 -1.821567257243e+02
4.110000000000e+06 5.706569784661e+02 -1.841295134289e+02
4.210000000000e+06 5.645555826074e+02 -1.860916895742e+02
4.310000000000e+06 5.585662479693e+02 -1.879262194899e+02
4.410000000000e+06 5.527246479719e+02 -1.895863286016e+02
4.510000000000e+06 5.470508457815e+02 -1.909931527146e+02
4.610000000000e+06 5.416422298010e+02 -1.921780923979e+02
4.710000000000e+06 5.365509853225e+02 -1.932803918851e+02
4.810000000000e+06 5.316396070358e+02 -1.944030278491e+02
4.910000000000e+06 5.268206838323e+02 -1.955110964995e+02
5.010000000000e+06 5.220083899955e+02 -1.964970211462e+02
5.110000000000e+06 5.172796040041e+02 -1.973243828117e+02
5.210000000000e+06 5.127453120302e+02 -1.979790477009e+02
5.310000000000e+06 5.084000776606e+02 -1.985317684985e+02
5.410000000000e+06 5.042696677493e+02 -1.990720494272e+02
5.510000000000e+06 5.002370240601e+02 -1.996690120126e+02
5.610000000000e+06 4.961657891546e+02 -2.002305136861e+02
5.710000000000e+06 4.921598176994e+02 -2.006397446191e+02
5.810000000000e+06 4.882953983570e+02 -2.009342603962e+02
5.910000000000e+06 4.845702465963e+02 -2.011987547106e+02
6.010000000000e+06 4.809432680082e+02 -2.014524682686e+02
6.110000000000e+06 4.773520881454e+02 -2.016659649099e+02
6.210000000000e+06 4.738108302349e+02 -2.017653165184e+02
6.310000000000e+06 4.704102797700e+02 -2.018193962364e+02
6.410000000000e+06 4.670810613020e+02 -2.017914340477e+02
6.510000000000e+06 4.639500806591e+02 -2.016852194028e+02
6.610000000000e+06 4.609938853640e+02 -2.016333226269e+02
6.710000000000e+06 4.580803020811e+02 -2.017518154095e+02
6.810000000000e+06 4.550299226613e+02 -2.018320231376e+02
6.910000000000e+06 4.520650324671e+02 -2.017928075481e+02
7.010000000000e+06 4.491837970393e+02 -2.016946348663e+02
7.110000000000e+06 4.463875937064e+02 -2.015835861793e+02
7.210000000000e+06 4.436797366370e+02 -2.015093232379e+02
7.310000000000e+06 4.409461000324e+02 -2.013963102700e+02
7.410000000000e+06 4.382598002639e+02 -2.012390497618e+02
7.510000000000e+06 4.356257863380e+02 -2.010323200703e+02
7.610000000000e+06 4.330551637371e+02 -2.007556525453e+02
7.710000000000e+06 4.306704168906e+02 -2.004641514438e+02
7.810000000000e+06 4.283446623058e+02 -2.002389981787e+02
7.910000000000e+06 4.260477407299e+02 -2.001118803900e+02
8.010000000000e+06 4.236807859529e+02 -1.999455926676e+02
8.110000000000e+06 4.213617441522e+02 -1.997286242678e+02
8.210000000000e+06 4.190970915870e+02 -1.994600276328e+02
8.310000000000e+06 4.169458850203e+02 -1.992226975680e+02
8.410000000000e+06 4.147905253885e+02 -1.990080143485e+02
8.510000000000e+06 4.126204242792e+02 -1.988226357716e+02
8.610000000000e+06 4.104689166883e+02 -1.985477953853e+02
8.710000000000e+06 4.083540892299e+02 -1.982398175896e+02
8.810000000000e+06 4.063061669373e+02 -1.978876599892e+02
8.910000000000e+06 4.043552467119e+02 -1.975464752384e+02
9.010000000000e+06 4.024628573170e+02 -1.972097629655e+02
9.110000000000e+06 4.005622213276e+02 -1.969446703570e+02
9.210000000000e+06 3.986780311515e+02 -1.966627918557e+02
9.310000000000e+06 3.968133046680e+02 -1.963485038698e+02
9.410000000000e+06 3.950158368271e+02 -1.960298231261e+02
9.510000000000e+06 3.932681126524e+02 -1.957073985464e+02
9.610000000000e+06 3.914922913054e+02 -1.954649862134e+02
9.710000000000e+06 3.897189595852e+02 -1.952280684685e+02
9.810000000000e+06 3.879202205489e+02 -1.949001763232e+02
9.910000000000e+06 3.861530386423e+02 -1.945542807176e+02
1.001000000000e+07 3.844548630193e+02 -1.941606100907e+02
1.011000000000e+07 3.828038479413e+02 -1.937765361600e+02
1.021000000000e+07 3.812163506789e+02 -1.934079399710e+02
1.031000000000e+07 3.796362598975e+02 -1.930535628788e+02
1.041000000000e+07 3.780635838864e+02 -1.927124894660e+02
1.051000000000e+07 3.765279698511e+02 -1.923550051145e+02
1.061000000000e+07 3.750209022289e+02 -1.919858576677e+02
1.071000000000e+07 3.735354789569e+02 -1.916873095889e+02
1.081000000000e+07 3.720659427785e+02 -1.914266991955e+02
1.091000000000e+07 3.705580053232e+02 -1.911202358214e+02
1.101000000000e+07 3.690345352437e+02 -1.907881890163e+02
1.111000000000e+07 3.675565597545e+02 -1.904158765470e+02
1.121000000000e+07 3.661099517215e+02 -1.900188493591e+02
1.131000000000e+07 3.647112353181e+02 -1.896340765062e+02
1.141000000000e+07 3.633526414380e+02 -1.892591097053e+02
1.151000000000e+07 3.620063451111e+02 -1.888836279556e+02
1.161000000000e+07 3.606732523429e+02 -1.885078577947e+02
1.171000000000e+07 3.593693090531e+02 -1.881380767357e+02
1.181000000000e+07 3.581217981785e+02 -1.877837776148e+02
1.191000000000e+07 3.568757322477e+02 -1.874376001198e+02
1.201000000000e+07 3.555901689682e+02 -1.871642672133e+02
1.211000000000e+07 3.543119897343e+02 -1.868887938357e+02
1.221000000000e+07 3.530171218225e+02 -1.865249936616e+02
1.231000000000e+07 3.517272039014e+02 -1.861494013029e+02
1.241000000000e+07 3.504935532084e+02 -1.857711894248e+02
1.251000000000e+07 3.492966898659e+02 -1.853912233169e+02
1.261000000000e+07 3.481152237931e+02 -1.850158460375e+02
1.271000000000e+07 3.469592876156e+02 -1.846515143676e+02
1.281000000000e+07 3.458098196665e+02 -1.842864125110e+02
1.291000000000e+07 3.447041592899e+02 -1.839163073038e+02
1.301000000000e+07 3.436060563301e+02 -1.835454516186e+02
1.311000000000e+07 3.425107620128e+02 -1.832220257656e+02
1.321000000000e+07 3.414187443369e+02 -1.829350845092e+02
1.331000000000e+07 3.403272718582e+02 -1.826391939378e+02
1.341000000000e+07 3.392043522862e+02 -1.822867265347e+02
1.351000000000e+07 3.380876464670e+02 -1.819334129968e+02
1.361000000000e+07 3.370171812309e+02 -1.815697444998e+02
1.371000000000e+07 3.359758971232e+02 -1.811999486431e+02
1.381000000000e+07 3.349421249535e+02 -1.808310535257e+02
1.391000000000e+07 3.339318938120e+02 -1.804738509767e+02
1.401000000000e+07 3.329268512399e+02 -1.801161468554e+02
1.411000000000e+07 3.319462300972e+02 -1.797673892120e+02
1.421000000000e+07 3.309882236356e+02 -1.794268111363e+02
1.431000000000e+07 3.300349105918e+02 -1.790857010261e+02
1.441000000000e+07 3.290612542130e+02 -1.787736163202e+02
1.451000000000e+07 3.280893021287e+02 -1.784643122506e+02
1.461000000000e+07 3.271248469056e+02 -1.781451730498e+02
1.471000000000e+07 3.261754083457e+02 -1.777917248797e+02
1.481000000000e+07 3.252306852917e+02 -1.774378572290e+02
1.491000000000e+07 3.243056188161e+02 -1.770892691973e+02
1.501000000000e+07 3.234012074057e+02 -1.767464240920e+02
1.511000000000e+07 3.225011129678e+02 -1.764031643213e+02
1.521000000000e+07 3.216190105526e+02 -1.760569123983e+02
1.531000000000e+07 3.207469156586e+02 -1.757092235426e+02
1.541000000000e+07 3.198788991353e+02 -1.753612279301e+02
1.551000000000e+07 3.190304719065e+02 -1.750507984139e+02
1.561000000000e+07 3.181881626021e+02 -1.747454332184e+02
1.571000000000e+07 3.173496044604e+02 -1.744394644531e+02
1.581000000000e+07 3.164994574078e+02 -1.741130055377e+02
1.591000000000e+07 3.156528980406e+02 -1.737856844122e+02
1.601000000000e+07 3.148112434310e+02 -1.734577909259e+02
1.611000000000e+07 3.139981313666e+02 -1.731264496736e+02
1.621000000000e+07 3.131886506074e+02 -1.727947679807e+02
1.631000000000e+07 3.123836982411e+02 -1.724630253647e+02
1.641000000000e+07 3.115998327517e+02 -1.721361162169e+02
1.651000000000e+07 3.108193796275e+02 -1.718088860507e+02
1.661000000000e+07 3.100423125286e+02 -1.714813419590e+02
1.671000000000e+07 3.092828111640e+02 -1.711739353271e+02
1.681000000000e+07 3.085265127017e+02 -1.708660988124e+02
1.691000000000e+07 3.077733930046e+02 -1.705578399121e+02
1.701000000000e+07 3.070281235447e+02 -1.702484873153e+02
1.711000000000e+07 3.062865544034e+02 -1.699386585933e+02
1.721000000000e+07 3.055480810838e+02 -1.696284453709e+02
1.731000000000e+07 3.048188879357e+02 -1.693205134142e+02
1.741000000000e+07 3.040951184386e+02 -1.690132359065e+02
1.751000000000e+07 3.033743294487e+02 -1.687055837566e+02
1.761000000000e+07 3.026662502939e+02 -1.683962903119e+02
1.771000000000e+07 3.019707748928e+02 -1.680854068243e+02
1.781000000000e+07 3.012781023024e+02 -1.677742264855e+02
1.791000000000e+07 3.005902881571e+02 -1.674666199192e+02
1.801000000000e+07 2.999129969540e+02 -1.671732003780e+02
1.811000000000e+07 2.992383639687e+02 -1.668793866997e+02
1.821000000000e+07 2.985663696845e+02 -1.665851843182e+02
1.831000000000e+07 2.979037596642e+02 -1.662893636710e+02
1.841000000000e+07 2.972447380834e+02 -1.659930051457e+02
1.851000000000e+07 2.965882735955e+02 -1.656962997631e+02
1.861000000000e+07 2.959349624405e+02 -1.654007219541e+02
1.871000000000e+07 2.952849019504e+02 -1.651065179244e+02
1.881000000000e+07 2.946373549035e+02 -1.648119617275e+02
1.891000000000e+07 2.939923028545e+02 -1.645170578933e+02
1.901000000000e+07 2.933727243025e+02 -1.642288073499e+02
1.911000000000e+07 2.927556924932e+02 -1.639402883634e+02
1.921000000000e+07 2.921409576296e+02 -1.636514341111e+02
1.931000000000e+07 2.915290512645e+02 -1.633656395005e+02
1.941000000000e+07 2.909200825803e+02 -1.630836280085e+02
1.951000000000e+07 2.903133666311e+02 -1.628012459994e+02
1.961000000000e+07 2.897088871671e+02 -1.625184973546e+02
1.971000000000e+07 2.891143979476e+02 -1.622414689205e+02
1.981000000000e+07 2.885234421582e+02 -1.619651300166e+02
1.991000000000e+07 2.879346297758e+02 -1.616884088261e+02
2.001000000000e+07 2.873503375467e+02 -1.614109904914e+02
2.011000000000e+07 2.867798035483e+02 -1.611316665957e+02
2.021000000000e+07 2.862113099551e+02 -1.608520126146e+02
2.031000000000e+07 2.856448421520e+02 -1.605720314155e+02
2.041000000000e+07 2.850839409298e+02 -1.602950792313e+02
2.051000000000e+07 2.845297225549e+02 -1.600222287710e+02
2.061000000000e+07 2.839774494502e+02 -1.597490288623e+02
2.071000000000e+07 2.834271077774e+02 -1.594754822252e+02
2.081000000000e+07 2.828833921996e+02 -1.592092971627e+02
2.091000000000e+07 2.823444331142e+02 -1.589474459898e+02
2.101000000000e+07 2.818073237713e+02 -1.586851975544e+02
2.111000000000e+07 2.812720511657e+02 -1.584225546445e+02
2.121000000000e+07 2.807432927402e+02 -1.581600521951e+02
2.131000000000e+07 2.802179847588e+02 -1.578973575956e+02
2.141000000000e+07 2.796944653481e+02 -1.576342877674e+02
2.151000000000e+07 2.791727219294e+02 -1.573708450921e+02
2.161000000000e+07 2.786579704143e+02 -1.571084726839e+02
2.171000000000e+07 2.781463484591e+02 -1.568461201937e+02
2.181000000000e+07 2.776364527255e+02 -1.565834073002e+02
2.191000000000e+07 2.771282710904e+02 -1.563203360340e+02
2.201000000000e+07 2.766332083732e+02 -1.560652056496e+02
2.211000000000e+07 2.761433732390e+02 -1.558123141306e+02
2.221000000000e+07 2.756551398873e+02 -1.555590394916e+02
2.231000000000e+07 2.751684971861e+02 -1.553053835786e+02
2.241000000000e+07 2.746839493059e+02 -1.550553977915e+02
2.251000000000e+07 2.742012473740e+02 -1.548070971217e+02
2.261000000000e+07 2.737201175203e+02 -1.545583924703e+02
2.271000000000e+07 2.732405488992e+02 -1.543092856602e+02
2.281000000000e+07 2.727673890290e+02 -1.540621125670e+02
2.291000000000e+07 2.723010063058e+02 -1.538170676800e+02
2.301000000000e+07 2.718361181479e+02 -1.535716233707e+02
2.311000000000e+07 2.713727143014e+02 -1.533257811647e+02
2.321000000000e+07 2.709120305260e+02 -1.530806729387e+02
2.331000000000e+07 2.704572223808e+02 -1.528391706492e+02
2.341000000000e+07 2.700038585632e+02 -1.525972636618e+02
2.351000000000e+07 2.695519292360e+02 -1.523549533277e+02
2.361000000000e+07 2.691014245769e+02 -1.521122409840e+02
2.371000000000e+07 2.686582067183e+02 -1.518756074804e+02
2.381000000000e+07 2.682171775528e+02 -1.516394392583e+02
2.391000000000e+07 2.677775259037e+02 -1.514028527732e+02
2.401000000000e+07 2.673392424336e+02 -1.511658492438e+02
2.411000000000e+07 2.669061652277e+02 -1.509302273008e+02
2.421000000000e+07 2.664789396333e+02 -1.506963025012e+02
2.431000000000e+07 2.660530348073e+02 -1.504619664797e+02
2.441000000000e+07 2.656284418602e+02 -1.502272201866e+02
2.451000000000e+07 2.652051519116e+02 -1.499920645601e+02
2.461000000000e+07 2.647882752086e+02 -1.497629707705e+02
2.471000000000e+07 2.643728888705e+02 -1.495337227605e+02
2.481000000000e+07 2.639587709367e+02 -1.493040514490e+02
2.491000000000e+07 2.635459129217e+02 -1.490739576684e+02
2.501000000000e+07 2.631372981487e+02 -1.488454332595e+02
2.511000000000e+07 2.627347954650e+02 -1.486197343586e+02
2.521000000000e+07 2.623335098664e+02 -1.483936121615e+02
2.531000000000e+07 2.619334332981e+02 -1.481670672970e+02
2.541000000000e+07 2.615345577091e+02 -1.479401003824e+02
2.551000000000e+07 2.611391970872e+02 -1.477158981407e+02
2.561000000000e+07 2.607460222775e+02 -1.474926346519e+02
2.571000000000e+07 2.603540313303e+02 -1.472689439095e+02
2.581000000000e+07 2.599632164638e+02 -1.470448264027e+02
2.591000000000e+07 2.595735698985e+02 -1.468202826088e+02
2.601000000000e+07 2.591908399113e+02 -1.466047998222e+02
2.611000000000e+07 2.588095500738e+02 -1.463893647237e+02
2.621000000000e+07 2.584293896990e+02 -1.461734777975e+02
2.631000000000e+07 2.580503514550e+02 -1.459571394956e+02
2.641000000000e+07 2.576729072845e+02 -1.457404938884e+02
2.651000000000e+07 2.573008874153e+02 -1.455246974928e+02
2.661000000000e+07 2.569299739542e+02 -1.453084636790e+02
2.671000000000e+07 2.565601598090e+02 -1.450917926586e+02
2.681000000000e+07 2.561914378860e+02 -1.448746846308e+02
2.691000000000e+07 2.558251062818e+02 -1.446584804123e+02
2.701000000000e+07 2.554666924796e+02 -1.444488706733e+02
2.711000000000e+07 2.551093284076e+02 -1.442388120324e+02
2.721000000000e+07 2.547530074263e+02 -1.440283045816e+02
2.731000000000e+07 2.543977228917e+02 -1.438173484011e+02
2.741000000000e+07 2.540436841009e+02 -1.436066929052e+02
2.751000000000e+07 2.536921211517e+02 -1.434005975703e+02
2.761000000000e+07 2.533415881781e+02 -1.431940428938e+02
2.771000000000e+07 2.529920787635e+02 -1.429870288980e+02
2.781000000000e+07 2.526435864856e+02 -1.427795555924e+02
2.791000000000e+07 2.522961049169e+02 -1.425716229739e+02
2.801000000000e+07 2.519583881094e+02 -1.423698196914e+02
2.811000000000e+07 2.516216498063e+02 -1.421675568238e+02
2.821000000000e+07 2.512858840024e+02 -1.419648342194e+02
2.831000000000e+07 2.509510846854e+02 -1.417616517137e+02
2.841000000000e+07 2.506172458357e+02 -1.415580091299e+02
2.851000000000e+07 2.502856115098e+02 -1.413571150034e+02
2.861000000000e+07 2.499552932066e+02 -1.411566643835e+02
2.871000000000e+07 2.496259343600e+02 -1.409557518614e+02
2.881000000000e+07 2.492975291423e+02 -1.407543771666e+02
2.891000000000e+07 2.489700717181e+02 -1.405525400153e+02
2.901000000000e+07 2.486470313726e+02 -1.403537028047e+02
2.911000000000e+07 2.483289958949e+02 -1.401584647216e+02
2.921000000000e+07 2.480118763028e+02 -1.399627594923e+02
2.931000000000e+07 2.476956671485e+02 -1.397665867239e+02
2.941000000000e+07 2.473803629749e+02 -1.395699460100e+02
2.951000000000e+07 2.470659601852e+02 -1.393729896889e+02
2.961000000000e+07 2.467525002357e+02 -1.391784683696e+02
2.971000000000e+07 2.464399542508e+02 -1.389834804607e+02
2.981000000000e+07 2.461283169123e+02 -1.387880254712e+02
2.991000000000e+07 2.458175828926e+02 -1.385921028954e+02
3.001000000000e+07 2.455077468547e+02 -1.383957122135e+02
3.011000000000e+07 2.452023142009e+02 -1.382030611231e+02
3.021000000000e+07 2.449008739257e+02 -1.380136693917e+02
3.031000000000e+07 2.446003051765e+02 -1.378238036041e+02
3.041000000000e+07 2.443006029803e+02 -1.376334631623e+02
3.051000000000e+07 2.440017623535e+02 -1.374426474540e+02
3.061000000000e+07 2.437037783020e+02 -1.372513558523e+02
3.071000000000e+07 2.434097603819e+02 -1.370653580318e+02
3.081000000000e+07 2.431169400221e+02 -1.368795218882e+02
3.091000000000e+07 2.428249666925e+02 -1.366932054845e+02
3.101000000000e+07 2.425338356648e+02 -1.365064081348e+02
3.111000000000e+07 2.422435421991e+02 -1.363191291378e+02
3.121000000000e+07 2.419547535680e+02 -1.361318466613e+02
3.131000000000e+07 2.416698608865e+02 -1.359462710666e+02
3.141000000000e+07 2.413858026179e+02 -1.357602258035e+02
3.151000000000e+07 2.411025742371e+02 -1.355737100351e+02
3.161000000000e+07 2.408201712077e+02 -1.353867229087e+02
3.171000000000e+07 2.405385889824e+02 -1.351992635562e+02
3.181000000000e+07 2.402591097990e+02 -1.350143277777e+02
3.191000000000e+07 2.399829398365e+02 -1.348347294162e+02
3.201000000000e+07 2.397075767129e+02 -1.346546477186e+02
3.211000000000e+07 2.394330161852e+02 -1.344740818104e+02
3.221000000000e+07 2.391592539993e+02 -1.342930308008e+02
3.231000000000e+07 2.388862858887e+02 -1.341114937827e+02
3.241000000000e+07 2.386156052928e+02 -1.339310671280e+02
3.251000000000e+07 2.383479627627e+02 -1.337525564757e+02
3.261000000000e+07 2.380811102071e+02 -1.335735683016e+02
3.271000000000e+07 2.378150435922e+02 -1.333941016021e+02
3.281000000000e+07 2.375497588723e+02 -1.332141553566e+02
3.291000000000e+07 2.372852519901e+02 -1.330337285280e+02
3.301000000000e+07 2.370227329102e+02 -1.328557484167e+02
3.311000000000e+07 2.367633405080e+02 -1.326829667103e+02
3.321000000000e+07 2.365047144669e+02 -1.325096962761e+02
3.331000000000e+07 2.362468510212e+02 -1.323359360758e+02
3.341000000000e+07 2.359897463930e+02 -1.321616850533e+02
3.351000000000e+07 2.357333967926e+02 -1.319869421353e+02
3.361000000000e+07 2.354783924480e+02 -1.318121619331e+02
3.371000000000e+07 2.352270426539e+02 -1.316391230641e+02
3.381000000000e+07 2.349764483788e+02 -1.314656069531e+02
3.391000000000e+07 2.347266060411e+02 -1.312916124232e+02
3.401000000000e+07 2.344775120476e+02 -1.311171382797e+02
3.411000000000e+07 2.342291627932e+02 -1.309421833101e+02
3.421000000000e+07 2.339815546613e+02 -1.307667462840e+02
3.431000000000e+07 2.337366656627e+02 -1.305968869197e+02
3.441000000000e+07 2.334927635113e+02 -1.304272938855e+02
3.451000000000e+07 2.332496003795e+02 -1.302572169569e+02
3.461000000000e+07 2.330071728909e+02 -1.300866548967e+02
3.471000000000e+07 2.327654776574e+02 -1.299156064497e+02
3.481000000000e+07 2.325245112791e+02 -1.297440703418e+02
3.491000000000e+07 2.322860273272e+02 -1.295747758136e+02
3.501000000000e+07 2.320500983614e+02 -1.294078405961e+02
3.511000000000e+07 2.318148939547e+02 -1.292404240038e+02
3.521000000000e+07 2.315804109545e+02 -1.290725247230e+02
3.531000000000e+07 2.313466461965e+02 -1.289041414212e+02
3.541000000000e+07 2.311135965053e+02 -1.287352727467e+02
3.551000000000e+07 2.308812586935e+02 -1.285659173290e+02
3.561000000000e+07 2.306511056495e+02 -1.284023411464e+02
3.571000000000e+07 2.304217301901e+02 -1.282385407526e+02
3.581000000000e+07 2.301930680719e+02 -1.280742537483e+02
3.591000000000e+07 2.299651163314e+02 -1.279094787703e+02
3.601000000000e+07 2.297378719940e+02 -1.277442144359e+02
3.611000000000e+07 2.295113320737e+02 -1.275784593424e+02
3.621000000000e+07 2.292865589442e+02 -1.274139582666e+02
3.631000000000e+07 2.290647522510e+02 -1.272526825708e+02
3.641000000000e+07 2.288436473976e+02 -1.270909244549e+02
3.651000000000e+07 2.286232416367e+02 -1.269286824913e+02
3.661000000000e+07 2.284035322105e+02 -1.267659552322e+02
3.671000000000e+07 2.281845163505e+02 -1.266027412100e+02
3.681000000000e+07 2.279661912773e+02 -1.264390389368e+02
3.691000000000e+07 2.277495008270e+02 -1.262770863036e+02
3.701000000000e+07 2.275342809304e+02 -1.261164865579e+02
3.711000000000e+07 2.273197576152e+02 -1.259554094333e+02
3.721000000000e+07 2.271059282988e+02 -1.257938534213e+02
3.731000000000e+07 2.268927903887e+02 -1.256318169927e+02
3.741000000000e+07 2.266803412824e+02 -1.254692985976e+02
3.751000000000e+07 2.264685783674e+02 -1.253062966655e+02
3.761000000000e+07 2.262588478645e+02 -1.251469501447e+02
3.771000000000e+07 2.260504999782e+02 -1.249892581349e+02
3.781000000000e+07 2.258428388392e+02 -1.248310877762e+02
3.791000000000e+07 2.256358620613e+02 -1.246724375152e+02
3.801000000000e+07 2.254295672486e+02 -1.245133057774e+02
3.811000000000e+07 2.252239519961e+02 -1.243536909672e+02
3.821000000000e+07 2.250190138887e+02 -1.241935914678e+02
3.831000000000e+07 2.248168025675e+02 -1.240364309997e+02
3.841000000000e+07 2.246164225410e+02 -1.238807228290e+02
3.851000000000e+07 2.244167183518e+02 -1.237245415522e+02
3.861000000000e+07 2.242176878171e+02 -1.235678855507e+02
3.871000000000e+07 2.240193287453e+02 -1.234107531846e+02
3.881000000000e+07 2.238216389360e+02 -1.232531427924e+02
3.891000000000e+07 2.236246161801e+02 -1.230950526910e+02
3.901000000000e+07 2.234288812969e+02 -1.229395088162e+02
3.911000000000e+07 2.232344909507e+02 -1.227867698394e+02
3.921000000000e+07 2.230407706012e+02 -1.226335570178e+02
3.931000000000e+07 2.228477182508e+02 -1.224798687085e+02
3.941000000000e+07 2.226553318942e+02 -1.223257032464e+02
3.951000000000e+07 2.224636095181e+02 -1.221710589449e+02
3.961000000000e+07 2.222725491009e+02 -1.220159340951e+02
3.971000000000e+07 2.220825299698e+02 -1.218610651710e+02
3.981000000000e+07 2.218948012344e+02 -1.217088718564e+02
3.991000000000e+07 2.217077398018e+02 -1.215562139090e+02
4.001000000000e+07 2.215213438460e+02 -1.214030896264e+02
4.011000000000e+07 2.213356115343e+02 -1.212494972838e+02
4.021000000000e+07 2.211505410268e+02 -1.210954351342e+02
4.031000000000e+07 2.209661304766e+02 -1.209409014085e+02
4.041000000000e+07 2.207823780293e+02 -1.207858943148e+02
4.051000000000e+07 2.206007300491e+02 -1.206362450622e+02
4.061000000000e+07 2.204201724060e+02 -1.204878705988e+02
4.071000000000e+07 2.202402713125e+02 -1.203390281098e+02
4.081000000000e+07 2.200610251424e+02 -1.201897158703e+02
4.091000000000e+07 2.198824322634e+02 -1.200399321329e+02
4.101000000000e+07 2.197044910367e+02 -1.198896751275e+02
4.111000000000e+07 2.195271998169e+02 -1.197389430614e+02
4.121000000000e+07 2.193507755608e+02 -1.195884812945e+02
4.131000000000e+07 2.191758802865e+02 -1.194405426874e+02
4.141000000000e+07 2.190016432770e+02 -1.192921455474e+02
4.151000000000e+07 2.188280630652e+02 -1.191432881121e+02
4.161000000000e+07 2.186551381793e+02 -1.189939685963e+02
4.171000000000e+07 2.184828671419e+02 -1.188441851920e+02
4.181000000000e+07 2.183112484704e+02 -1.186939360682e+02
4.191000000000e+07 2.181402806768e+02 -1.185432193711e+02
4.201000000000e+07 2.179710383057e+02 -1.183947035140e+02
4.211000000000e+07 2.178035243437e+02 -1.182484019212e+02
4.221000000000e+07 2.176366629309e+02 -1.181016476064e+02
4.231000000000e+07 2.174704527843e+02 -1.179544387665e+02
4.241000000000e+07 2.173048926168e+02 -1.178067735756e+02
4.251000000000e+07 2.171399811370e+02 -1.176586501849e+02
4.261000000000e+07 2.169757170491e+02 -1.175100667223e+02
4.271000000000e+07 2.168120990527e+02 -1.173610212925e+02
4.281000000000e+07 2.166501753102e+02 -1.172158772270e+02
4.291000000000e+07 2.164894634476e+02 -1.170726314829e+02
4.301000000000e+07 2.163293979511e+02 -1.169289346210e+02
4.311000000000e+07 2.161699777266e+02 -1.167847848278e+02
4.321000000000e+07 2.160112016767e+02 -1.166401802663e+02
4.331000000000e+07 2.158530687005e+02 -1.164951190769e+02
4.341000000000e+07 2.156955776939e+02 -1.163495993764e+02
4.351000000000e+07 2.155387275492e+02 -1.162036192581e+02
4.361000000000e+07 2.153825691477e+02 -1.160597142833e+02
4.371000000000e+07 2.152270883813e+02 -1.159167300420e+02
4.381000000000e+07 2.150722586225e+02 -1.157733023232e+02
4.391000000000e+07 2.149180789245e+02 -1.156294292882e+02
4.401000000000e+07 2.147645483386e+02 -1.154851090746e+02
4.411000000000e+07 2.146116659137e+02 -1.153403397970e+02
4.421000000000e+07 2.144594306966e+02 -1.151951195463e+02
4.431000000000e+07 2.143078417320e+02 -1.150494463899e+02
4.441000000000e+07 2.141581595553e+02 -1.149070021774e+02
4.451000000000e+07 2.140103327368e+02 -1.147676549652e+02
4.461000000000e+07 2.138631481503e+02 -1.146278682714e+02
4.471000000000e+07 2.137166050514e+02 -1.144876402609e+02
4.481000000000e+07 2.135707026947e+02 -1.143469690753e+02
4.491000000000e+07 2.134254403337e+02 -1.142058528329e+02
4.501000000000e+07 2.132808172208e+02 -1.140642896289e+02
4.511000000000e+07 2.131368326068e+02 -1.139222775347e+02
4.521000000000e+07 2.129935417514e+02 -1.137807110271e+02
4.531000000000e+07 2.128511046718e+02 -1.136420785092e+02
4.541000000000e+07 2.127093139960e+02 -1.135030153198e+02
4.551000000000e+07 2.125681691333e+02 -1.133635196181e+02
4.561000000000e+07 2.124276694929e+02 -1.132235895405e+02
4.571000000000e+07 2.122878144844e+02 -1.130832231999e+02
4.581000000000e+07 2.121486035174e+02 -1.129424186861e+02
4.591000000000e+07 2.120100360015e+02 -1.128011740651e+02
4.601000000000e+07 2.118721113464e+02 -1.126594873794e+02
4.611000000000e+07 2.117360565400e+02 -1.125214301611e+02
4.621000000000e+07 2.116010337656e+02 -1.123842352349e+02
4.631000000000e+07 2.114666553057e+02 -1.122466173742e+02
4.641000000000e+07 2.113329207470e+02 -1.121085747217e+02
4.651000000000e+07 2.111998296778e+02 -1.119701053968e+02
4.661000000000e+07 2.110673816876e+02 -1.118312074962e+02
4.671000000000e+07 2.109355763671e+02 -1.116918790930e+02
4.681000000000e+07 2.108044133085e+02 -1.115521182370e+02
4.691000000000e+07 2.106737995695e+02 -1.114128270970e+02
4.701000000000e+07 2.105433067006e+02 -1.112782341465e+02
4.711000000000e+07 2.104134615680e+02 -1.111432222832e+02
4.721000000000e+07 2.102842639143e+02 -1.110077896869e+02
4.731000000000e+07 2.101557134852e+02 -1.108719345145e+02
4.741000000000e+07 2.100278100288e+02 -1.107356548999e+02
4.751000000000e+07 2.099005532955e+02 -1.105989489538e+02
4.761000000000e+07 2.097739430384e+02 -1.104618147639e+02
4.771000000000e+07 2.096479790128e+02 -1.103242503940e+02
4.781000000000e+07 2.095236862937e+02 -1.101877003121e+02
4.791000000000e+07 2.094017857247e+02 -1.100532018446e+02
4.801000000000e+07 2.092805316539e+02 -1.099183008298e+02
4.811000000000e+07 2.091599240046e+02 -1.097829954276e+02
4.821000000000e+07 2.090399627041e+02 -1.096472837756e+02
4.831000000000e+07 2.089206476835e+02 -1.095111639887e+02
4.841000000000e+07 2.088019788780e+02 -1.093746341595e+02
4.851000000000e+07 2.086839562266e+02 -1.092376923571e+02
4.861000000000e+07 2.085665796720e+02 -1.091003366282e+02
4.871000000000e+07 2.084494143457e+02 -1.089650948820e+02
4.881000000000e+07 2.083323457428e+02 -1.088326705152e+02
4.891000000000e+07 2.082159289205e+02 -1.086998478421e+02
4.901000000000e+07 2.081001639551e+02 -1.085666250544e+02
4.911000000000e+07 2.079850509283e+02 -1.084330003219e+02
4.921000000000e+07 2.078705899266e+02 -1.082989717918e+02
4.931000000000e+07 2.077567810418e+02 -1.081645375891e+02
4.941000000000e+07 2.076436243711e+02 -1.080296958156e+02
4.951000000000e+07 2.075311200163e+02 -1.078944445507e+02
4.961000000000e+07 2.074194545714e+02 -1.077606537227e+02
4.971000000000e+07 2.073088206318e+02 -1.076302672311e+02
4.981000000000e+07 2.071988399574e+02 -1.074994915010e+02
4.991000000000e+07 2.070895127918e+02 -1.073683247556e+02
5.001000000000e+07 2.069808393850e+02 -1.072367651966e+02
5.011000000000e+07 2.068728199935e+02 -1.071048110035e+02
5.021000000000e+07 2.067654548799e+02 -1.069724603338e+02
5.031000000000e+07 2.066587443137e+02 -1.068397113229e+02
5.041000000000e+07 2.065526885705e+02 -1.067065620836e+02
5.051000000000e+07 2.064473132763e+02 -1.065733484971e+02
5.061000000000e+07 2.063429902292e+02 -1.064450370331e+02
5.071000000000e+07 2.062393225643e+02 -1.063163463793e+02
5.081000000000e+07 2.061363106884e+02 -1.061872748007e+02
5.091000000000e+07 2.060339550165e+02 -1.060578205411e+02
5.101000000000e+07 2.059322559711e+02 -1.059279818228e+02
5.111000000000e+07 2.058312139822e+02 -1.057977568468e+02
5.121000000000e+07 2.057308294879e+02 -1.056671437924e+02
5.131000000000e+07 2.056311029338e+02 -1.055361408168e+02
5.141000000000e+07 2.055320347732e+02 -1.054047460555e+02
5.151000000000e+07 2.054336978561e+02 -1.052754972602e+02
5.161000000000e+07 2.053360684483e+02 -1.051475013851e+02
5.171000000000e+07 2.052391012782e+02 -1.050191390087e+02
5.181000000000e+07 2.051427969137e+02 -1.048904084159e+02
5.191000000000e+07 2.050471559322e+02 -1.047613078705e+02
5.201000000000e+07 2.049521789199e+02 -1.046318356158e+02
5.211000000000e+07 2.048578664721e+02 -1.045019898741e+02
5.221000000000e+07 2.047642191936e+02 -1.043717688462e+02
5.231000000000e+07 2.046712376983e+02 -1.042411707119e+02
5.241000000000e+07 2.045789226091e+02 -1.041101936294e+02
5.251000000000e+07 2.044869705209e+02 -1.039841769745e+02
5.261000000000e+07 2.043956822952e+02 -1.038578591247e+02
5.271000000000e+07 2.043050617195e+02 -1.037311846145e+02
5.281000000000e+07 2.042151095247e+02 -1.036041517728e+02
5.291000000000e+07 2.041258264519e+02 -1.034767589083e+02
5.301000000000e+07 2.040372132530e+02 -1.033490043096e+02
5.311000000000e+07 2.039492706900e+02 -1.032208862450e+02
5.321000000000e+07 2.038619995357e+02 -1.030924029619e+02
5.331000000000e+07 2.037754005734e+02 -1.029635526873e+02
5.341000000000e+07 2.036894860387e+02 -1.028352736736e+02
5.351000000000e+07 2.036042957227e+02 -1.027109240094e+02
5.361000000000e+07 2.035197771820e+02 -1.025862317819e+02
5.371000000000e+07 2.034359312996e+02 -1.024611953924e+02
5.381000000000e+07 2.033527589703e+02 -1.023358132231e+02
5.391000000000e+07 2.032702611004e+02 -1.022100836370e+02
5.401000000000e+07 2.031884386082e+02 -1.020840049773e+02
5.411000000000e+07 2.031072924237e+02 -1.019575755679e+02
5.421000000000e+07 2.030268234889e+02 -1.018307937127e+02
5.431000000000e+07 2.029470327579e+02 -1.017036576959e+02
5.441000000000e+07 2.028680478387e+02 -1.015772868312e+02
5.451000000000e+07 2.027902784623e+02 -1.014553555023e+02
5.461000000000e+07 2.027131826956e+02 -1.013330951499e+02
5.471000000000e+07 2.026367615878e+02 -1.012105042435e+02
5.481000000000e+07 2.025610162013e+02 -1.010875812344e+02
5.491000000000e+07 2.024859476113e+02 -1.009643245553e+02
5.501000000000e+07 2.024115569060e+02 -1.008407326209e+02
5.511000000000e+07 2.023378451868e+02 -1.007168038268e+02
5.521000000000e+07 2.022648135683e+02 -1.005925365503e+02
5.531000000000e+07 2.021924631782e+02 -1.004679291492e+02
5.541000000000e+07 2.021207614476e+02 -1.003430820166e+02
5.551000000000e+07 2.020480906526e+02 -1.002229060244e+02
5.561000000000e+07 2.019761030279e+02 -1.001024124323e+02
5.571000000000e+07 2.019047997659e+02 -9.998159979048e+01
5.581000000000e+07 2.018341820732e+02 -9.986046663197e+01
5.591000000000e+07 2.017642511704e+02 -9.973901147234e+01
5.601000000000e+07 2.016950082929e+02 -9.961723280957e+01
5.611000000000e+07 2.016264546900e+02 -9.949512912391e+01
5.621000000000e+07 2.015585916259e+02 -9.937269887777e+01
5.631000000000e+07 2.014914203793e+02 -9.924994051549e+01
5.641000000000e+07 2.014249422437e+02 -9.912685246327e+01
5.651000000000e+07 2.013594414938e+02 -9.900632000621e+01
5.661000000000e+07 2.012947831954e+02 -9.888703800691e+01
5.671000000000e+07 2.012308151258e+02 -9.876745672164e+01
5.681000000000e+07 2.011675386455e+02 -9.864757476781e+01
5.691000000000e+07 2.011049551304e+02 -9.852739074669e+01
5.701000000000e+07 2.010430659720e+02 -9.840690324320e+01
5.711000000000e+07 2.009818725775e+02 -9.828611082588e+01
5.721000000000e+07 2.009213763701e+02 -9.816501204665e+01
5.731000000000e+07 2.008615787889e+02 -9.804360544075e+01
5.741000000000e+07 2.008024812891e+02 -9.792188952654e+01
5.751000000000e+07 2.007440416224e+02 -9.780034675704e+01
5.761000000000e+07 2.006858581866e+02 -9.768340187501e+01
5.771000000000e+07 2.006283705587e+02 -9.756617437461e+01
5.781000000000e+07 2.005715802429e+02 -9.744866297897e+01
5.791000000000e+07 2.005154887604e+02 -9.733086639637e+01
5.801000000000e+07 2.004600976487e+02 -9.721278332011e+01
5.811000000000e+07 2.004054084625e+02 -9.709441242839e+01
5.821000000000e+07 2.003514227734e+02 -9.697575238416e+01
5.831000000000e+07 2.002981421702e+02 -9.685680183504e+01
5.841000000000e+07 2.002455682589e+02 -9.673755941315e+01
5.851000000000e+07 2.001937026630e+02 -9.661802373502e+01
5.861000000000e+07 2.001422970283e+02 -9.650008800185e+01
5.871000000000e+07 2.000911106825e+02 -9.638555449497e+01
5.881000000000e+07 2.000406270903e+02 -9.627075436132e+01
5.891000000000e+07 1.999908479094e+02 -9.615568642982e+01
5.901000000000e+07 1.999417748151e+02 -9.604034951582e+01
5.911000000000e+07 1.998934095007e+02 -9.592474242102e+01
5.921000000000e+07 1.998457536776e+02 -9.580886393336e+01
5.931000000000e+07 1.997988090754e+02 -9.569271282690e+01
5.941000000000e+07 1.997525774420e+02 -9.557628786170e+01
5.951000000000e+07 1.997070605440e+02 -9.545958778374e+01
5.961000000000e+07 1.996622601663e+02 -9.534261132476e+01
5.971000000000e+07 1.996177842742e+02 -9.522693798713e+01
5.981000000000e+07 1.995733802780e+02 -9.511358829174e+01
5.991000000000e+07 1.995296900041e+02 -9.499999248829e+01
6.001000000000e+07 1.994867152546e+02 -9.488614951927e+01
6.011000000000e+07 1.994444578508e+02 -9.477205831515e+01
6.021000000000e+07 1.994029196332e+02 -9.465771779421e+01
6.031000000000e+07 1.993621024614e+02 -9.454312686247e+01
6.041000000000e+07 1.993220082147e+02 -9.442828441363e+01
6.051000000000e+07 1.992826387920e+02 -9.431318932892e+01
6.061000000000e+07 1.992439961118e+02 -9.419784047702e+01
6.071000000000e+07 1.992060821127e+02 -9.408223671397e+01
6.081000000000e+07 1.991688109185e+02 -9.396756582127e+01
6.091000000000e+07 1.991319517682e+02 -9.385687319493e+01
6.101000000000e+07 1.990958121649e+02 -9.374595542691e+01
6.111000000000e+07 1.990603940521e+02 -9.363481159488e+01
6.121000000000e+07 1.990256993937e+02 -9.352344076611e+01
6.131000000000e+07 1.989917301734e+02 -9.341184199743e+01
6.141000000000e+07 1.989584883953e+02 -9.330001433511e+01
6.151000000000e+07 1.989259760841e+02 -9.318795681485e+01
6.161000000000e+07 1.988941952849e+02 -9.307566846162e+01
6.171000000000e+07 1.988631480639e+02 -9.296314828964e+01
6.181000000000e+07 1.988328365080e+02 -9.285039530228e+01
6.191000000000e+07 1.988032627257e+02 -9.273740849198e+01
6.201000000000e+07 1.987728800664e+02 -9.262959700692e+01
6.211000000000e+07 1.987429510628e+02 -9.252252997394e+01
6.221000000000e+07 1.987137498802e+02 -9.241525394998e+01
6.231000000000e+07 1.986852786090e+02 -9.230776815739e+01
6.241000000000e+07 1.986575393601e+02 -9.220007180972e+01
6.251000000000e+07 1.986305342657e+02 -9.209216411170e+01
6.261000000000e+07 1.986042654793e+02 -9.198404425914e+01
6.271000000000e+07 1.985787351757e+02 -9.187571143890e+01
6.281000000000e+07 1.985539455515e+02 -9.176716482883e+01
6.291000000000e+07 1.985298988251e+02 -9.165840359769e+01
6.301000000000e+07 1.985065972369e+02 -9.154942690508e+01
6.311000000000e+07 1.984838570762e+02 -9.144110918090e+01
6.321000000000e+07 1.984613289258e+02 -9.133508947073e+01
6.331000000000e+07 1.984395393989e+02 -9.122889001769e+01
6.341000000000e+07 1.984184907064e+02 -9.112251020367e+01
6.351000000000e+07 1.983981850813e+02 -9.101594940383e+01
6.361000000000e+07 1.983786247782e+02 -9.090920698659e+01
6.371000000000e+07 1.983598120742e+02 -9.080228231356e+01
6.381000000000e+07 1.983417492688e+02 -9.069517473952e+01
6.391000000000e+07 1.983244386838e+02 -9.058788361241e+01
6.401000000000e+07 1.983078826642e+02 -9.048040827321e+01
6.411000000000e+07 1.982920835778e+02 -9.037274805600e+01
6.421000000000e+07 1.982770438155e+02 -9.026490228785e+01
6.431000000000e+07 1.982619525068e+02 -9.015964057875e+01
6.441000000000e+07 1.982466558358e+02 -9.005746534034e+01
6.451000000000e+07 1.982321053904e+02 -8.995513189218e+01
6.461000000000e+07 1.982183035075e+02 -8.985263979328e+01
6.471000000000e+07 1.982052525466e+02 -8.974998859788e+01
6.481000000000e+07 1.981929548898e+02 -8.964717785546e+01
6.491000000000e+07 1.981814129422e+02 -8.954420711069e+01
6.501000000000e+07 1.981706291319e+02 -8.944107590346e+01
6.511000000000e+07 1.981606059103e+02 -8.933778376884e+01
6.521000000000e+07 1.981513457524e+02 -8.923433023706e+01
6.531000000000e+07 1.981428511569e+02 -8.913071483350e+01
6.541000000000e+07 1.981351246465e+02 -8.902693707870e+01
6.551000000000e+07 1.981274666252e+02 -8.892516533543e+01
6.561000000000e+07 1.981196736277e+02 -8.882601402625e+01
6.571000000000e+07 1.981126360933e+02 -8.872673161100e+01
6.581000000000e+07 1.981063564729e+02 -8.862731784066e+01
6.591000000000e+07 1.981008372406e+02 -8.852777246367e+01
6.601000000000e+07 1.980960808936e+02 -8.842809522591e+01
6.611000000000e+07 1.980920899527e+02 -8.832828587076e+01
6.621000000000e+07 1.980888669624e+02 -8.822834413903e+01
6.631000000000e+07 1.980864144913e+02 -8.812826976904e+01
6.641000000000e+07 1.980847351318e+02 -8.802806249661e+01
6.651000000000e+07 1.980838315010e+02 -8.792772205507e+01
6.661000000000e+07 1.980837062402e+02 -8.782724817524e+01
6.671000000000e+07 1.980840573559e+02 -8.772759270628e+01
6.681000000000e+07 1.980838797006e+02 -8.763188153564e+01
6.691000000000e+07 1.980844653480e+02 -8.753606861632e+01
6.701000000000e+07 1.980858168470e+02 -8.744015390915e+01
6.711000000000e+07 1.980879367697e+02 -8.734413737477e+01
6.721000000000e+07 1.980908277121e+02 -8.724801897362e+01
6.731000000000e+07 1.980944922941e+02 -8.715179866605e+01
6.741000000000e+07 1.980989331594e+02 -8.705547641230e+01
6.751000000000e+07 1.981041529761e+02 -8.695905217255e+01
6.761000000000e+07 1.981101544371e+02 -8.686252590698e+01
6.771000000000e+07 1.981169402596e+02 -8.676589757578e+01
6.781000000000e+07 1.981245131858e+02 -8.666916713922e+01
6.791000000000e+07 1.981328759834e+02 -8.657233455766e+01
6.801000000000e+07 1.981403788538e+02 -8.647940817471e+01
6.811000000000e+07 1.981480124464e+02 -8.638796335636e+01
6.821000000000e+07 1.981564184872e+02 -8.629644551715e+01
6.831000000000e+07 1.981655996266e+02 -8.620485484494e+01
6.841000000000e+07 1.981755585387e+02 -8.611319152987e+01
6.851000000000e+07 1.981862979218e+02 -8.602145576434e+01
6.861000000000e+07 1.981978204981e+02 -8.592964774314e+01
6.871000000000e+07 1.982101290144e+02 -8.583776766349e+01
6.881000000000e+07 1.982232262419e+02 -8.574581572509e+01
6.891000000000e+07 1.982371149767e+02 -8.565379213020e+01
6.901000000000e+07 1.982517980398e+02 -8.556169708373e+01
6.911000000000e+07 1.982672782775e+02 -8.546953079328e+01
6.921000000000e+07 1.982835426276e+02 -8.537733981132e+01
6.931000000000e+07 1.982990186018e+02 -8.528968262102e+01
6.941000000000e+07 1.983152728169e+02 -8.520198811976e+01
6.951000000000e+07 1.983323079816e+02 -8.511425674033e+01
6.961000000000e+07 1.983501268284e+02 -8.502648892044e+01
6.971000000000e+07 1.983687321132e+02 -8.493868510276e+01
6.981000000000e+07 1.983881266163e+02 -8.485084573506e+01
6.991000000000e+07 1.984083131418e+02 -8.476297127025e+01
7.001000000000e+07 1.984292945185e+02 -8.467506216651e+01
7.011000000000e+07 1.984510735995e+02 -8.458711888740e+01
7.021000000000e+07 1.984736532629e+02 -8.449914190190e+01
7.031000000000e+07 1.984970364118e+02 -8.441113168456e+01
7.041000000000e+07 1.985212259743e+02 -8.432308871560e+01
7.051000000000e+07 1.985460310479e+02 -8.423530638155e+01
7.061000000000e+07 1.985685970831e+02 -8.415209552232e+01
7.071000000000e+07 1.985919513032e+02 -8.406888082489e+01
7.081000000000e+07 1.986160964771e+02 -8.398566298447e+01
7.091000000000e+07 1.986410353967e+02 -8.390244270383e+01
7.101000000000e+07 1.986667708778e+02 -8.381922069342e+01
7.111000000000e+07 1.986933057597e+02 -8.373599767150e+01
7.121000000000e+07 1.987206429058e+02 -8.365277436426e+01
7.131000000000e+07 1.987487852039e+02 -8.356955150591e+01
7.141000000000e+07 1.987777355657e+02 -8.348632983887e+01
7.151000000000e+07 1.988074969278e+02 -8.340311011383e+01
7.161000000000e+07 1.988380722515e+02 -8.331989308992e+01
7.171000000000e+07 1.988694645230e+02 -8.323667953486e+01
7.181000000000e+07 1.989016767537e+02 -8.315347022502e+01
7.191000000000e+07 1.989336096614e+02 -8.307473207909e+01
7.201000000000e+07 1.989661700884e+02 -8.299669740494e+01
7.211000000000e+07 1.989995232044e+02 -8.291870192787e+01
7.221000000000e+07 1.990336718259e+02 -8.284074663865e+01
7.231000000000e+07 1.990686187924e+02 -8.276283253864e+01
7.241000000000e+07 1.991043669664e+02 -8.268496064001e+01
7.251000000000e+07 1.991409192334e+02 -8.260713196584e+01
7.261000000000e+07 1.991782785024e+02 -8.252934755032e+01
7.271000000000e+07 1.992164477058e+02 -8.245160843889e+01
7.281000000000e+07 1.992554297996e+02 -8.237391568837e+01
7.291000000000e+07 1.992952277638e+02 -8.229627036716e+01
7.301000000000e+07 1.993358446025e+02 -8.221867355539e+01
7.311000000000e+07 1.993772833437e+02 -8.214112634506e+01
7.321000000000e+07 1.994179353202e+02 -8.206576043306e+01
7.331000000000e+07 1.994573409720e+02 -8.199317585290e+01
7.341000000000e+07 1.994975454585e+02 -8.192066912844e+01
7.351000000000e+07 1.995385515986e+02 -8.184824154717e+01
7.361000000000e+07 1.995803622328e+02 -8.177589441006e+01
7.371000000000e+07 1.996229802240e+02 -8.170362903168e+01
7.381000000000e+07 1.996664084569e+02 -8.163144674040e+01
7.391000000000e+07 1.997106498388e+02 -8.155934887855e+01
7.401000000000e+07 1.997557072994e+02 -8.148733680266e+01
7.411000000000e+07 1.998015837911e+02 -8.141541188357e+01
7.421000000000e+07 1.998482822892e+02 -8.134357550670e+01
7.431000000000e+07 1.998958057918e+02 -8.127182907216e+01
7.441000000000e+07 1.999441573202e+02 -8.120017399501e+01
7.451000000000e+07 1.999933399192e+02 -8.112861170543e+01
7.461000000000e+07 2.000413528994e+02 -8.106113406141e+01
7.471000000000e+07 2.000895004084e+02 -8.099510484182e+01
7.481000000000e+07 2.001384482033e+02 -8.092919872346e+01
7.491000000000e+07 2.001881990833e+02 -8.086341731934e+01
7.501000000000e+07 2.002387558682e+02 -8.079776225892e+01
7.511000000000e+07 2.002901213982e+02 -8.073223518833e+01
7.521000000000e+07 2.003422985345e+02 -8.066683777055e+01
7.531000000000e+07 2.003952901590e+02 -8.060157168566e+01
7.541000000000e+07 2.004490991747e+02 -8.053643863102e+01
7.551000000000e+07 2.005037285056e+02 -8.047144032150e+01
7.561000000000e+07 2.005591810972e+02 -8.040657848970e+01
7.571000000000e+07 2.006154599163e+02 -8.034185488616e+01
7.581000000000e+07 2.006725679512e+02 -8.027727127958e+01
7.591000000000e+07 2.007305082121e+02 -8.021282945707e+01
7.601000000000e+07 2.007863822993e+02 -8.015201863902e+01
7.611000000000e+07 2.008423803597e+02 -8.009219343285e+01
7.621000000000e+07 2.008991821815e+02 -8.003254006108e+01
7.631000000000e+07 2.009567905108e+02 -7.997306048059e+01
7.641000000000e+07 2.010152081123e+02 -7.991375666778e+01
7.651000000000e+07 2.010744377694e+02 -7.985463061880e+01
7.661000000000e+07 2.011344822848e+02 -7.979568434978e+01
7.671000000000e+07 2.011953444799e+02 -7.973691989706e+01
7.681000000000e+07 2.012570271955e+02 -7.967833931743e+01
7.691000000000e+07 2.013195332917e+02 -7.961994468839e+01
7.701000000000e+07 2.013828656478e+02 -7.956173810837e+01
7.711000000000e+07 2.014470271628e+02 -7.950372169698e+01
7.721000000000e+07 2.015120207550e+02 -7.944589759530e+01
7.731000000000e+07 2.015778493628e+02 -7.938826796609e+01
7.741000000000e+07 2.016423971856e+02 -7.933413564982e+01
7.751000000000e+07 2.017063373395e+02 -7.928241833845e+01
7.761000000000e+07 2.017710759752e+02 -7.923092179197e+01
7.771000000000e+07 2.018366157335e+02 -7.917964831018e+01
7.781000000000e+07 2.019029592713e+02 -7.912860021516e+01
7.791000000000e+07 2.019701092624e+02 -7.907777985150e+01
7.801000000000e+07 2.020380683968e+02 -7.902718958657e+01
7.811000000000e+07 2.021068393813e+02 -7.897683181077e+01
7.821000000000e+07 2.021764249394e+02 -7.892670893778e+01
7.831000000000e+07 2.022468278111e+02 -7.887682340484e+01
7.841000000000e+07 2.023180507535e+02 -7.882717767301e+01
7.851000000000e+07 2.023900965404e+02 -7.877777422743e+01
7.861000000000e+07 2.024629679625e+02 -7.872861557761e+01
7.871000000000e+07 2.025366678277e+02 -7.867970425766e+01
7.881000000000e+07 2.026107295841e+02 -7.863158795858e+01
7.891000000000e+07 2.026824594414e+02 -7.858738445134e+01
7.901000000000e+07 2.027549821080e+02 -7.854345750953e+01
7.911000000000e+07 2.028283000715e+02 -7.849980979169e+01
7.921000000000e+07 2.029024158331e+02 -7.845644398132e+01
7.931000000000e+07 2.029773319075e+02 -7.841336278724e+01
7.941000000000e+07 2.030530508233e+02 -7.837056894379e+01
7.951000000000e+07 2.031295751224e+02 -7.832806521114e+01
7.961000000000e+07 2.032069073605e+02 -7.828585437554e+01
7.971000000000e+07 2.032850501069e+02 -7.824393924961e+01
7.981000000000e+07 2.033640059448e+02 -7.820232267264e+01
7.991000000000e+07 2.034437774710e+02 -7.816100751085e+01
8.001000000000e+07 2.035243672959e+02 -7.811999665769e+01
8.011000000000e+07 2.036057780439e+02 -7.807929303411e+01
8.021000000000e+07 2.036880123532e+02 -7.803889958890e+01
8.031000000000e+07 2.037694552942e+02 -7.800067965734e+01
8.041000000000e+07 2.038491635509e+02 -7.796569648343e+01
8.051000000000e+07 2.039296548474e+02 -7.793104802901e+01
8.061000000000e+07 2.040109314764e+02 -7.789673732684e+01
8.071000000000e+07 2.040929957405e+02 -7.786276743722e+01
8.081000000000e+07 2.041758499527e+02 -7.782914144834e+01
8.091000000000e+07 2.042594964362e+02 -7.779586247647e+01
8.101000000000e+07 2.043439375241e+02 -7.776293366631e+01
8.111000000000e+07 2.044291755597e+02 -7.773035819126e+01
8.121000000000e+07 2.045152128965e+02 -7.769813925370e+01
8.131000000000e+07 2.046020518978e+02 -7.766628008528e+01
8.141000000000e+07 2.046896949372e+02 -7.763478394723e+01
8.151000000000e+07 2.047781443980e+02 -7.760365413066e+01
8.161000000000e+07 2.048674026737e+02 -7.757289395684e+01
8.171000000000e+07 2.049574721677e+02 -7.754250677754e+01
8.181000000000e+07 2.050466649541e+02 -7.751418861485e+01
8.191000000000e+07 2.051338814313e+02 -7.748902080715e+01
8.201000000000e+07 2.052218661588e+02 -7.746424906038e+01
8.211000000000e+07 2.053106211720e+02 -7.743987677670e+01
8.221000000000e+07 2.054001485123e+02 -7.741590738799e+01
8.231000000000e+07 2.054904502272e+02 -7.739234435615e+01
8.241000000000e+07 2.055815283705e+02 -7.736919117336e+01
8.251000000000e+07 2.056733850019e+02 -7.734645136241e+01
8.261000000000e+07 2.057660221871e+02 -7.732412847694e+01
8.271000000000e+07 2.058594419976e+02 -7.730222610176e+01
8.281000000000e+07 2.059536465108e+02 -7.728074785313e+01
8.291000000000e+07 2.060486378096e+02 -7.725969737909e+01
8.301000000000e+07 2.061444179828e+02 -7.723907835969e+01
8.311000000000e+07 2.062409891244e+02 -7.721889450738e+01
8.321000000000e+07 2.063383533341e+02 -7.719914956724e+01
8.331000000000e+07 2.064361263838e+02 -7.718021725485e+01
8.341000000000e+07 2.065302252293e+02 -7.716598988190e+01
8.351000000000e+07 2.066250701255e+02 -7.715222046359e+01
8.361000000000e+07 2.067206627861e+02 -7.713891274790e+01
8.371000000000e+07 2.068170049262e+02 -7.712607051408e+01
8.381000000000e+07 2.069140982631e+02 -7.711369757291e+01
8.391000000000e+07 2.070119445152e+02 -7.710179776699e+01
8.401000000000e+07 2.071105454024e+02 -7.709037497099e+01
8.411000000000e+07 2.072099026459e+02 -7.707943309198e+01
8.421000000000e+07 2.073100179681e+02 -7.706897606965e+01
8.431000000000e+07 2.074108930923e+02 -7.705900787664e+01
8.441000000000e+07 2.075125297426e+02 -7.704953251881e+01
8.451000000000e+07 2.076149296439e+02 -7.704055403553e+01
8.461000000000e+07 2.077180945217e+02 -7.703207649996e+01
8.471000000000e+07 2.078220261018e+02 -7.702410401938e+01
8.481000000000e+07 2.079267261104e+02 -7.701664073543e+01
8.491000000000e+07 2.080298379541e+02 -7.701139943669e+01
8.501000000000e+07 2.081313236907e+02 -7.700839128109e+01
8.511000000000e+07 2.082335298004e+02 -7.700591408342e+01
8.521000000000e+07 2.083364575950e+02 -7.700397196085e+01
8.531000000000e+07 2.084401083828e+02 -7.700256906311e+01
8.541000000000e+07 2.085444834684e+02 -7.700170957271e+01
8.551000000000e+07 2.086495841525e+02 -7.700139770523e+01
8.561000000000e+07 2.087554117319e+02 -7.700163770956e+01
8.571000000000e+07 2.088619674990e+02 -7.700243386817e+01
8.581000000000e+07 2.089692527416e+02 -7.700379049737e+01
8.591000000000e+07 2.090772687432e+02 -7.700571194757e+01
8.601000000000e+07 2.091860167822e+02 -7.700820260355e+01
8.611000000000e+07 2.092954981320e+02 -7.701126688475e+01
8.621000000000e+07 2.094057140608e+02 -7.701490924548e+01
8.631000000000e+07 2.095166658311e+02 -7.701913417527e+01
8.641000000000e+07 2.096283547000e+02 -7.702394619906e+01
8.651000000000e+07 2.097373603632e+02 -7.703201142480e+01
8.661000000000e+07 2.098449621556e+02 -7.704230277869e+01
8.671000000000e+07 2.099532471798e+02 -7.705319308280e+01
8.681000000000e+07 2.100622162786e+02 -7.706468675902e+01
8.691000000000e+07 2.101718702858e+02 -7.707678826194e+01
8.701000000000e+07 2.102822100257e+02 -7.708950207906e+01
8.711000000000e+07 2.103932363132e+02 -7.710283273100e+01
8.721000000000e+07 2.105049499533e+02 -7.711678477175e+01
8.731000000000e+07 2.106173517410e+02 -7.713136278887e+01
8.741000000000e+07 2.107304424610e+02 -7.714657140376e+01
8.751000000000e+07 2.108442228875e+02 -7.716241527185e+01
8.761000000000e+07 2.109586937838e+02 -7.717889908285e+01
8.771000000000e+07 2.110738559020e+02 -7.719602756097e+01
8.781000000000e+07 2.111897099831e+02 -7.721380546516e+01
8.791000000000e+07 2.113062567563e+02 -7.723223758934e+01
8.801000000000e+07 2.114234969391e+02 -7.725132876262e+01
8.811000000000e+07 2.115387232469e+02 -7.727297603559e+01
8.821000000000e+07 2.116512922776e+02 -7.729759868018e+01
8.831000000000e+07 2.117644981320e+02 -7.732288639243e+01
8.841000000000e+07 2.118783411180e+02 -7.734884383561e+01
8.851000000000e+07 2.119928215283e+02 -7.737547570474e+01
8.861000000000e+07 2.121079396411e+02 -7.740278672676e+01
8.871000000000e+07 2.122236957186e+02 -7.743078166074e+01
8.881000000000e+07 2.123400900076e+02 -7.745946529804e+01
8.891000000000e+07 2.124571227388e+02 -7.748884246248e+01
8.901000000000e+07 2.125747941267e+02 -7.751891801054e+01
8.911000000000e+07 2.126931043690e+02 -7.754969683155e+01
8.921000000000e+07 2.128120536466e+02 -7.758118384782e+01
8.931000000000e+07 2.129316421231e+02 -7.761338401488e+01
8.941000000000e+07 2.130518699446e+02 -7.764630232160e+01
8.951000000000e+07 2.131727372393e+02 -7.767994379044e+01
8.961000000000e+07 2.132942441171e+02 -7.771431347755e+01
8.971000000000e+07 2.134163906694e+02 -7.774941647300e+01
8.981000000000e+07 2.135335503918e+02 -7.778792562752e+01
8.991000000000e+07 2.136511784212e+02 -7.782722717799e+01
9.001000000000e+07 2.137693886947e+02 -7.786727148451e+01
9.011000000000e+07 2.138881808702e+02 -7.790806343515e+01
9.021000000000e+07 2.140075545842e+02 -7.794960794791e+01
9.031000000000e+07 2.141275094517e+02 -7.799190997082e+01
9.041000000000e+07 2.142480450656e+02 -7.803497448209e+01
9.051000000000e+07 2.143691609961e+02 -7.807880649019e+01
9.061000000000e+07 2.144908567910e+02 -7.812341103400e+01
9.071000000000e+07 2.146131319750e+02 -7.816879318292e+01
9.081000000000e+07 2.147359860490e+02 -7.821495803694e+01
9.091000000000e+07 2.148594184904e+02 -7.826191072682e+01
9.101000000000e+07 2.149834287523e+02 -7.830965641416e+01
9.111000000000e+07 2.151080162633e+02 -7.835820029149e+01
9.121000000000e+07 2.152331804271e+02 -7.840754758244e+01
9.131000000000e+07 2.153589206219e+02 -7.845770354178e+01
9.141000000000e+07 2.154839507072e+02 -7.850932638443e+01
9.151000000000e+07 2.156043779386e+02 -7.856436963993e+01
9.161000000000e+07 2.157253196480e+02 -7.862021958864e+01
9.171000000000e+07 2.158467748169e+02 -7.867688119305e+01
9.181000000000e+07 2.159687423996e+02 -7.873435944211e+01
9.191000000000e+07 2.160912213226e+02 -7.879265935125e+01
9.201000000000e+07 2.162142104847e+02 -7.885178596249e+01
9.211000000000e+07 2.163377087565e+02 -7.891174434438e+01
9.221000000000e+07 2.164617149798e+02 -7.897253959216e+01
9.231000000000e+07 2.165862279673e+02 -7.903417682768e+01
9.241000000000e+07 2.167112465025e+02 -7.909666119953e+01
9.251000000000e+07 2.168367693390e+02 -7.915999788301e+01
9.261000000000e+07 2.169627952001e+02 -7.922419208019e+01
9.271000000000e+07 2.170893227786e+02 -7.928924901996e+01
9.281000000000e+07 2.172163507364e+02 -7.935517395797e+01
9.291000000000e+07 2.173438777038e+02 -7.942197217677e+01
9.301000000000e+07 2.174719022795e+02 -7.948964898574e+01
9.311000000000e+07 2.175997686007e+02 -7.955850955423e+01
9.321000000000e+07 2.177222064852e+02 -7.963094475117e+01
9.331000000000e+07 2.178450768958e+02 -7.970425036996e+01
9.341000000000e+07 2.179683780591e+02 -7.977843134853e+01
9.351000000000e+07 2.180921081685e+02 -7.985349264635e+01
9.361000000000e+07 2.182162653846e+02 -7.992943924442e+01
9.371000000000e+07 2.183408478341e+02 -8.000627614515e+01
9.381000000000e+07 2.184658536101e+02 -8.008400837240e+01
9.391000000000e+07 2.185912807710e+02 -8.016264097136e+01
9.401000000000e+07 2.187171273409e+02 -8.024217900857e+01
9.411000000000e+07 2.188433913083e+02 -8.032262757178e+01
9.421000000000e+07 2.189700706266e+02 -8.040399176997e+01
9.431000000000e+07 2.190971632131e+02 -8.048627673324e+01
9.441000000000e+07 2.192246669486e+02 -8.056948761276e+01
9.451000000000e+07 2.193525796776e+02 -8.065362958069e+01
9.461000000000e+07 2.194808992071e+02 -8.073870783012e+01
9.471000000000e+07 2.196096233066e+02 -8.082472757499e+01
9.481000000000e+07 2.197387497077e+02 -8.091169405002e+01
9.491000000000e+07 2.198632421962e+02 -8.100089287183e+01
9.501000000000e+07 2.199857191645e+02 -8.109162718358e+01
9.511000000000e+07 2.201085385424e+02 -8.118329469835e+01
9.521000000000e+07 2.202316977388e+02 -8.127590024394e+01
9.531000000000e+07 2.203551941244e+02 -8.136944866351e+01
9.541000000000e+07 2.204790250316e+02 -8.146394481551e+01
9.551000000000e+07 2.206031877539e+02 -8.155939357348e+01
9.561000000000e+07 2.207276795455e+02 -8.165579982593e+01
9.571000000000e+07 2.208524976212e+02 -8.175316847624e+01
9.581000000000e+07 2.209776391555e+02 -8.185150444243e+01
9.591000000000e+07 2.211031012829e+02 -8.195081265706e+01
9.601000000000e+07 2.212288810968e+02 -8.205109806706e+01
9.611000000000e+07 2.213549756495e+02 -8.215236563355e+01
9.621000000000e+07 2.214813819519e+02 -8.225462033168e+01
9.631000000000e+07 2.216080969729e+02 -8.235786715050e+01
9.641000000000e+07 2.217351176388e+02 -8.246211109269e+01
9.651000000000e+07 2.218624408336e+02 -8.256735717447e+01
9.661000000000e+07 2.219900633977e+02 -8.267361042538e+01
9.671000000000e+07 2.221111798074e+02 -8.278316001441e+01
9.681000000000e+07 2.222320985863e+02 -8.289383258682e+01
9.691000000000e+07 2.223532488158e+02 -8.300548560949e+01
9.701000000000e+07 2.224746270869e+02 -8.311812358034e+01
9.711000000000e+07 2.225962299488e+02 -8.323175100473e+01
9.721000000000e+07 2.227180539088e+02 -8.334637239523e+01
9.731000000000e+07 2.228400954320e+02 -8.346199227137e+01
9.741000000000e+07 2.229623509407e+02 -8.357861515943e+01
9.751000000000e+07 2.230848168140e+02 -8.369624559216e+01
9.761000000000e+07 2.232074893882e+02 -8.381488810856e+01
9.771000000000e+07 2.233303649552e+02 -8.393454725364e+01
9.781000000000e+07 2.234534397634e+02 -8.405522757810e+01
9.791000000000e+07 2.235767100165e+02 -8.417693363815e+01
9.801000000000e+07 2.237001718736e+02 -8.429966999519e+01
9.811000000000e+07 2.238238214485e+02 -8.442344121553e+01
9.821000000000e+07 2.239476548099e+02 -8.454825187015e+01
9.831000000000e+07 2.240716679804e+02 -8.467410653439e+01
9.841000000000e+07 2.241958569366e+02 -8.480100978767e+01
9.851000000000e+07 2.243136928068e+02 -8.492971847417e+01
9.861000000000e+07 2.244306747721e+02 -8.505955960658e+01
9.871000000000e+07 2.245477703811e+02 -8.519042221511e+01
9.881000000000e+07 2.246649754027e+02 -8.532231033382e+01
9.891000000000e+07 2.247822855616e+02 -8.545522799523e+01
9.901000000000e+07 2.248996965384e+02 -8.558917922999e+01
9.911000000000e+07 2.250172039693e+02 -8.572416806652e+01
9.921000000000e+07 2.251348034458e+02 -8.586019853074e+01
9.931000000000e+07 2.252524905141e+02 -8.599727464567e+01
9.941000000000e+07 2.253702606754e+02 -8.613540043114e+01
9.951000000000e+07 2.254881093853e+02 -8.627457990341e+01
9.961000000000e+07 2.256060320533e+02 -8.641481707484e+01
9.971000000000e+07 2.257240240429e+02 -8.655611595353e+01
9.981000000000e+07 2.258420806714e+02 -8.669848054296e+01
9.991000000000e+07 2.259601972090e+02 -8.684191484160e+01
1.000100000000e+08 2.260783688792e+02 -8.698642284259e+01
1.001100000000e+08 2.261965908582e+02 -8.713200853330e+01
1.002100000000e+08 2.263148582747e+02 -8.727867589502e+01
1.003100000000e+08 2.264293730589e+02 -8.742684758359e+01
1.004100000000e+08 2.265400936257e+02 -8.757648897790e+01
1.005100000000e+08 2.266507959827e+02 -8.772717199842e+01
1.006100000000e+08 2.267614751646e+02 -8.787889999989e+01
1.007100000000e+08 2.268721261627e+02 -8.803167632570e+01
1.008100000000e+08 2.269827439244e+02 -8.818550430746e+01
1.009100000000e+08 2.270933233533e+02 -8.834038726463e+01
1.010100000000e+08 2.272038593087e+02 -8.849632850408e+01
1.011100000000e+08 2.273143466057e+02 -8.865333131971e+01
1.012100000000e+08 2.274247800148e+02 -8.881139899203e+01
1.013100000000e+08 2.275351542619e+02 -8.897053478777e+01
1.014100000000e+08 2.276454640279e+02 -8.913074195941e+01
1.015100000000e+08 2.277557039488e+02 -8.929202374480e+01
1.016100000000e+08 2.278658686152e+02 -8.945438336671e+01
1.017100000000e+08 2.279759525726e+02 -8.961782403239e+01
1.018100000000e+08 2.280859503206e+02 -8.978234893315e+01
1.019100000000e+08 2.281958563134e+02 -8.994796124390e+01
1.020100000000e+08 2.283056649589e+02 -9.011466412270e+01
1.021100000000e+08 2.284153706192e+02 -9.028246071032e+01
1.022100000000e+08 2.285191504552e+02 -9.045134561640e+01
1.023100000000e+08 2.286202922043e+02 -9.062127730130e+01
1.024100000000e+08 2.287212779443e+02 -9.079225328096e+01
1.025100000000e+08 2.288221020702e+02 -9.096427608539e+01
1.026100000000e+08 2.289227589357e+02 -9.113734822330e+01
1.027100000000e+08 2.290232428534e+02 -9.131147218164e+01
1.028100000000e+08 2.291235480947e+02 -9.148665042521e+01
1.029100000000e+08 2.292236688895e+02 -9.166288539615e+01
1.030100000000e+08 2.293235994267e+02 -9.184017951353e+01
1.031100000000e+08 2.294233338532e+02 -9.201853517287e+01
1.032100000000e+08 2.295228662749e+02 -9.219795474568e+01
1.033100000000e+08 2.296221907557e+02 -9.237844057903e+01
1.034100000000e+08 2.297213013181e+02 -9.255999499503e+01
1.035100000000e+08 2.298201919428e+02 -9.274262029041e+01
1.036100000000e+08 2.299188565688e+02 -9.292631873599e+01
1.037100000000e+08 2.300172890932e+02 -9.311109257626e+01
1.038100000000e+08 2.301154833714e+02 -9.329694402884e+01
1.039100000000e+08 2.302134332168e+02 -9.348387528405e+01
1.040100000000e+08 2.303111324009e+02 -9.367188850436e+01
1.041100000000e+08 2.304039078654e+02 -9.386061203160e+01
1.042100000000e+08 2.304932800345e+02 -9.405012254754e+01
1.043100000000e+08 2.305823467872e+02 -9.424065834010e+01
1.044100000000e+08 2.306711020286e+02 -9.443222090362e+01
1.045100000000e+08 2.307595396280e+02 -9.462481170136e+01
1.046100000000e+08 2.308476534195e+02 -9.481843216506e+01
1.047100000000e+08 2.309354372014e+02 -9.501308369453e+01
1.048100000000e+08 2.310228847366e+02 -9.520876765715e+01
1.049100000000e+08 2.311099897529e+02 -9.540548538741e+01
1.050100000000e+08 2.311967459424e+02 -9.560323818647e+01
1.051100000000e+08 2.312831469623e+02 -9.580202732165e+01
1.052100000000e+08 2.313691864343e+02 -9.600185402601e+01
1.053100000000e+08 2.314548579452e+02 -9.620271949786e+01
1.054100000000e+08 2.315401550469e+02 -9.640462490028e+01
1.055100000000e+08 2.316250712563e+02 -9.660757136064e+01
1.056100000000e+08 2.317096000553e+02 -9.681155997015e+01
1.057100000000e+08 2.317937348915e+02 -9.701659178335e+01
1.058100000000e+08 2.318774691774e+02 -9.722266781763e+01
1.059100000000e+08 2.319607962915e+02 -9.742978905278e+01
1.060100000000e+08 2.320428994058e+02 -9.763781967364e+01
1.061100000000e+08 2.321172778068e+02 -9.784562934758e+01
1.062100000000e+08 2.321912062486e+02 -9.805441900966e+01
1.063100000000e+08 2.322646783810e+02 -9.826418902893e+01
1.064100000000e+08 2.323376878262e+02 -9.847493973543e+01
1.065100000000e+08 2.324102281789e+02 -9.868667141973e+01
1.066100000000e+08 2.324822930064e+02 -9.889938433254e+01
1.067100000000e+08 2.325538758490e+02 -9.911307868427e+01
1.068100000000e+08 2.326249702201e+02 -9.932775464461e+01
1.069100000000e+08 2.326955696060e+02 -9.954341234209e+01
1.070100000000e+08 2.327656674669e+02 -9.976005186364e+01
1.071100000000e+08 2.328352572364e+02 -9.997767325420e+01
1.072100000000e+08 2.329043323220e+02 -1.001962765162e+02
1.073100000000e+08 2.329728861054e+02 -1.004158616094e+02
1.074100000000e+08 2.330409119426e+02 -1.006364284499e+02
1.075100000000e+08 2.331084031641e+02 -1.008579769104e+02
1.076100000000e+08 2.331753530751e+02 -1.010805068192e+02
1.077100000000e+08 2.332417549560e+02 -1.013040179602e+02
1.078100000000e+08 2.333076020623e+02 -1.015285100720e+02
1.079100000000e+08 2.333728876252e+02 -1.017539828480e+02
1.080100000000e+08 2.334353073614e+02 -1.019797813333e+02
1.081100000000e+08 2.334917786032e+02 -1.022049869996e+02
1.082100000000e+08 2.335476489384e+02 -1.024311020770e+02
1.083100000000e+08 2.336029119845e+02 -1.026581256541e+02
1.084100000000e+08 2.336575613421e+02 -1.028860567736e+02
1.085100000000e+08 2.337115905948e+02 -1.031148944328e+02
1.086100000000e+08 2.337649933102e+02 -1.033446375831e+02
1.087100000000e+08 2.338177630395e+02 -1.035752851290e+02
1.088100000000e+08 2.338698933184e+02 -1.038068359285e+02
1.089100000000e+08 2.339213776668e+02 -1.040392887926e+02
1.090100000000e+08 2.339722095899e+02 -1.042726424846e+02
1.091100000000e+08 2.340223825777e+02 -1.045068957200e+02
1.092100000000e+08 2.340718901060e+02 -1.047420471663e+02
1.093100000000e+08 2.341207256366e+02 -1.049780954424e+02
1.094100000000e+08 2.341688826171e+02 -1.052150391182e+02
1.095100000000e+08 2.342163544822e+02 -1.054528767147e+02
1.096100000000e+08 2.342631346532e+02 -1.056916067033e+02
1.097100000000e+08 2.343092165390e+02 -1.059312275053e+02
1.098100000000e+08 2.343545935358e+02 -1.061717374921e+02
1.099100000000e+08 2.343992590283e+02 -1.064131349844e+02