  1.0000000e-003
  1.0000000e+004
  2.7000000e-009
  9.9100000e-005
  1.0000000e-007
  1.0000000e-011
  1.0000000e-011
  1.0000000e-013
  5.0000000e-010
  1.0000000e-011
  1.0000000e-004
  5.9600000e+002
  1.0000000e+002
  1.0000000e-008
  3.9000000e-009
  2.6000000e+001
  9.9100000e-002
  3.1000000e-006
  9.9100000e-005
  1.0000000e-013
  1.0000000e-013
  1.0000000e-013
  6.4000000e-009
  1.0000000e-013
  6.0000000e+002
  1.0000000e+002
  1.4000000e-006
  1.0000000e-007
  1.0000000e-013
  1.0000000e-013
  1.0000000e-013
  1.0000000e-010
  1.0000000e-013
  2.0400000e+002
  4.0000000e+002
  1.0000000e-007
