  1.0000000e-003
  1.0000000e+004
  3.8000000e-009
  9.9100000e-005
  9.9100000e-005
  1.0000000e-011
  1.0000000e-011
  1.0000000e-013
  6.0000000e-010
  1.0000000e-011
  1.0000000e-004
  5.1600000e+002
  1.0000000e+002
  1.0000000e-008
  1.0000000e-010
  8.8000000e+001
  9.9100000e-002
  1.0000000e-007
  1.1000000e-006
  1.0000000e-013
  1.0000000e-013
  1.0000000e-013
  1.0000000e-010
  1.0000000e-013
  2.0000000e+002
  1.0000000e+002
  1.0000000e-005
  1.0000000e-007
  1.0000000e-011
  1.0000000e-011
  1.0000000e-011
  2.0000000e-010
  1.0000000e-011
  2.0000000e+002
  1.0000000e+002
  1.0000000e-007
