  1.0000000e-003
  9.9100000e+006
  2.3000000e-009
  9.9100000e-005
  9.9100000e-005
  1.0000000e-011
  1.0000000e-011
  1.0000000e-011
  5.0000000e-010
  1.0000000e-011
  1.0000000e-004
  5.4800000e+002
  1.0600000e+002
  1.0000000e-008
  1.0000000e-010
  1.0000000e+000
  9.9100000e-002
  1.0000000e-007
  1.0000000e-007
  1.0000000e-011
  1.0000000e-013
  1.0000000e-013
  1.0000000e-010
  1.0000000e-013
  2.0000000e+002
  1.0000000e+002
  1.0000000e-007
  1.0000000e-007
  1.0000000e-011
  1.0000000e-013
  1.0000000e-013
  1.0000000e-010
  1.0000000e-013
  2.0000000e+002
  1.0000000e+002
  1.0000000e-007
