   9.0000000e-04
   9.9100000e+06
   4.0000000e-10
   8.6100000e-05
   9.9100000e-05
   1.0000000e-11
   1.0000000e-11
   1.0000000e-11
   6.0000000e-10
   1.0000000e-11
   1.0000000e-04
   5.7200000e+02
   1.0000000e+02
   1.0000000e-08
   1.0000000e-10
   1.0000000e+02
   1.0000000e-04
   1.0000000e-07
   1.1000000e-06
   7.8000000e-12
   1.0000000e-11
   1.0000000e-11
   1.0000000e-10
   1.0000000e-13
   6.0000000e+02
   1.6300000e+02
   3.0000000e-07
   2.9000000e-06
   1.0000000e-11
   1.0000000e-11
   1.0000000e-11
   2.0000000e-10
   1.0000000e-11
   6.0000000e+02
   1.0000000e+02
   1.0000000e-07
