  5.5000000e-002
  1.0000000e+006
  1.0000000e-009
  2.0000000e-005
  2.0000000e-005
  3.0000000e-010
  2.0000000e-011
  1.0000000e-010
  1.7000000e-009
  2.0000000e-010
  1.0000000e-003
  4.7800000e+002
  3.0000000e+002
  2.0000000e-007
  8.0000000e-008
  1.8000000e+001
  1.0000000e-002
  2.0000000e-005
  2.0000000e-005
  4.0000000e-010
  2.0000000e-011
  1.0000000e-010
  2.5000000e-009
  2.5000000e-010
  3.0000000e+002
  5.0000000e+002
  2.0000000e-005
  2.0000000e-005
  4.0000000e-010
  1.0000000e-011
  1.0000000e-010
  1.7000000e-009
  2.5000000e-010
  3.0000000e+002
  3.0000000e+002
  1.1000000e-004
