  9.0000000e+003  4.8250350e+001  6.3773319e+000
  9.0975000e+003  4.8252540e+001  6.4464991e+000
  9.1961000e+003  4.8254780e+001  6.5164449e+000
  9.2958000e+003  4.8257069e+001  6.5871693e+000
  9.3965000e+003  4.8259406e+001  6.6586013e+000
  9.4983000e+003  4.8261794e+001  6.7308119e+000
  9.6013000e+003  4.8264236e+001  6.8038720e+000
  9.7053000e+003  4.8266729e+001  6.8776397e+000
  9.8105000e+003  4.8269278e+001  6.9522567e+000
  9.9168000e+003  4.8271881e+001  7.0276522e+000
  1.0024000e+004  4.8274535e+001  7.1036841e+000
  1.0133000e+004  4.8277263e+001  7.1809910e+000
  1.0243000e+004  4.8280045e+001  7.2590053e+000
  1.0354000e+004  4.8282884e+001  7.3377269e+000
  1.0466000e+004  4.8285779e+001  7.4171558e+000
  1.0579000e+004  4.8288732e+001  7.4972919e+000
  1.0694000e+004  4.8291768e+001  7.5788446e+000
  1.0810000e+004  4.8294865e+001  7.6611045e+000
  1.0927000e+004  4.8298023e+001  7.7440714e+000
  1.1045000e+004  4.8301242e+001  7.8277455e+000
  1.1165000e+004  4.8304550e+001  7.9128359e+000
  1.1286000e+004  4.8307923e+001  7.9986332e+000
  1.1408000e+004  4.8311360e+001  8.0851375e+000
  1.1532000e+004  4.8314891e+001  8.1730579e+000
  1.1657000e+004  4.8318490e+001  8.2616852e+000
  1.1783000e+004  4.8322157e+001  8.3510192e+000
  1.1911000e+004  4.8325921e+001  8.4417691e+000
  1.2040000e+004  4.8329757e+001  8.5332257e+000
  1.2170000e+004  4.8333665e+001  8.6253888e+000
  1.2302000e+004  4.8337675e+001  8.7189677e+000
  1.2436000e+004  4.8341789e+001  8.8139622e+000
  1.2570000e+004  4.8345949e+001  8.9089540e+000
  1.2707000e+004  4.8350247e+001  9.0060703e+000
  1.2844000e+004  4.8354593e+001  9.1031838e+000
  1.2984000e+004  4.8359081e+001  9.2024216e+000
  1.3124000e+004  4.8363619e+001  9.3016565e+000
  1.3266000e+004  4.8368271e+001  9.4023065e+000
  1.3410000e+004  4.8373039e+001  9.5043715e+000
  1.3556000e+004  4.8377926e+001  9.6078514e+000
  1.3702000e+004  4.8382867e+001  9.7113280e+000
  1.3851000e+004  4.8387962e+001  9.8169284e+000
  1.4001000e+004  4.8393148e+001  9.9232344e+000
  1.4153000e+004  4.8398460e+001  1.0030955e+001
  1.4306000e+004  4.8403865e+001  1.0139381e+001
  1.4461000e+004  4.8409400e+001  1.0249221e+001
  1.4618000e+004  4.8415066e+001  1.0360475e+001
  1.4776000e+004  4.8420831e+001  1.0472435e+001
  1.4936000e+004  4.8426732e+001  1.0585808e+001
  1.5098000e+004  4.8432771e+001  1.0700595e+001
  1.5262000e+004  4.8438950e+001  1.0816796e+001
  1.5427000e+004  4.8445235e+001  1.0933701e+001
  1.5594000e+004  4.8451665e+001  1.1052020e+001
  1.5763000e+004  4.8458243e+001  1.1171752e+001
  1.5934000e+004  4.8464969e+001  1.1292896e+001
  1.6107000e+004  4.8471849e+001  1.1415454e+001
  1.6281000e+004  4.8478843e+001  1.1538716e+001
  1.6458000e+004  4.8486035e+001  1.1664099e+001
  1.6636000e+004  4.8493346e+001  1.1790186e+001
  1.6816000e+004  4.8500819e+001  1.1917685e+001
  1.6999000e+004  4.8508497e+001  1.2047305e+001
  1.7183000e+004  4.8516303e+001  1.2177628e+001
  1.7369000e+004  4.8524278e+001  1.2309363e+001
  1.7557000e+004  4.8532427e+001  1.2442509e+001
  1.7748000e+004  4.8540794e+001  1.2577775e+001
  1.7940000e+004  4.8549297e+001  1.2713744e+001
  1.8134000e+004  4.8557982e+001  1.2851123e+001
  1.8331000e+004  4.8566895e+001  1.2990622e+001
  1.8529000e+004  4.8575952e+001  1.3130823e+001
  1.8730000e+004  4.8585244e+001  1.3273142e+001
  1.8933000e+004  4.8594731e+001  1.3416871e+001
  1.9138000e+004  4.8604415e+001  1.3562010e+001
  1.9346000e+004  4.8614346e+001  1.3709267e+001
  1.9555000e+004  4.8624434e+001  1.3857224e+001
  1.9767000e+004  4.8634777e+001  1.4007299e+001
  1.9982000e+004  4.8645379e+001  1.4159491e+001
  2.0198000e+004  4.8656147e+001  1.4312383e+001
  2.0417000e+004  4.8667182e+001  1.4467391e+001
  2.0638000e+004  4.8678438e+001  1.4623807e+001
  2.0862000e+004  4.8689971e+001  1.4782338e+001
  2.1088000e+004  4.8701732e+001  1.4942277e+001
  2.1316000e+004  4.8713725e+001  1.5103622e+001
  2.1547000e+004  4.8726008e+001  1.5267082e+001
  2.1781000e+004  4.8738584e+001  1.5432656e+001
  2.2017000e+004  4.8751405e+001  1.5599636e+001
  2.2256000e+004  4.8764530e+001  1.5768729e+001
  2.2497000e+004  4.8777908e+001  1.5939227e+001
  2.2741000e+004  4.8791599e+001  1.6111838e+001
  2.2987000e+004  4.8805551e+001  1.6285853e+001
  2.3236000e+004  4.8819825e+001  1.6461979e+001
  2.3488000e+004  4.8834428e+001  1.6640217e+001
  2.3742000e+004  4.8849306e+001  1.6819857e+001
  2.4000000e+004  4.8864581e+001  1.7002316e+001
  2.4260000e+004  4.8880141e+001  1.7186176e+001
  2.4523000e+004  4.8896051e+001  1.7372145e+001
  2.4788000e+004  4.8912255e+001  1.7559515e+001
  2.5057000e+004  4.8928881e+001  1.7749701e+001
  2.5329000e+004  4.8945874e+001  1.7941994e+001
  2.5603000e+004  4.8963177e+001  1.8135687e+001
  2.5880000e+004  4.8980858e+001  1.8331486e+001
  2.6161000e+004  4.8998989e+001  1.8530097e+001
  2.6444000e+004  4.9017445e+001  1.8730106e+001
  2.6731000e+004  4.9036365e+001  1.8932927e+001
  2.7021000e+004  4.9055689e+001  1.9137851e+001
  2.7313000e+004  4.9075356e+001  1.9344171e+001
  2.7609000e+004  4.9095507e+001  1.9553300e+001
  2.7909000e+004  4.9116152e+001  1.9765237e+001
  2.8211000e+004  4.9137159e+001  1.9978569e+001
  2.8517000e+004  4.9158673e+001  2.0194706e+001
  2.8826000e+004  4.9180633e+001  2.0412943e+001
  2.9138000e+004  4.9203046e+001  2.0633278e+001
  2.9454000e+004  4.9225991e+001  2.0856417e+001
  2.9773000e+004  4.9249403e+001  2.1081652e+001
  3.0096000e+004  4.9273365e+001  2.1309689e+001
  3.0422000e+004  4.9297811e+001  2.1539821e+001
  3.0751000e+004  4.9322747e+001  2.1772046e+001
  3.1085000e+004  4.9348335e+001  2.2007776e+001
  3.1422000e+004  4.9374432e+001  2.2245598e+001
  3.1762000e+004  4.9401045e+001  2.2485510e+001
  3.2106000e+004  4.9428261e+001  2.2728218e+001
  3.2454000e+004  4.9456091e+001  2.2973720e+001
  3.2806000e+004  4.9484544e+001  2.3222014e+001
  3.3161000e+004  4.9513549e+001  2.3472395e+001
  3.3521000e+004  4.9543279e+001  2.3726272e+001
  3.3884000e+004  4.9573581e+001  2.3982232e+001
  3.4251000e+004  4.9604546e+001  2.4240980e+001
  3.4622000e+004  4.9636186e+001  2.4502514e+001
  3.4998000e+004  4.9668598e+001  2.4767537e+001
  3.5377000e+004  4.9701621e+001  2.5034639e+001
  3.5760000e+004  4.9735351e+001  2.5304523e+001
  3.6148000e+004  4.9769891e+001  2.5577891e+001
  3.6539000e+004  4.9805071e+001  2.5853333e+001
  3.6935000e+004  4.9841085e+001  2.6132256e+001
  3.7336000e+004  4.9877948e+001  2.6414659e+001
  3.7740000e+004  4.9915485e+001  2.6699131e+001
  3.8149000e+004  4.9953895e+001  2.6987078e+001
  3.8563000e+004  4.9993195e+001  2.7278498e+001
  3.8980000e+004  5.0033204e+001  2.7571982e+001
  3.9403000e+004  5.0074226e+001  2.7869639e+001
  3.9830000e+004  5.0116081e+001  2.8170059e+001
  4.0261000e+004  5.0158782e+001  2.8473242e+001
  4.0698000e+004  5.0202545e+001  2.8780589e+001
  4.1139000e+004  5.0247182e+001  2.9090693e+001
  4.1585000e+004  5.0292811e+001  2.9404255e+001
  4.2035000e+004  5.0339344e+001  2.9720570e+001
  4.2491000e+004  5.0387004e+001  3.0041039e+001
  4.2951000e+004  5.0435598e+001  3.0364256e+001
  4.3417000e+004  5.0485356e+001  3.0691622e+001
  4.3887000e+004  5.0536079e+001  3.1021730e+001
  4.4363000e+004  5.0588003e+001  3.1355981e+001
  4.4843000e+004  5.0640923e+001  3.1692970e+001
  4.5329000e+004  5.0695081e+001  3.2034094e+001
  4.5821000e+004  5.0750497e+001  3.2379352e+001
  4.6317000e+004  5.0806962e+001  3.2727338e+001
  4.6819000e+004  5.0864723e+001  3.3079450e+001
  4.7326000e+004  5.0923685e+001  3.3434984e+001
  4.7839000e+004  5.0983985e+001  3.3794637e+001
  4.8358000e+004  5.1045646e+001  3.4158405e+001
  4.8882000e+004  5.1108567e+001  3.4525584e+001
  4.9411000e+004  5.1172769e+001  3.4896172e+001
  4.9947000e+004  5.1238518e+001  3.5271561e+001
  5.0488000e+004  5.1305591e+001  3.5650349e+001
  5.1035000e+004  5.1374135e+001  3.6033232e+001
  5.1588000e+004  5.1444172e+001  3.6420205e+001
  5.2147000e+004  5.1515727e+001  3.6811262e+001
  5.2712000e+004  5.1588824e+001  3.7206400e+001
  5.3283000e+004  5.1663487e+001  3.7605614e+001
  5.3861000e+004  5.1739876e+001  3.8009594e+001
  5.4445000e+004  5.1817884e+001  3.8417639e+001
  5.5035000e+004  5.1897535e+001  3.8829744e+001
  5.5631000e+004  5.1978855e+001  3.9245904e+001
  5.6234000e+004  5.2062011e+001  3.9666808e+001
  5.6843000e+004  5.2146890e+001  4.0091755e+001
  5.7459000e+004  5.2233662e+001  4.0521435e+001
  5.8082000e+004  5.2322358e+001  4.0955840e+001
  5.8711000e+004  5.2412862e+001  4.1394271e+001
  5.9347000e+004  5.2505350e+001  4.1837413e+001
  5.9991000e+004  5.2600004e+001  4.2285955e+001
  6.0641000e+004  5.2696556e+001  4.2738502e+001
  6.1298000e+004  5.2795189e+001  4.3195739e+001
  6.1962000e+004  5.2895934e+001  4.3657660e+001
  6.2633000e+004  5.2998824e+001  4.4124257e+001
  6.3312000e+004  5.3104052e+001  4.4596214e+001
  6.3998000e+004  5.3211495e+001  4.5072830e+001
  6.4692000e+004  5.3321350e+001  4.5554788e+001
  6.5393000e+004  5.3433493e+001  4.6041388e+001
  6.6101000e+004  5.3547958e+001  4.6532621e+001
  6.6818000e+004  5.3665113e+001  4.7029859e+001
  6.7542000e+004  5.3784667e+001  4.7531711e+001
  6.8274000e+004  5.3906827e+001  4.8038858e+001
  6.9014000e+004  5.4031634e+001  4.8551288e+001
  6.9761000e+004  5.4158955e+001  4.9068303e+001
  7.0517000e+004  5.4289178e+001  4.9591268e+001
  7.1282000e+004  5.4422352e+001  5.0120171e+001
  7.2054000e+004  5.4558165e+001  5.0653626e+001
  7.2835000e+004  5.4697019e+001  5.1192995e+001
  7.3624000e+004  5.4838780e+001  5.1737579e+001
  7.4422000e+004  5.4983675e+001  5.2288051e+001
  7.5228000e+004  5.5131570e+001  5.2843712e+001
  7.6044000e+004  5.5282886e+001  5.3405918e+001
  7.6868000e+004  5.5437299e+001  5.3973285e+001
  7.7701000e+004  5.5595048e+001  5.4546484e+001
  7.8543000e+004  5.5756184e+001  5.5125500e+001
  7.9394000e+004  5.5920761e+001  5.5710317e+001
  8.0254000e+004  5.6088831e+001  5.6300920e+001
  8.1124000e+004  5.6260649e+001  5.6897972e+001
  8.2003000e+004  5.6436072e+001  5.7500777e+001
  8.2891000e+004  5.6615155e+001  5.8109317e+001
  8.3790000e+004  5.6798368e+001  5.8724933e+001
  8.4698000e+004  5.6985370e+001  5.9346217e+001
  8.5616000e+004  5.7176426e+001  5.9973839e+001
  8.6543000e+004  5.7371382e+001  6.0607110e+001
  8.7481000e+004  5.7570718e+001  6.1247385e+001
  8.8429000e+004  5.7774292e+001  6.1893954e+001
  8.9387000e+004  5.7982169e+001  6.2546794e+001
  9.0356000e+004  5.8194634e+001  6.3206568e+001
  9.1335000e+004  5.8411539e+001  6.3872565e+001
  9.2325000e+004  5.8633174e+001  6.4545446e+001
  9.3325000e+004  5.8859388e+001  6.5224501e+001
  9.4337000e+004  5.9090706e+001  6.5911070e+001
  9.5359000e+004  5.9326749e+001  6.6603760e+001
  9.6392000e+004  5.9567819e+001  6.7303226e+001
  9.7437000e+004  5.9814229e+001  6.8010120e+001
  9.8493000e+004  6.0065826e+001  6.8723731e+001
  9.9560000e+004  6.0322689e+001  6.9444029e+001
  1.0064000e+005  6.0585383e+001  7.0172341e+001
  1.0173000e+005  6.0853265e+001  7.0906596e+001
  1.0283000e+005  6.1126409e+001  7.1646765e+001
  1.0395000e+005  6.1407398e+001  7.2399587e+001
  1.0507000e+005  6.1691309e+001  7.3151484e+001
  1.0621000e+005  6.1983266e+001  7.3915956e+001
  1.0736000e+005  6.2280832e+001  7.4686201e+001
  1.0853000e+005  6.2586703e+001  7.5468923e+001
  1.0970000e+005  6.2895743e+001  7.6250607e+001
  1.1089000e+005  6.3213294e+001  7.7044683e+001
  1.1209000e+005  6.3536814e+001  7.7844380e+001
  1.1331000e+005  6.3869112e+001  7.8656362e+001
  1.1453000e+005  6.4204832e+001  7.9467185e+001
  1.1578000e+005  6.4552334e+001  8.0296882e+001
  1.1703000e+005  6.4903415e+001  8.1125345e+001
  1.1830000e+005  6.5263763e+001  8.1965887e+001
  1.1958000e+005  6.5630669e+001  8.2811788e+001
  1.2088000e+005  6.6007122e+001  8.3669649e+001
  1.2219000e+005  6.6390357e+001  8.4532767e+001
  1.2351000e+005  6.6780454e+001  8.5401103e+001
  1.2485000e+005  6.7180495e+001  8.6281221e+001
  1.2620000e+005  6.7587627e+001  8.7166448e+001
  1.2757000e+005  6.8004993e+001  8.8063327e+001
  1.2895000e+005  6.8429679e+001  8.8965205e+001
  1.3035000e+005  6.8864895e+001  8.9878597e+001
  1.3176000e+005  6.9307666e+001  9.0796874e+001
  1.3319000e+005  6.9761266e+001  9.1726523e+001
  1.3463000e+005  7.0222657e+001  9.2660938e+001
  1.3609000e+005  7.0695181e+001  9.3606579e+001
  1.3757000e+005  7.1179024e+001  9.4563358e+001
  1.3906000e+005  7.1671054e+001  9.5524702e+001
  1.4056000e+005  7.2171361e+001  9.6490559e+001
  1.4209000e+005  7.2686809e+001  9.7473791e+001
  1.4363000e+005  7.3210848e+001  9.8461376e+001
  1.4518000e+005  7.3743569e+001  9.9453260e+001
  1.4676000e+005  7.4292047e+001  1.0046222e+002
  1.4835000e+005  7.4849529e+001  1.0147530e+002
  1.4995000e+005  7.5416108e+001  1.0249246e+002
  1.5158000e+005  7.5999073e+001  1.0352637e+002
  1.5322000e+005  7.6591463e+001  1.0456418e+002
  1.5488000e+005  7.7197043e+001  1.0561217e+002
  1.5656000e+005  7.7816018e+001  1.0667022e+002
  1.5826000e+005  7.8448592e+001  1.0773822e+002
  1.5997000e+005  7.9091192e+001  1.0880978e+002
  1.6171000e+005  7.9751552e+001  1.0989738e+002
  1.6346000e+005  8.0422281e+001  1.1098834e+002
  1.6523000e+005  8.1107373e+001  1.1208883e+002
  1.6702000e+005  8.1807041e+001  1.1319873e+002
  1.6883000e+005  8.2521499e+001  1.1431793e+002
  1.7066000e+005  8.3250964e+001  1.1544629e+002
  1.7251000e+005  8.3995655e+001  1.1658370e+002
  1.7438000e+005  8.4755791e+001  1.1773003e+002
  1.7627000e+005  8.5531595e+001  1.1888515e+002
  1.7818000e+005  8.6323290e+001  1.2004893e+002
  1.8011000e+005  8.7131101e+001  1.2122125e+002
  1.8206000e+005  8.7955255e+001  1.2240195e+002
  1.8403000e+005  8.8795982e+001  1.2359092e+002
  1.8603000e+005  8.9657848e+001  1.2479404e+002
  1.8804000e+005  9.0532457e+001  1.2599910e+002
  1.9008000e+005  9.1428758e+001  1.2721799e+002
  1.9214000e+005  9.2342652e+001  1.2844453e+002
  1.9422000e+005  9.3274379e+001  1.2967859e+002
  1.9633000e+005  9.4228732e+001  1.3092594e+002
  1.9846000e+005  9.5201492e+001  1.3218046e+002
  2.0061000e+005  9.6192907e+001  1.3344201e+002
  2.0278000e+005  9.7203224e+001  1.3471043e+002
  2.0498000e+005  9.8237426e+001  1.3599140e+002
  2.0720000e+005  9.9291129e+001  1.3727889e+002
  2.0944000e+005  1.0036459e+002  1.3857275e+002
  2.1171000e+005  1.0146294e+002  1.3987856e+002
  2.1401000e+005  1.0258658e+002  1.4119610e+002
  2.1633000e+005  1.0373095e+002  1.4251942e+002
  2.1867000e+005  1.0489634e+002  1.4384836e+002
  2.2104000e+005  1.0608806e+002  1.4518842e+002
  2.2344000e+005  1.0730655e+002  1.4653933e+002
  2.2586000e+005  1.0854708e+002  1.4789527e+002
  2.2830000e+005  1.0980994e+002  1.4925606e+002
  2.3078000e+005  1.1110593e+002  1.5063261e+002
  2.3328000e+005  1.1242504e+002  1.5201357e+002
  2.3581000e+005  1.1377292e+002  1.5340424e+002
  2.3836000e+005  1.1514464e+002  1.5479890e+002
  2.4095000e+005  1.1655143e+002  1.5620825e+002
  2.4356000e+005  1.1798289e+002  1.5762113e+002
  2.4620000e+005  1.1944493e+002  1.5904273e+002
  2.4886000e+005  1.2093241e+002  1.6046744e+002
  2.5156000e+005  1.2245703e+002  1.6190570e+002
  2.5429000e+005  1.2401375e+002  1.6335188e+002
  2.5704000e+005  1.2559730e+002  1.6480044e+002
  2.5983000e+005  1.2721974e+002  1.6626163e+002
  2.6264000e+005  1.2886999e+002  1.6772472e+002
  2.6549000e+005  1.3056036e+002  1.6919982e+002
  2.6837000e+005  1.3228559e+002  1.7068143e+002
  2.7128000e+005  1.3404626e+002  1.7216925e+002
  2.7421000e+005  1.3583686e+002  1.7365795e+002
  2.7719000e+005  1.3767642e+002  1.7516240e+002
  2.8019000e+005  1.3954717e+002  1.7666713e+002
  2.8323000e+005  1.4146225e+002  1.7818186e+002
  2.8630000e+005  1.4341613e+002  1.7970126e+002
  2.8940000e+005  1.4540953e+002  1.8122502e+002
  2.9253000e+005  1.4744318e+002  1.8275283e+002
  2.9570000e+005  1.4952441e+002  1.8428919e+002
  2.9891000e+005  1.5165423e+002  1.8583369e+002
  3.0215000e+005  1.5382693e+002  1.8738113e+002
  3.0542000e+005  1.5604334e+002  1.8893118e+002
  3.0873000e+005  1.5831122e+002  1.9048818e+002
  3.1208000e+005  1.6063171e+002  1.9205167e+002
  3.1546000e+005  1.6299895e+002  1.9361658e+002
  3.1888000e+005  1.6542105e+002  1.9518711e+002
  3.2233000e+005  1.6789209e+002  1.9675825e+002
  3.2583000e+005  1.7042769e+002  1.9833857e+002
  3.2936000e+005  1.7301478e+002  1.9991855e+002
  3.3293000e+005  1.7566199e+002  2.0150217e+002
  3.3653000e+005  1.7836328e+002  2.0308451e+002
  3.4018000e+005  1.8113522e+002  2.0467377e+002
  3.4387000e+005  1.8397201e+002  2.0626493e+002
  3.4759000e+005  1.8686757e+002  2.0785313e+002
  3.5136000e+005  1.8983924e+002  2.0944622e+002
  3.5517000e+005  1.9288122e+002  2.1103923e+002
  3.5902000e+005  1.9599550e+002  2.1263141e+002
  3.6291000e+005  1.9918420e+002  2.1422199e+002
  3.6684000e+005  2.0244953e+002  2.1581014e+002
  3.7081000e+005  2.0579383e+002  2.1739496e+002
  3.7483000e+005  2.0922814e+002  2.1897942e+002
  3.7889000e+005  2.1274672e+002  2.2055848e+002
  3.8300000e+005  2.1636115e+002  2.2213483e+002
  3.8715000e+005  2.2006577e+002  2.2370337e+002
  3.9135000e+005  2.2387275e+002  2.2526648e+002
  3.9559000e+005  2.2777653e+002  2.2681893e+002
  3.9987000e+005  2.3178054e+002  2.2835918e+002
  4.0421000e+005  2.3590756e+002  2.2989249e+002
  4.0859000e+005  2.4014294e+002  2.3140974e+002
  4.1301000e+005  2.4449080e+002  2.3290887e+002
  4.1749000e+005  2.4897561e+002  2.3439412e+002
  4.2201000e+005  2.5358255e+002  2.3585612e+002
  4.2659000e+005  2.5833739e+002  2.3729824e+002
  4.3121000e+005  2.6322519e+002  2.3871081e+002
  4.3588000e+005  2.6826230e+002  2.4009324e+002
  4.4061000e+005  2.7346626e+002  2.4144412e+002
  4.4538000e+005  2.7882194e+002  2.4275308e+002
  4.5021000e+005  2.8435896e+002  2.4402035e+002
  4.5509000e+005  2.9007387e+002  2.4523728e+002
  4.6002000e+005  2.9597468e+002  2.4639729e+002
  4.6500000e+005  3.0206986e+002  2.4749307e+002
  4.7004000e+005  3.0838088e+002  2.4851830e+002
  4.7514000e+005  3.1491792e+002  2.4946320e+002
  4.8028000e+005  3.2166508e+002  2.5031367e+002
  4.8549000e+005  3.2867226e+002  2.5106258e+002
  4.9075000e+005  3.3592403e+002  2.5169320e+002
  4.9607000e+005  3.4344540e+002  2.5219147e+002
  5.0144000e+005  3.5123376e+002  2.5253930e+002
  5.0688000e+005  3.5933026e+002  2.5271817e+002
  5.1237000e+005  3.6771735e+002  2.5270521e+002
  5.1792000e+005  3.7642170e+002  2.5247591e+002
  5.2353000e+005  3.8545486e+002  2.5200220e+002
  5.2921000e+005  3.9484435e+002  2.5125097e+002
  5.3494000e+005  4.0456679e+002  2.5018957e+002
  5.4074000e+005  4.1466401e+002  2.4877473e+002
  5.4660000e+005  4.2512493e+002  2.4696398e+002
  5.5252000e+005  4.3595204e+002  2.4470844e+002
  5.5851000e+005  4.4716268e+002  2.4194911e+002
  5.6456000e+005  4.5873200e+002  2.3863008e+002
  5.7068000e+005  4.7066624e+002  2.3467968e+002
  5.7686000e+005  4.8292484e+002  2.3003306e+002
  5.8312000e+005  4.9551654e+002  2.2459703e+002
  5.8943000e+005  5.0833766e+002  2.1831767e+002
  5.9582000e+005  5.2139094e+002  2.1108212e+002
  6.0228000e+005  5.3458129e+002  2.0281443e+002
  6.0880000e+005  5.4779439e+002  1.9344698e+002
  6.1540000e+005  5.6095508e+002  1.8287457e+002
  6.2207000e+005  5.7390477e+002  1.7104611e+002
  6.2881000e+005  5.8648225e+002  1.5791474e+002
  6.3563000e+005  5.9852170e+002  1.4343659e+002
  6.4251000e+005  6.0978738e+002  1.2766552e+002
  6.4948000e+005  6.2011263e+002  1.1058260e+002
  6.5651000e+005  6.2923630e+002  9.2359516e+001
  6.6363000e+005  6.3698869e+002  7.3070423e+001
  6.7082000e+005  6.4316362e+002  5.2974534e+001
  6.7809000e+005  6.4763134e+002  3.2302459e+001
  6.8544000e+005  6.5031217e+002  1.1353884e+001
  6.9287000e+005  6.5120470e+002 -9.5456369e+000
  7.0037000e+005  6.5039985e+002 -3.0041633e+001
  7.0796000e+005  6.4807794e+002 -4.9885842e+001
  7.1564000e+005  6.4450677e+002 -6.8828543e+001
  7.2339000e+005  6.4004338e+002 -8.6663150e+001
  7.3123000e+005  6.3507501e+002 -1.0339056e+002
  7.3915000e+005  6.3002113e+002 -1.1907856e+002
  7.4716000e+005  6.2526525e+002 -1.3398321e+002
  7.5526000e+005  6.2112458e+002 -1.4849042e+002
  7.6344000e+005  6.1779118e+002 -1.6310869e+002
  7.7172000e+005  6.1525947e+002 -1.7851392e+002
  7.8008000e+005  6.1328305e+002 -1.9536518e+002
  7.8853000e+005  6.1130224e+002 -2.1435291e+002
  7.9708000e+005  6.0841373e+002 -2.3601486e+002
  8.0572000e+005  6.0341130e+002 -2.6049520e+002
  8.1445000e+005  5.9491527e+002 -2.8744813e+002
  8.2327000e+005  5.8162294e+002 -3.1588879e+002
  8.3219000e+005  5.6262326e+002 -3.4424948e+002
  8.4121000e+005  5.3773970e+002 -3.7054407e+002
  8.5033000e+005  5.0767691e+002 -3.9280696e+002
  8.5954000e+005  4.7394282e+002 -4.0952365e+002
  8.6886000e+005  4.3835483e+002 -4.1999602e+002
  8.7827000e+005  4.0286735e+002 -4.2426602e+002
  8.8779000e+005  3.6895069e+002 -4.2303564e+002
  8.9741000e+005  3.3769441e+002 -4.1733522e+002
  9.0713000e+005  3.0966019e+002 -4.0829542e+002
  9.1696000e+005  2.8499343e+002 -3.9695128e+002
  9.2690000e+005  2.6360559e+002 -3.8417488e+002
  9.3695000e+005  2.4525051e+002 -3.7064764e+002
  9.4710000e+005  2.2962185e+002 -3.5688622e+002
  9.5736000e+005  2.1635992e+002 -3.4323141e+002
  9.6774000e+005  2.0512728e+002 -3.2990846e+002
  9.7822000e+005  1.9564733e+002 -3.1709399e+002
  9.8882000e+005  1.8763712e+002 -3.0485281e+002
  9.9954000e+005  1.8087224e+002 -2.9323211e+002
  1.0104000e+006  1.7515055e+002 -2.8222969e+002
  1.0213000e+006  1.7035615e+002 -2.7193789e+002
  1.0324000e+006  1.6627748e+002 -2.6219009e+002
  1.0436000e+006  1.6284397e+002 -2.5305627e+002
  1.0549000e+006  1.5995442e+002 -2.4450444e+002
  1.0663000e+006  1.5752406e+002 -2.3650073e+002
  1.0779000e+006  1.5546440e+002 -2.2894779e+002
  1.0896000e+006  1.5373880e+002 -2.2188422e+002
  1.1014000e+006  1.5229551e+002 -2.1527670e+002
  1.1133000e+006  1.5109089e+002 -2.0909363e+002
  1.1254000e+006  1.5007969e+002 -2.0325834e+002
  1.1376000e+006  1.4924180e+002 -1.9779661e+002
  1.1499000e+006  1.4854988e+002 -1.9268182e+002
  1.1623000e+006  1.4798065e+002 -1.8788928e+002
  1.1749000e+006  1.4751048e+002 -1.8336104e+002
  1.1877000e+006  1.4712449e+002 -1.7908327e+002
  1.2005000e+006  1.4681450e+002 -1.7510346e+002
  1.2135000e+006  1.4656194e+002 -1.7133970e+002
  1.2267000e+006  1.4635702e+002 -1.6778070e+002
  1.2400000e+006  1.4619231e+002 -1.6444023e+002
  1.2534000e+006  1.4605935e+002 -1.6130291e+002
  1.2670000e+006  1.4594997e+002 -1.5833322e+002
  1.2807000e+006  1.4585907e+002 -1.5554229e+002
  1.2946000e+006  1.4578055e+002 -1.5289909e+002
  1.3086000e+006  1.4571046e+002 -1.5041324e+002
  1.3228000e+006  1.4564417e+002 -1.4805761e+002
  1.3372000e+006  1.4557823e+002 -1.4582531e+002
  1.3517000e+006  1.4551009e+002 -1.4372396e+002
  1.3663000e+006  1.4543712e+002 -1.4174448e+002
  1.3811000e+006  1.4535653e+002 -1.3986606e+002
  1.3961000e+006  1.4526632e+002 -1.3808328e+002
  1.4112000e+006  1.4516547e+002 -1.3640186e+002
  1.4265000e+006  1.4505187e+002 -1.3480456e+002
  1.4420000e+006  1.4492427e+002 -1.3328676e+002
  1.4576000e+006  1.4478252e+002 -1.3185307e+002
  1.4734000e+006  1.4462492e+002 -1.3048914e+002
  1.4893000e+006  1.4445186e+002 -1.2919900e+002
  1.5055000e+006  1.4426057e+002 -1.2796253e+002
  1.5218000e+006  1.4405292e+002 -1.2679161e+002
  1.5383000e+006  1.4382742e+002 -1.2567496e+002
  1.5550000e+006  1.4358382e+002 -1.2460937e+002
  1.5718000e+006  1.4332354e+002 -1.2359770e+002
  1.5888000e+006  1.4304512e+002 -1.2263046e+002
  1.6061000e+006  1.4274681e+002 -1.2169968e+002
  1.6235000e+006  1.4243211e+002 -1.2081358e+002
  1.6410000e+006  1.4210140e+002 -1.1996886e+002
  1.6588000e+006  1.4175115e+002 -1.1915345e+002
  1.6768000e+006  1.4138344e+002 -1.1837010e+002
  1.6950000e+006  1.4099858e+002 -1.1761667e+002
  1.7133000e+006  1.4059911e+002 -1.1689500e+002
  1.7319000e+006  1.4018108e+002 -1.1619526e+002
  1.7507000e+006  1.3974703e+002 -1.1551966e+002
  1.7697000e+006  1.3929742e+002 -1.1486647e+002
  1.7888000e+006  1.3883516e+002 -1.1423729e+002
  1.8082000e+006  1.3835590e+002 -1.1362396e+002
  1.8278000e+006  1.3786255e+002 -1.1302837e+002
  1.8476000e+006  1.3735563e+002 -1.1244913e+002
  1.8676000e+006  1.3683569e+002 -1.1188495e+002
  1.8879000e+006  1.3630063e+002 -1.1133188e+002
  1.9083000e+006  1.3575626e+002 -1.1079422e+002
  1.9290000e+006  1.3519783e+002 -1.1026559e+002
  1.9499000e+006  1.3462856e+002 -1.0974761e+002
  1.9710000e+006  1.3404902e+002 -1.0923931e+002
  1.9924000e+006  1.3345702e+002 -1.0873744e+002
  2.0140000e+006  1.3285587e+002 -1.0824357e+002
  2.0358000e+006  1.3224614e+002 -1.0775690e+002
  2.0579000e+006  1.3162559e+002 -1.0727449e+002
  2.0802000e+006  1.3099758e+002 -1.0679789e+002
  2.1027000e+006  1.3036266e+002 -1.0632643e+002
  2.1255000e+006  1.2971858e+002 -1.0585745e+002
  2.1485000e+006  1.2906868e+002 -1.0539248e+002
  2.1718000e+006  1.2841068e+002 -1.0492901e+002
  2.1954000e+006  1.2774513e+002 -1.0446664e+002
  2.2192000e+006  1.2707536e+002 -1.0400690e+002
  2.2432000e+006  1.2640188e+002 -1.0354937e+002
  2.2675000e+006  1.2572239e+002 -1.0309178e+002
  2.2921000e+006  1.2503741e+002 -1.0263383e+002
  2.3169000e+006  1.2435021e+002 -1.0217710e+002
  2.3420000e+006  1.2365850e+002 -1.0171946e+002
  2.3674000e+006  1.2296276e+002 -1.0126069e+002
  2.3931000e+006  1.2226348e+002 -1.0080060e+002
  2.4190000e+006  1.2156382e+002 -1.0034078e+002
  2.4452000e+006  1.2086150e+002 -9.9879276e+001
  2.4717000e+006  1.2015699e+002 -9.9415948e+001
  2.4985000e+006  1.1945070e+002 -9.8950681e+001
  2.5256000e+006  1.1874308e+002 -9.8483374e+001
  2.5529000e+006  1.1803711e+002 -9.8015653e+001
  2.5806000e+006  1.1732802e+002 -9.7544021e+001
  2.6086000e+006  1.1661879e+002 -9.7070147e+001
  2.6368000e+006  1.1591229e+002 -9.6595669e+001
  2.6654000e+006  1.1520388e+002 -9.6117197e+001
  2.6943000e+006  1.1449643e+002 -9.5636405e+001
  2.7235000e+006  1.1379027e+002 -9.5153294e+001
  2.7530000e+006  1.1308572e+002 -9.4667874e+001
  2.7828000e+006  1.1238310e+002 -9.4180164e+001
  2.8130000e+006  1.1168038e+002 -9.3688572e+001
  2.8435000e+006  1.1098023e+002 -9.3194777e+001
  2.8743000e+006  1.1028292e+002 -9.2698826e+001
  2.9054000e+006  1.0958870e+002 -9.2200773e+001
  2.9369000e+006  1.0889563e+002 -9.1699091e+001
  2.9687000e+006  1.0820620e+002 -9.1195453e+001
  3.0009000e+006  1.0751849e+002 -9.0688360e+001
  3.0334000e+006  1.0683489e+002 -9.0179480e+001
  3.0663000e+006  1.0615356e+002 -8.9667340e+001
  3.0995000e+006  1.0547677e+002 -8.9153600e+001
  3.1331000e+006  1.0480272e+002 -8.8636813e+001
  3.1671000e+006  1.0413166e+002 -8.8117100e+001
  3.2014000e+006  1.0346574e+002 -8.7596100e+001
  3.2361000e+006  1.0280321e+002 -8.7072404e+001
  3.2711000e+006  1.0214616e+002 -8.6547636e+001
  3.3066000e+006  1.0149102e+002 -8.6018923e+001
  3.3424000e+006  1.0084169e+002 -8.5489379e+001
  3.3786000e+006  1.0019648e+002 -8.4957638e+001
  3.4153000e+006  9.9553846e+001 -8.4422378e+001
  3.4523000e+006  9.8917435e+001 -8.3886652e+001
  3.4897000e+006  9.8285636e+001 -8.3349125e+001
  3.5275000e+006  9.7658591e+001 -8.2809930e+001
  3.5657000e+006  9.7036430e+001 -8.2269198e+001
  3.6044000e+006  9.6417693e+001 -8.1725659e+001
  3.6434000e+006  9.5805684e+001 -8.1182254e+001
  3.6829000e+006  9.5197370e+001 -8.0636320e+001
  3.7228000e+006  9.4594427e+001 -8.0089384e+001
  3.7632000e+006  9.3995472e+001 -7.9540216e+001
  3.8039000e+006  9.3403541e+001 -7.8991659e+001
  3.8452000e+006  9.2814386e+001 -7.8439802e+001
  3.8868000e+006  9.2232382e+001 -7.7888794e+001
  3.9289000e+006  9.1654784e+001 -7.7336098e+001
  3.9715000e+006  9.1081718e+001 -7.6781862e+001
  4.0146000e+006  9.0513299e+001 -7.6226231e+001
  4.0581000e+006  8.9950912e+001 -7.5670620e+001
  4.1020000e+006  8.9394578e+001 -7.5115135e+001
  4.1465000e+006  8.8841860e+001 -7.4557376e+001
  4.1914000e+006  8.8295320e+001 -7.3999989e+001
  4.2368000e+006  8.7753784e+001 -7.3441844e+001
  4.2827000e+006  8.7217322e+001 -7.2883066e+001
  4.3292000e+006  8.6684866e+001 -7.2322581e+001
  4.3761000e+006  8.6158756e+001 -7.1762923e+001
  4.4235000e+006  8.5637889e+001 -7.1202995e+001
  4.4714000e+006  8.5122307e+001 -7.0642914e+001
  4.5199000e+006  8.4611008e+001 -7.0081635e+001
  4.5689000e+006  8.4105109e+001 -6.9520444e+001
  4.6184000e+006  8.3604634e+001 -6.8959444e+001
  4.6684000e+006  8.3109604e+001 -6.8398736e+001
  4.7190000e+006  8.2619080e+001 -6.7837311e+001
  4.7701000e+006  8.2134068e+001 -6.7276391e+001
  4.8218000e+006  8.1653658e+001 -6.6714984e+001
  4.8741000e+006  8.1177911e+001 -6.6153212e+001
  4.9269000e+006  8.0707759e+001 -6.5592251e+001
  4.9803000e+006  8.0242333e+001 -6.5031134e+001
  5.0343000e+006  7.9781679e+001 -6.4469972e+001
  5.0888000e+006  7.9326658e+001 -6.3909895e+001
  5.1440000e+006  7.8875640e+001 -6.3348947e+001
  5.1997000e+006  7.8430283e+001 -6.2789266e+001
  5.2561000e+006  7.7989018e+001 -6.2228933e+001
  5.3130000e+006  7.7553424e+001 -6.1670034e+001
  5.3706000e+006  7.7121994e+001 -6.1110688e+001
  5.4288000e+006  7.6695509e+001 -6.0551972e+001
  5.4876000e+006  7.6273978e+001 -5.9993969e+001
  5.5471000e+006  7.5856715e+001 -5.9435823e+001
  5.6072000e+006  7.5444443e+001 -5.8878567e+001
  5.6680000e+006  7.5036498e+001 -5.8321361e+001
  5.7294000e+006  7.4633564e+001 -5.7765208e+001
  5.7915000e+006  7.4234999e+001 -5.7209284e+001
  5.8542000e+006  7.3841452e+001 -5.6654565e+001
  5.9177000e+006  7.3451700e+001 -5.6099369e+001
  5.9818000e+006  7.3066985e+001 -5.5545536e+001
  6.0466000e+006  7.2686711e+001 -5.4992271e+001
  6.1121000e+006  7.2310891e+001 -5.4439655e+001
  6.1784000e+006  7.1938986e+001 -5.3886936e+001
  6.2453000e+006  7.1572119e+001 -5.3335862e+001
  6.3130000e+006  7.1209206e+001 -5.2784852e+001
  6.3814000e+006  7.0850798e+001 -5.2234807e+001
  6.4506000e+006  7.0496392e+001 -5.1685002e+001
  6.5205000e+006  7.0146509e+001 -5.1136311e+001
  6.5911000e+006  6.9801141e+001 -5.0588794e+001
  6.6625000e+006  6.9459809e+001 -5.0041746e+001
  6.7347000e+006  6.9122534e+001 -4.9495249e+001
  6.8077000e+006  6.8789333e+001 -4.8949383e+001
  6.8815000e+006  6.8460219e+001 -4.8404225e+001
  6.9561000e+006  6.8135201e+001 -4.7859849e+001
  7.0314000e+006  6.7814703e+001 -4.7317042e+001
  7.1076000e+006  6.7497886e+001 -4.6774428e+001
  7.1847000e+006  6.7184781e+001 -4.6232098e+001
  7.2625000e+006  6.6876189e+001 -4.5691524e+001
  7.3412000e+006  6.6571320e+001 -4.5151372e+001
  7.4208000e+006  6.6270225e+001 -4.4611711e+001
  7.5012000e+006  6.5973257e+001 -4.4073299e+001
  7.5825000e+006  6.5680044e+001 -4.3535529e+001
  7.6646000e+006  6.5390950e+001 -4.2999123e+001
  7.7477000e+006  6.5105270e+001 -4.2462846e+001
  7.8317000e+006  6.4823371e+001 -4.1927420e+001
  7.9165000e+006  6.4545583e+001 -4.1393535e+001
  8.0023000e+006  6.4271243e+001 -4.0859995e+001
  8.0890000e+006  6.4000683e+001 -4.0327490e+001
  8.1767000e+006  6.3733594e+001 -3.9795474e+001
  8.2653000e+006  6.3470288e+001 -3.9264618e+001
  8.3549000e+006  6.3210464e+001 -3.8734384e+001
  8.4454000e+006  6.2954414e+001 -3.8205421e+001
  8.5369000e+006  6.2701846e+001 -3.7677203e+001
  8.6294000e+006  6.2452764e+001 -3.7149792e+001
  8.7229000e+006  6.2207169e+001 -3.6623251e+001
  8.8175000e+006  6.1964801e+001 -3.6097086e+001
  8.9130000e+006  6.1726176e+001 -3.5572462e+001
  9.0096000e+006  6.1490781e+001 -3.5048336e+001
  9.1072000e+006  6.1258860e+001 -3.4525308e+001
  9.2059000e+006  6.1030172e+001 -3.4002902e+001
  9.3057000e+006  6.0804718e+001 -3.3481182e+001
  9.4065000e+006  6.0582722e+001 -3.2960721e+001
  9.5085000e+006  6.0363734e+001 -3.2440547e+001
  9.6115000e+006  6.0148187e+001 -3.1921733e+001
  9.7156000e+006  5.9935852e+001 -3.1403822e+001
  9.8209000e+006  5.9726523e+001 -3.0886374e+001
  9.9274000e+006  5.9520204e+001 -3.0369456e+001
  1.0035000e+007  5.9317087e+001 -2.9853606e+001
  1.0144000e+007  5.9116602e+001 -2.9337457e+001
  1.0254000e+007  5.8919494e+001 -2.8822955e+001
  1.0365000e+007  5.8725730e+001 -2.8310121e+001
  1.0477000e+007  5.8535274e+001 -2.7798972e+001
  1.0591000e+007  5.8346431e+001 -2.7285049e+001
  1.0705000e+007  5.8162528e+001 -2.6777369e+001
  1.0821000e+007  5.7980249e+001 -2.6267048e+001
  1.0939000e+007  5.7799678e+001 -2.5754255e+001
  1.1057000e+007  5.7623885e+001 -2.5247675e+001
  1.1177000e+007  5.7449795e+001 -2.4738738e+001
  1.1298000e+007  5.7278900e+001 -2.4231757e+001
  1.1421000e+007  5.7109774e+001 -2.3722623e+001
  1.1544000e+007  5.6945167e+001 -2.3219603e+001
  1.1669000e+007  5.6782310e+001 -2.2714520e+001
  1.1796000e+007  5.6621261e+001 -2.2207516e+001
  1.1924000e+007  5.6463312e+001 -2.1702639e+001
  1.2053000e+007  5.6308412e+001 -2.1199880e+001
  1.2183000e+007  5.6156511e+001 -2.0699225e+001
  1.2315000e+007  5.6006416e+001 -2.0196881e+001
  1.2449000e+007  5.5858170e+001 -1.9692968e+001
  1.2584000e+007  5.5712891e+001 -1.9191290e+001
  1.2720000e+007  5.5570524e+001 -1.8691827e+001
  1.2858000e+007  5.5429993e+001 -1.8190952e+001
  1.2997000e+007  5.5292323e+001 -1.7692333e+001
  1.3138000e+007  5.5156492e+001 -1.7192420e+001
  1.3281000e+007  5.5022525e+001 -1.6691312e+001
  1.3425000e+007  5.4891358e+001 -1.6192541e+001
  1.3570000e+007  5.4762934e+001 -1.5696077e+001
  1.3717000e+007  5.4636332e+001 -1.5198524e+001
  1.3866000e+007  5.4511567e+001 -1.4699966e+001
  1.4016000e+007  5.4389471e+001 -1.4203769e+001
  1.4168000e+007  5.4269192e+001 -1.3706645e+001
  1.4321000e+007  5.4151511e+001 -1.3211882e+001
  1.4477000e+007  5.4034869e+001 -1.2713084e+001
  1.4633000e+007  5.3921525e+001 -1.2219853e+001
  1.4792000e+007  5.3809231e+001 -1.1722717e+001
  1.4952000e+007  5.3699429e+001 -1.1227988e+001
  1.5114000e+007  5.3591391e+001 -1.0732581e+001
  1.5278000e+007  5.3485117e+001 -1.0236550e+001
  1.5444000e+007  5.3380603e+001 -9.7399461e+000
  1.5611000e+007  5.3278461e+001 -9.2457618e+000
  1.5780000e+007  5.3178035e+001 -8.7510351e+000
  1.5951000e+007  5.3079319e+001 -8.2558094e+000
  1.6124000e+007  5.2982306e+001 -7.7601256e+000
  1.6299000e+007  5.2886988e+001 -7.2640214e+000
  1.6475000e+007  5.2793884e+001 -6.7703228e+000
  1.6654000e+007  5.2701909e+001 -6.2734512e+000
  1.6834000e+007  5.2612093e+001 -5.7789905e+000
  1.7017000e+007  5.2523411e+001 -5.2814728e+000
  1.7201000e+007  5.2436833e+001 -4.7863631e+000
  1.7388000e+007  5.2351389e+001 -4.2883011e+000
  1.7576000e+007  5.2267990e+001 -3.7926365e+000
  1.7767000e+007  5.2185720e+001 -3.2941131e+000
  1.7959000e+007  5.2105435e+001 -2.7979697e+000
  1.8154000e+007  5.2026269e+001 -2.2990507e+000
  1.8350000e+007  5.1949028e+001 -1.8024881e+000
  1.8549000e+007  5.1872893e+001 -1.3032236e+000
  1.8750000e+007  5.1798249e+001 -8.0381220e-001
  1.8953000e+007  5.1725077e+001 -3.0426067e-001
  1.9159000e+007  5.1653006e+001  1.9785261e-001
  1.9366000e+007  5.1582724e+001  6.9764843e-001
  1.9576000e+007  5.1513522e+001  1.1999564e+000
  1.9788000e+007  5.1445726e+001  1.7023507e+000
  2.0003000e+007  5.1379005e+001  2.2071714e+000
  2.0220000e+007  5.1313663e+001  2.7120421e+000
  2.0439000e+007  5.1249677e+001  3.2169686e+000
  2.0660000e+007  5.1187023e+001  3.7219580e+000
  2.0884000e+007  5.1125406e+001  4.2292742e+000
  2.1110000e+007  5.1065089e+001  4.7366316e+000
  2.1339000e+007  5.1005794e+001  5.2462582e+000
  2.1570000e+007  5.0947768e+001  5.7559121e+000
  2.1804000e+007  5.0890746e+001  6.2677861e+000
  2.2040000e+007  5.0834958e+001  6.7796803e+000
  2.2279000e+007  5.0780153e+001  7.2937540e+000
  2.2521000e+007  5.0726329e+001  7.8099721e+000
  2.2765000e+007  5.0673692e+001  8.3261945e+000
  2.3011000e+007  5.0622216e+001  8.8424421e+000
  2.3261000e+007  5.0571480e+001  9.3628837e+000
  2.3513000e+007  5.0521880e+001  9.8833284e+000
  2.3768000e+007  5.0473204e+001  1.0405842e+001
  2.4025000e+007  5.0425627e+001  1.0928376e+001
  2.4286000e+007  5.0378772e+001  1.1454976e+001
  2.4549000e+007  5.0332987e+001  1.1981588e+001
  2.4815000e+007  5.0288083e+001  1.2510221e+001
  2.5084000e+007  5.0244049e+001  1.3040858e+001
  2.5356000e+007  5.0200877e+001  1.3573485e+001
  2.5630000e+007  5.0158704e+001  1.4106156e+001
  2.5908000e+007  5.0117219e+001  1.4642745e+001
  2.6189000e+007  5.0076564e+001  1.5181294e+001
  2.6473000e+007  5.0036727e+001  1.5721796e+001
  2.6759000e+007  4.9997827e+001  1.6262364e+001
  2.7049000e+007  4.9959589e+001  1.6806770e+001
  2.7343000e+007  4.9922012e+001  1.7354973e+001
  2.7639000e+007  4.9885332e+001  1.7903246e+001
  2.7938000e+007  4.9849412e+001  1.8453458e+001
  2.8241000e+007  4.9814128e+001  1.9007430e+001
  2.8547000e+007  4.9779585e+001  1.9563321e+001
  2.8856000e+007  4.9745771e+001  2.0121135e+001
  2.9169000e+007  4.9712574e+001  2.0682663e+001
  2.9485000e+007  4.9680085e+001  2.1246102e+001
  2.9805000e+007  4.9648200e+001  2.1813224e+001
  3.0128000e+007  4.9617004e+001  2.2382253e+001
  3.0454000e+007  4.9586483e+001  2.2953196e+001
  3.0784000e+007  4.9556541e+001  2.3527799e+001
  3.1118000e+007  4.9527172e+001  2.4106042e+001
  3.1455000e+007  4.9498450e+001  2.4686195e+001
  3.1796000e+007  4.9470286e+001  2.5269975e+001
  3.2141000e+007  4.9442673e+001  2.5857369e+001
  3.2489000e+007  4.9415676e+001  2.6446678e+001
  3.2841000e+007  4.9389214e+001  2.7039594e+001
  3.3197000e+007  4.9363279e+001  2.7636109e+001
  3.3556000e+007  4.9337929e+001  2.8234553e+001
  3.3920000e+007  4.9313027e+001  2.8838247e+001
  3.4288000e+007  4.9288634e+001  2.9445516e+001
  3.4659000e+007  4.9264797e+001  3.0054724e+001
  3.5035000e+007  4.9241393e+001  3.0669141e+001
  3.5414000e+007  4.9218528e+001  3.1285506e+001
  3.5798000e+007  4.9196085e+001  3.1907060e+001
  3.6186000e+007  4.9174111e+001  3.2532179e+001
  3.6578000e+007  4.9152600e+001  3.3160863e+001
  3.6975000e+007  4.9131496e+001  3.3794701e+001
  3.7375000e+007  4.9110885e+001  3.4430514e+001
  3.7780000e+007  4.9090670e+001  3.5071474e+001
  3.8190000e+007  4.9070846e+001  3.5717565e+001
  3.8604000e+007  4.9051450e+001  3.6367211e+001
  3.9022000e+007  4.9032473e+001  3.7020422e+001
  3.9445000e+007  4.9013870e+001  3.7678749e+001
  3.9872000e+007  4.8995673e+001  3.8340642e+001
  4.0304000e+007  4.8977838e+001  3.9007644e+001
  4.0741000e+007  4.8960362e+001  3.9679746e+001
  4.1183000e+007  4.8943240e+001  4.0356942e+001
  4.1629000e+007  4.8926497e+001  4.1037707e+001
  4.2080000e+007  4.8910096e+001  4.1723567e+001
  4.2536000e+007  4.8894031e+001  4.2414515e+001
  4.2997000e+007  4.8878299e+001  4.3110549e+001
  4.3463000e+007  4.8862893e+001  4.3811665e+001
  4.3934000e+007  4.8847808e+001  4.4517866e+001
  4.4410000e+007  4.8833039e+001  4.5229147e+001
  4.4891000e+007  4.8818581e+001  4.5945510e+001
  4.5378000e+007  4.8804405e+001  4.6668430e+001
  4.5869000e+007  4.8790552e+001  4.7394958e+001
  4.6366000e+007  4.8776973e+001  4.8128039e+001
  4.6869000e+007  4.8763665e+001  4.8867662e+001
  4.7377000e+007  4.8750643e+001  4.9612364e+001
  4.7890000e+007  4.8737901e+001  5.0362149e+001
  4.8409000e+007  4.8725417e+001  5.1118469e+001
  4.8934000e+007  4.8713187e+001  5.1881319e+001
  4.9464000e+007  4.8701223e+001  5.2649257e+001
  5.0000000e+007  4.8688775e+001  5.3424592e+001
