  9.0000000e+003  4.8113986e+000  1.7398713e+001
  9.0975000e+003  4.9041127e+000  1.7554063e+001
  9.1961000e+003  4.9984409e+000  1.7710230e+001
  9.2958000e+003  5.0943905e+000  1.7867178e+001
  9.3965000e+003  5.1918697e+000  1.8024716e+001
  9.4983000e+003  5.2909818e+000  1.8182967e+001
  9.6013000e+003  5.3918312e+000  1.8342050e+001
  9.7053000e+003  5.4942249e+000  1.8501619e+001
  9.8105000e+003  5.5983661e+000  1.8661946e+001
  9.9168000e+003  5.7041589e+000  1.8822839e+001
  1.0024000e+004  5.8114036e+000  1.8983958e+001
  1.0133000e+004  5.9210156e+000  1.9146625e+001
  1.0243000e+004  6.0321884e+000  1.9309586e+001
  1.0354000e+004  6.1449209e+000  1.9472806e+001
  1.0466000e+004  6.2592118e+000  1.9636251e+001
  1.0579000e+004  6.3750587e+000  1.9799885e+001
  1.0694000e+004  6.4935006e+000  1.9965120e+001
  1.0810000e+004  6.6135009e+000  2.0130451e+001
  1.0927000e+004  6.7350548e+000  2.0295843e+001
  1.1045000e+004  6.8581569e+000  2.0461261e+001
  1.1165000e+004  6.9838600e+000  2.0628065e+001
  1.1286000e+004  7.1111062e+000  2.0794800e+001
  1.1408000e+004  7.2398873e+000  2.0961430e+001
  1.1532000e+004  7.3712651e+000  2.1129278e+001
  1.1657000e+004  7.5041665e+000  2.1296924e+001
  1.1783000e+004  7.6385806e+000  2.1464333e+001
  1.1911000e+004  7.7755769e+000  2.1632790e+001
  1.2040000e+004  7.9140682e+000  2.1800912e+001
  1.2170000e+004  8.0540408e+000  2.1968665e+001
  1.2302000e+004  8.1965702e+000  2.2137294e+001
  1.2436000e+004  8.3416494e+000  2.2306725e+001
  1.2570000e+004  8.4870786e+000  2.2474373e+001
  1.2707000e+004  8.6361258e+000  2.2643967e+001
  1.2844000e+004  8.7854865e+000  2.2811709e+001
  1.2984000e+004  8.9384401e+000  2.2981246e+001
  1.3124000e+004  9.0916662e+000  2.3148864e+001
  1.3266000e+004  9.2473484e+000  2.3316941e+001
  1.3410000e+004  9.4054686e+000  2.3485403e+001
  1.3556000e+004  9.5660069e+000  2.3654175e+001
  1.3702000e+004  9.7267228e+000  2.3820895e+001
  1.3851000e+004  9.8909177e+000  2.3988962e+001
  1.4001000e+004  1.0056347e+001  2.4156031e+001
  1.4153000e+004  1.0224094e+001  2.4323169e+001
  1.4306000e+004  1.0393019e+001  2.4489220e+001
  1.4461000e+004  1.0564201e+001  2.4655224e+001
  1.4618000e+004  1.0737610e+001  2.4821110e+001
  1.4776000e+004  1.0912101e+001  2.4985764e+001
  1.4936000e+004  1.1088749e+001  2.5150188e+001
  1.5098000e+004  1.1267519e+001  2.5314310e+001
  1.5262000e+004  1.1448371e+001  2.5478062e+001
  1.5427000e+004  1.1630156e+001  2.5640394e+001
  1.5594000e+004  1.1813942e+001  2.5802249e+001
  1.5763000e+004  1.1999686e+001  2.5963561e+001
  1.5934000e+004  1.2187341e+001  2.6124266e+001
  1.6107000e+004  1.2376860e+001  2.6284298e+001
  1.6281000e+004  1.2567095e+001  2.6442688e+001
  1.6458000e+004  1.2760193e+001  2.6601203e+001
  1.6636000e+004  1.2953908e+001  2.6757984e+001
  1.6816000e+004  1.3149284e+001  2.6913878e+001
  1.6999000e+004  1.3347351e+001  2.7069676e+001
  1.7183000e+004  1.3545876e+001  2.7223612e+001
  1.7369000e+004  1.3745889e+001  2.7376494e+001
  1.7557000e+004  1.3947330e+001  2.7528269e+001
  1.7748000e+004  1.4151206e+001  2.7679675e+001
  1.7940000e+004  1.4355308e+001  2.7829071e+001
  1.8134000e+004  1.4560646e+001  2.7977213e+001
  1.8331000e+004  1.4768210e+001  2.8124800e+001
  1.8529000e+004  1.4975814e+001  2.8270286e+001
  1.8730000e+004  1.5185496e+001  2.8415104e+001
  1.8933000e+004  1.5396128e+001  2.8558470e+001
  1.9138000e+004  1.5607639e+001  2.8700348e+001
  1.9346000e+004  1.5820982e+001  2.8841376e+001
  1.9555000e+004  1.6034024e+001  2.8980162e+001
  1.9767000e+004  1.6248736e+001  2.9118008e+001
  1.9982000e+004  1.6465021e+001  2.9254845e+001
  2.0198000e+004  1.6680784e+001  2.9389372e+001
  2.0417000e+004  1.6897950e+001  2.9522816e+001
  2.0638000e+004  1.7115435e+001  2.9654525e+001
  2.0862000e+004  1.7334135e+001  2.9785061e+001
  2.1088000e+004  1.7552980e+001  2.9913805e+001
  2.1316000e+004  1.7771888e+001  3.0040745e+001
  2.1547000e+004  1.7991729e+001  3.0166411e+001
  2.1781000e+004  1.8212396e+001  3.0290760e+001
  2.2017000e+004  1.8432849e+001  3.0413237e+001
  2.2256000e+004  1.8653929e+001  3.0534343e+001
  2.2497000e+004  1.8874612e+001  3.0653555e+001
  2.2741000e+004  1.9095722e+001  3.0771357e+001
  2.2987000e+004  1.9316252e+001  3.0887255e+001
  2.3236000e+004  1.9537007e+001  3.1001717e+001
  2.3488000e+004  1.9757874e+001  3.1114723e+001
  2.3742000e+004  1.9977880e+001  3.1225823e+001
  2.4000000e+004  2.0198648e+001  3.1335884e+001
  2.4260000e+004  2.0418354e+001  3.1444041e+001
  2.4523000e+004  2.0637748e+001  3.1550723e+001
  2.4788000e+004  2.0855901e+001  3.1655537e+001
  2.5057000e+004  2.1074352e+001  3.1759280e+001
  2.5329000e+004  2.1292160e+001  3.1861556e+001
  2.5603000e+004  2.1508433e+001  3.1962014e+001
  2.5880000e+004  2.1723870e+001  3.2061050e+001
  2.6161000e+004  2.1939124e+001  3.2159024e+001
  2.6444000e+004  2.2152557e+001  3.2255261e+001
  2.6731000e+004  2.2365574e+001  3.2350467e+001
  2.7021000e+004  2.2577309e+001  3.2444327e+001
  2.7313000e+004  2.2786949e+001  3.2536561e+001
  2.7609000e+004  2.2995831e+001  3.2627837e+001
  2.7909000e+004  2.3203818e+001  3.2718174e+001
  2.8211000e+004  2.3409426e+001  3.2807011e+001
  2.8517000e+004  2.3613924e+001  3.2894985e+001
  2.8826000e+004  2.3816530e+001  3.2981849e+001
  2.9138000e+004  2.4017155e+001  3.3067656e+001
  2.9454000e+004  2.4216334e+001  3.3152728e+001
  2.9773000e+004  2.4413332e+001  3.3236849e+001
  3.0096000e+004  2.4608665e+001  3.3320337e+001
  3.0422000e+004  2.4801627e+001  3.3402993e+001
  3.0751000e+004  2.4992142e+001  3.3484885e+001
  3.1085000e+004  2.5181252e+001  3.3566570e+001
  3.1422000e+004  2.5367717e+001  3.3647623e+001
  3.1762000e+004  2.5551467e+001  3.3728119e+001
  3.2106000e+004  2.5732957e+001  3.3808372e+001
  3.2454000e+004  2.5912085e+001  3.3888455e+001
  3.2806000e+004  2.6088755e+001  3.3968442e+001
  3.3161000e+004  2.6262390e+001  3.4048192e+001
  3.3521000e+004  2.6433876e+001  3.4128235e+001
  3.3884000e+004  2.6602176e+001  3.4208213e+001
  3.4251000e+004  2.6767688e+001  3.4288438e+001
  3.4622000e+004  2.6930332e+001  3.4369000e+001
  3.4998000e+004  2.7090453e+001  3.4450208e+001
  3.5377000e+004  2.7247130e+001  3.4531727e+001
  3.5760000e+004  2.7400727e+001  3.4613873e+001
  3.6148000e+004  2.7551561e+001  3.4696958e+001
  3.6539000e+004  2.7698800e+001  3.4780658e+001
  3.6935000e+004  2.7843140e+001  3.4865506e+001
  3.7336000e+004  2.7984495e+001  3.4951609e+001
  3.7740000e+004  2.8122117e+001  3.5038647e+001
  3.8149000e+004  2.8256644e+001  3.5127159e+001
  3.8563000e+004  2.8388004e+001  3.5217261e+001
  3.8980000e+004  2.8515535e+001  3.5308628e+001
  3.9403000e+004  2.8640104e+001  3.5402036e+001
  3.9830000e+004  2.8761069e+001  3.5497160e+001
  4.0261000e+004  2.8878412e+001  3.5594118e+001
  4.0698000e+004  2.8992628e+001  3.5693481e+001
  4.1139000e+004  2.9103157e+001  3.5794919e+001
  4.1585000e+004  2.9210228e+001  3.5898781e+001
  4.2035000e+004  2.9313587e+001  3.6004958e+001
  4.2491000e+004  2.9413665e+001  3.6114046e+001
  4.2951000e+004  2.9510005e+001  3.6225694e+001
  4.3417000e+004  2.9603007e+001  3.6340515e+001
  4.3887000e+004  2.9692267e+001  3.6458143e+001
  4.4363000e+004  2.9778155e+001  3.6579207e+001
  4.4843000e+004  2.9860315e+001  3.6703323e+001
  4.5329000e+004  2.9939089e+001  3.6831138e+001
  4.5821000e+004  3.0014463e+001  3.6962792e+001
  4.6317000e+004  3.0086147e+001  3.7097872e+001
  4.6819000e+004  3.0154450e+001  3.7237052e+001
  4.7326000e+004  3.0219248e+001  3.7380184e+001
  4.7839000e+004  3.0280687e+001  3.7527682e+001
  4.8358000e+004  3.0338777e+001  3.7679684e+001
  4.8882000e+004  3.0393438e+001  3.7836025e+001
  4.9411000e+004  3.0444714e+001  3.7996824e+001
  4.9947000e+004  3.0492824e+001  3.8162826e+001
  5.0488000e+004  3.0537623e+001  3.8333540e+001
  5.1035000e+004  3.0579243e+001  3.8509408e+001
  5.1588000e+004  3.0617726e+001  3.8690557e+001
  5.2147000e+004  3.0653121e+001  3.8877117e+001
  5.2712000e+004  3.0685480e+001  3.9069212e+001
  5.3283000e+004  3.0714863e+001  3.9266966e+001
  5.3861000e+004  3.0741374e+001  3.9470857e+001
  5.4445000e+004  3.0765029e+001  3.9680661e+001
  5.5035000e+004  3.0785900e+001  3.9896492e+001
  5.5631000e+004  3.0804063e+001  4.0118465e+001
  5.6234000e+004  3.0819623e+001  4.0347074e+001
  5.6843000e+004  3.0832634e+001  4.0582057e+001
  5.7459000e+004  3.0843198e+001  4.0823914e+001
  5.8082000e+004  3.0851398e+001  4.1072768e+001
  5.8711000e+004  3.0857313e+001  4.1328327e+001
  5.9347000e+004  3.0861048e+001  4.1591103e+001
  5.9991000e+004  3.0862699e+001  4.1861634e+001
  6.0641000e+004  3.0862359e+001  4.2139184e+001
  6.1298000e+004  3.0860137e+001  4.2424277e+001
  6.1962000e+004  3.0856139e+001  4.2717015e+001
  6.2633000e+004  3.0850476e+001  4.3017493e+001
  6.3312000e+004  3.0843252e+001  4.3326266e+001
  6.3998000e+004  3.0834591e+001  4.3642976e+001
  6.4692000e+004  3.0824600e+001  4.3968184e+001
  6.5393000e+004  3.0813416e+001  4.4301510e+001
  6.6101000e+004  3.0801166e+001  4.4643033e+001
  6.6818000e+004  3.0787945e+001  4.4993811e+001
  6.7542000e+004  3.0773918e+001  4.5352954e+001
  6.8274000e+004  3.0759201e+001  4.5721034e+001
  6.9014000e+004  3.0743932e+001  4.6098130e+001
  6.9761000e+004  3.0728270e+001  4.6483797e+001
  7.0517000e+004  3.0712318e+001  4.6879141e+001
  7.1282000e+004  3.0696222e+001  4.7284246e+001
  7.2054000e+004  3.0680167e+001  4.7698116e+001
  7.2835000e+004  3.0664265e+001  4.8121879e+001
  7.3624000e+004  3.0648687e+001  4.8555055e+001
  7.4422000e+004  3.0633570e+001  4.8998249e+001
  7.5228000e+004  3.0619088e+001  4.9450958e+001
  7.6044000e+004  3.0605370e+001  4.9914362e+001
  7.6868000e+004  3.0592606e+001  5.0387377e+001
  7.7701000e+004  3.0580946e+001  5.0870613e+001
  7.8543000e+004  3.0570555e+001  5.1364113e+001
  7.9394000e+004  3.0561601e+001  5.1867913e+001
  8.0254000e+004  3.0554251e+001  5.2382045e+001
  8.1124000e+004  3.0548673e+001  5.2907140e+001
  8.2003000e+004  3.0545043e+001  5.3442626e+001
  8.2891000e+004  3.0543533e+001  5.3988521e+001
  8.3790000e+004  3.0544327e+001  5.4546079e+001
  8.4698000e+004  3.0547616e+001  5.5114073e+001
  8.5616000e+004  3.0553580e+001  5.5693139e+001
  8.6543000e+004  3.0562378e+001  5.6282656e+001
  8.7481000e+004  3.0574205e+001  5.6883910e+001
  8.8429000e+004  3.0589241e+001  5.7496265e+001
  8.9387000e+004  3.0607668e+001  5.8119722e+001
  9.0356000e+004  3.0629691e+001  5.8754932e+001
  9.1335000e+004  3.0655480e+001  5.9401233e+001
  9.2325000e+004  3.0685246e+001  6.0059278e+001
  9.3325000e+004  3.0719152e+001  6.0728385e+001
  9.4337000e+004  3.0757452e+001  6.1409887e+001
  9.5359000e+004  3.0800272e+001  6.2102411e+001
  9.6392000e+004  3.0847837e+001  6.2806612e+001
  9.7437000e+004  3.0900390e+001  6.3523154e+001
  9.8493000e+004  3.0958082e+001  6.4251322e+001
  9.9560000e+004  3.1021106e+001  6.4991081e+001
  1.0064000e+005  3.1089776e+001  6.5743797e+001
  1.0173000e+005  3.1164111e+001  6.6507327e+001
  1.0283000e+005  3.1244284e+001  6.7281613e+001
  1.0395000e+005  3.1331236e+001  6.8073728e+001
  1.0507000e+005  3.1423652e+001  6.8869368e+001
  1.0621000e+005  3.1523288e+001  6.9682768e+001
  1.0736000e+005  3.1629545e+001  7.0506718e+001
  1.0853000e+005  3.1743562e+001  7.1348399e+001
  1.0970000e+005  3.1863614e+001  7.2193246e+001
  1.1089000e+005  3.1991860e+001  7.3055719e+001
  1.1209000e+005  3.2127491e+001  7.3928475e+001
  1.1331000e+005  3.2271852e+001  7.4818787e+001
  1.1453000e+005  3.2422786e+001  7.5711867e+001
  1.1578000e+005  3.2584171e+001  7.6629774e+001
  1.1703000e+005  3.2752441e+001  7.7550260e+001
  1.1830000e+005  3.2930396e+001  7.8488060e+001
  1.1958000e+005  3.3116894e+001  7.9435666e+001
  1.2088000e+005  3.3313606e+001  8.0400460e+001
  1.2219000e+005  3.3519272e+001  8.1374890e+001
  1.2351000e+005  3.3734039e+001  8.2358849e+001
  1.2485000e+005  3.3959747e+001  8.3359760e+001
  1.2620000e+005  3.4194958e+001  8.4370014e+001
  1.2757000e+005  3.4441630e+001  8.5397055e+001
  1.2895000e+005  3.4698205e+001  8.6433241e+001
  1.3035000e+005  3.4966755e+001  8.7486035e+001
  1.3176000e+005  3.5245600e+001  8.8547766e+001
  1.3319000e+005  3.5536932e+001  8.9625912e+001
  1.3463000e+005  3.5838949e+001  9.0712779e+001
  1.3609000e+005  3.6153960e+001  9.1815856e+001
  1.3757000e+005  3.6482281e+001  9.2935044e+001
  1.3906000e+005  3.6821922e+001  9.4062618e+001
  1.4056000e+005  3.7173010e+001  9.5198456e+001
  1.4209000e+005  3.7540528e+001  9.6357690e+001
  1.4363000e+005  3.7919994e+001  9.7524956e+001
  1.4518000e+005  3.8311533e+001  9.8700130e+001
  1.4676000e+005  3.8720503e+001  9.9898348e+001
  1.4835000e+005  3.9142043e+001  1.0110423e+002
  1.4995000e+005  3.9576275e+001  1.0231764e+002
  1.5158000e+005  4.0028938e+001  1.0355372e+002
  1.5322000e+005  4.0494790e+001  1.0479708e+002
  1.5488000e+005  4.0976889e+001  1.0605520e+002
  1.5656000e+005  4.1475548e+001  1.0732795e+002
  1.5826000e+005  4.1991080e+001  1.0861520e+002
  1.5997000e+005  4.2520667e+001  1.0990918e+002
  1.6171000e+005  4.3070824e+001  1.1122497e+002
  1.6346000e+005  4.3635536e+001  1.1254721e+002
  1.6523000e+005  4.4218253e+001  1.1388337e+002
  1.6702000e+005  4.4819292e+001  1.1523327e+002
  1.6883000e+005  4.5438972e+001  1.1659678e+002
  1.7066000e+005  4.6077613e+001  1.1797372e+002
  1.7251000e+005  4.6735538e+001  1.1936394e+002
  1.7438000e+005  4.7413070e+001  1.2076727e+002
  1.7627000e+005  4.8110535e+001  1.2218354e+002
  1.7818000e+005  4.8828260e+001  1.2361258e+002
  1.8011000e+005  4.9566576e+001  1.2505423e+002
  1.8206000e+005  5.0325813e+001  1.2650830e+002
  1.8403000e+005  5.1106308e+001  1.2797462e+002
  1.8603000e+005  5.1912470e+001  1.2946046e+002
  1.8804000e+005  5.2736562e+001  1.3095071e+002
  1.9008000e+005  5.3587144e+001  1.3246009e+002
  1.9214000e+005  5.4460491e+001  1.3398094e+002
  1.9422000e+005  5.5356952e+001  1.3551307e+002
  1.9633000e+005  5.6281306e+001  1.3706366e+002
  1.9846000e+005  5.7229631e+001  1.3862510e+002
  2.0061000e+005  5.8202288e+001  1.4019719e+002
  2.0278000e+005  5.9199646e+001  1.4177973e+002
  2.0498000e+005  6.0226788e+001  1.4337979e+002
  2.0720000e+005  6.1279525e+001  1.4498983e+002
  2.0944000e+005  6.2358239e+001  1.4660964e+002
  2.1171000e+005  6.3468251e+001  1.4824621e+002
  2.1401000e+005  6.4610179e+001  1.4989924e+002
  2.1633000e+005  6.5779565e+001  1.5156127e+002
  2.1867000e+005  6.6976814e+001  1.5323206e+002
  2.2104000e+005  6.8207577e+001  1.5491849e+002
  2.2344000e+005  6.9472505e+001  1.5662024e+002
  2.2586000e+005  7.0766867e+001  1.5832992e+002
  2.2830000e+005  7.2091099e+001  1.6004726e+002
  2.3078000e+005  7.3456744e+001  1.6178602e+002
  2.3328000e+005  7.4853472e+001  1.6353181e+002
  2.3581000e+005  7.6287457e+001  1.6529129e+002
  2.3836000e+005  7.7753620e+001  1.6705718e+002
  2.4095000e+005  7.9264193e+001  1.6884296e+002
  2.4356000e+005  8.0808246e+001  1.7063443e+002
  2.4620000e+005  8.2392325e+001  1.7243811e+002
  2.4886000e+005  8.4011068e+001  1.7424679e+002
  2.5156000e+005  8.5677430e+001  1.7607365e+002
  2.5429000e+005  8.7386163e+001  1.7791143e+002
  2.5704000e+005  8.9131691e+001  1.7975300e+002
  2.5983000e+005  9.0927537e+001  1.8161128e+002
  2.6264000e+005  9.2761674e+001  1.8347246e+002
  2.6549000e+005  9.4648019e+001  1.8534931e+002
  2.6837000e+005  9.6580976e+001  1.8723464e+002
  2.7128000e+005  9.8561447e+001  1.8912794e+002
  2.7421000e+005  1.0058341e+002  1.9102220e+002
  2.7719000e+005  1.0266865e+002  1.9293617e+002
  2.8019000e+005  1.0479729e+002  1.9484994e+002
  2.8323000e+005  1.0698450e+002  1.9677564e+002
  2.8630000e+005  1.0922426e+002  1.9870623e+002
  2.8940000e+005  1.1151761e+002  2.0064103e+002
  2.9253000e+005  1.1386560e+002  2.0257936e+002
  2.9570000e+005  1.1627698e+002  2.0452661e+002
  2.9891000e+005  1.1875318e+002  2.0648185e+002
  3.0215000e+005  1.2128780e+002  2.0843816e+002
  3.0542000e+005  1.2388204e+002  2.1039469e+002
  3.0873000e+005  1.2654517e+002  2.1235648e+002
  3.1208000e+005  1.2927878e+002  2.1432245e+002
  3.1546000e+005  1.3207618e+002  2.1628571e+002
  3.1888000e+005  1.3494711e+002  2.1825098e+002
  3.2233000e+005  1.3788471e+002  2.2021138e+002
  3.2583000e+005  1.4090774e+002  2.2217696e+002
  3.2936000e+005  1.4400073e+002  2.2413516e+002
  3.3293000e+005  1.4717410e+002  2.2609020e+002
  3.3653000e+005  1.5042065e+002  2.2803524e+002
  3.4018000e+005  1.5376034e+002  2.2997947e+002
  3.4387000e+005  1.5718620e+002  2.3191582e+002
  3.4759000e+005  1.6069083e+002  2.3383742e+002
  3.5136000e+005  1.6429510e+002  2.3575275e+002
  3.5517000e+005  1.6799185e+002  2.3765466e+002
  3.5902000e+005  1.7178327e+002  2.3954109e+002
  3.6291000e+005  1.7567164e+002  2.4140988e+002
  3.6684000e+005  1.7965928e+002  2.4325871e+002
  3.7081000e+005  1.8374855e+002  2.4508517e+002
  3.7483000e+005  1.8795240e+002  2.4689109e+002
  3.7889000e+005  1.9226314e+002  2.4866910e+002
  3.8300000e+005  1.9669414e+002  2.5042046e+002
  3.8715000e+005  2.0123752e+002  2.5213766e+002
  3.9135000e+005  2.0590711e+002  2.5382133e+002
  3.9559000e+005  2.1069481e+002  2.5546377e+002
  3.9987000e+005  2.1560339e+002  2.5706125e+002
  4.0421000e+005  2.2065907e+002  2.5861680e+002
  4.0859000e+005  2.2584203e+002  2.6011856e+002
  4.1301000e+005  2.3115517e+002  2.6156201e+002
  4.1749000e+005  2.3662595e+002  2.6294833e+002
  4.2201000e+005  2.4223354e+002  2.6426565e+002
  4.2659000e+005  2.4800623e+002  2.6551372e+002
  4.3121000e+005  2.5392243e+002  2.6668061e+002
  4.3588000e+005  2.5999816e+002  2.6776221e+002
  4.4061000e+005  2.6625021e+002  2.6875312e+002
  4.4538000e+005  2.7265569e+002  2.6964125e+002
  4.5021000e+005  2.7924478e+002  2.7042186e+002
  4.5509000e+005  2.8600749e+002  2.7108394e+002
  4.6002000e+005  2.9294697e+002  2.7161783e+002
  4.6500000e+005  3.0006620e+002  2.7201322e+002
  4.7004000e+005  3.0738249e+002  2.7225946e+002
  4.7514000e+005  3.1489898e+002  2.7234384e+002
  4.8028000e+005  3.2258843e+002  2.7225347e+002
  4.8549000e+005  3.3049761e+002  2.7197388e+002
  4.9075000e+005  3.3859814e+002  2.7149077e+002
  4.9607000e+005  3.4690633e+002  2.7078740e+002
  5.0144000e+005  3.5540691e+002  2.6984829e+002
  5.0688000e+005  3.6413119e+002  2.6865143e+002
  5.1237000e+005  3.7304604e+002  2.6718160e+002
  5.1792000e+005  3.8216504e+002  2.6541608e+002
  5.2353000e+005  3.9148464e+002  2.6333295e+002
  5.2921000e+005  4.0101660e+002  2.6090459e+002
  5.3494000e+005  4.1072076e+002  2.5811523e+002
  5.4074000e+005  4.2062220e+002  2.5492976e+002
  5.4660000e+005  4.3069331e+002  2.5132621e+002
  5.5252000e+005  4.4092081e+002  2.4727711e+002
  5.5851000e+005  4.5130607e+002  2.4274624e+002
  5.6456000e+005  4.6181284e+002  2.3771099e+002
  5.7068000e+005  4.7243603e+002  2.3213236e+002
  5.7686000e+005  4.8313223e+002  2.2598850e+002
  5.8312000e+005  4.9390552e+002  2.1922745e+002
  5.8943000e+005  5.0466980e+002  2.1185115e+002
  5.9582000e+005  5.1543659e+002  2.0379528e+002
  6.0228000e+005  5.2614391e+002  1.9504190e+002
  6.0880000e+005  5.3672549e+002  1.8557908e+002
  6.1540000e+005  5.4715792e+002  1.7535408e+002
  6.2207000e+005  5.5736340e+002  1.6436107e+002
  6.2881000e+005  5.6727500e+002  1.5258518e+002
  6.3563000e+005  5.7683407e+002  1.3999870e+002
  6.4251000e+005  5.8593555e+002  1.2663683e+002
  6.4948000e+005  5.9453613e+002  1.1244675e+002
  6.5651000e+005  6.0251267e+002  9.7504236e+001
  6.6363000e+005  6.0981015e+002  8.1771275e+001
  6.7082000e+005  6.1631659e+002  6.5328030e+001
  6.7809000e+005  6.2195164e+002  4.8201589e+001
  6.8544000e+005  6.2662657e+002  3.0454025e+001
  6.9287000e+005  6.3025725e+002  1.2161026e+001
  7.0037000e+005  6.3276410e+002 -6.5632160e+000
  7.0796000e+005  6.3408612e+002 -2.5666652e+001
  7.1564000e+005  6.3416281e+002 -4.5035958e+001
  7.2339000e+005  6.3295274e+002 -6.4496959e+001
  7.3123000e+005  6.3042772e+002 -8.3967861e+001
  7.3915000e+005  6.2658165e+002 -1.0328636e+002
  7.4716000e+005  6.2141960e+002 -1.2233658e+002
  7.5526000e+005  6.1496923e+002 -1.4097802e+002
  7.6344000e+005  6.0728841e+002 -1.5905255e+002
  7.7172000e+005  5.9842535e+002 -1.7647507e+002
  7.8008000e+005  5.8848643e+002 -1.9308551e+002
  7.8853000e+005  5.7756197e+002 -2.0880066e+002
  7.9708000e+005  5.6575146e+002 -2.2354863e+002
  8.0572000e+005  5.5319170e+002 -2.3724056e+002
  8.1445000e+005  5.4001350e+002 -2.4982573e+002
  8.2327000e+005  5.2635077e+002 -2.6127339e+002
  8.3219000e+005  5.1232126e+002 -2.7158348e+002
  8.4121000e+005  4.9805484e+002 -2.8075978e+002
  8.5033000e+005  4.8367569e+002 -2.8882393e+002
  8.5954000e+005  4.6931508e+002 -2.9580665e+002
  8.6886000e+005  4.5504682e+002 -3.0177513e+002
  8.7827000e+005  4.4099429e+002 -3.0677978e+002
  8.8779000e+005  4.2720668e+002 -3.1090420e+002
  8.9741000e+005  4.1376410e+002 -3.1422193e+002
  9.0713000e+005  4.0071675e+002 -3.1681661e+002
  9.1696000e+005  3.8808756e+002 -3.1877515e+002
  9.2690000e+005  3.7589972e+002 -3.2018037e+002
  9.3695000e+005  3.6416300e+002 -3.2111261e+002
  9.4710000e+005  3.5288576e+002 -3.2164730e+002
  9.5736000e+005  3.4204238e+002 -3.2185471e+002
  9.6774000e+005  3.3160011e+002 -3.2179566e+002
  9.7822000e+005  3.2154888e+002 -3.2152207e+002
  9.8882000e+005  3.1183375e+002 -3.2107482e+002
  9.9954000e+005  3.0241729e+002 -3.2048423e+002
  1.0104000e+006  2.9324462e+002 -3.1976850e+002
  1.0213000e+006  2.8436078e+002 -3.1894513e+002
  1.0324000e+006  2.7560212e+002 -3.1800179e+002
  1.0436000e+006  2.6702214e+002 -3.1693943e+002
  1.0549000e+006  2.5859851e+002 -3.1574575e+002
  1.0663000e+006  2.5031677e+002 -3.1440497e+002
  1.0779000e+006  2.4210070e+002 -3.1288628e+002
  1.0896000e+006  2.3402435e+002 -3.1118446e+002
  1.1014000e+006  2.2609508e+002 -3.0928566e+002
  1.1133000e+006  2.1832540e+002 -3.0718006e+002
  1.1254000e+006  2.1066937e+002 -3.0484286e+002
  1.1376000e+006  2.0321138e+002 -3.0229123e+002
  1.1499000e+006  1.9597020e+002 -2.9953090e+002
  1.1623000e+006  1.8896366e+002 -2.9657245e+002
  1.1749000e+006  1.8215474e+002 -2.9340507e+002
  1.1877000e+006  1.7556404e+002 -2.9004343e+002
  1.2005000e+006  1.6930450e+002 -2.8656025e+002
  1.2135000e+006  1.6328460e+002 -2.8292391e+002
  1.2267000e+006  1.5751493e+002 -2.7915527e+002
  1.2400000e+006  1.5204271e+002 -2.7530490e+002
  1.2534000e+006  1.4686440e+002 -2.7139508e+002
  1.2670000e+006  1.4193874e+002 -2.6741767e+002
  1.2807000e+006  1.3729727e+002 -2.6342130e+002
  1.2946000e+006  1.3289911e+002 -2.5939505e+002
  1.3086000e+006  1.2876770e+002 -2.5538419e+002
  1.3228000e+006  1.2486370e+002 -2.5137492e+002
  1.3372000e+006  1.2117948e+002 -2.4738097e+002
  1.3517000e+006  1.1772956e+002 -2.4344142e+002
  1.3663000e+006  1.1449985e+002 -2.3956515e+002
  1.3811000e+006  1.1145648e+002 -2.3573386e+002
  1.3961000e+006  1.0859016e+002 -2.3195543e+002
  1.4112000e+006  1.0590869e+002 -2.2826063e+002
  1.4265000e+006  1.0338299e+002 -2.2462945e+002
  1.4420000e+006  1.0100401e+002 -2.2106645e+002
  1.4576000e+006  9.8776744e+001 -2.1759717e+002
  1.4734000e+006  9.6676791e+001 -2.1420109e+002
  1.4893000e+006  9.4708062e+001 -2.1090078e+002
  1.5055000e+006  9.2837865e+001 -2.0765622e+002
  1.5218000e+006  9.1082101e+001 -2.0450850e+002
  1.5383000e+006  8.9421780e+001 -2.0143774e+002
  1.5550000e+006  8.7850286e+001 -1.9844405e+002
  1.5718000e+006  8.6369927e+001 -1.9554414e+002
  1.5888000e+006  8.4965128e+001 -1.9271920e+002
  1.6061000e+006  8.3622870e+001 -1.8995274e+002
  1.6235000e+006  8.2353586e+001 -1.8727577e+002
  1.6410000e+006  8.1151105e+001 -1.8468531e+002
  1.6588000e+006  7.9997120e+001 -1.8215037e+002
  1.6768000e+006  7.8894510e+001 -1.7968456e+002
  1.6950000e+006  7.7839319e+001 -1.7728629e+002
  1.7133000e+006  7.6833235e+001 -1.7496633e+002
  1.7319000e+006  7.5861802e+001 -1.7269756e+002
  1.7507000e+006  7.4927492e+001 -1.7049112e+002
  1.7697000e+006  7.4027335e+001 -1.6834518e+002
  1.7888000e+006  7.3163017e+001 -1.6626859e+002
  1.8082000e+006  7.2322928e+001 -1.6423771e+002
  1.8278000e+006  7.1509351e+001 -1.6226178e+002
  1.8476000e+006  7.0720109e+001 -1.6033897e+002
  1.8676000e+006  6.9953193e+001 -1.5846744e+002
  1.8879000e+006  6.9203120e+001 -1.5663651e+002
  1.9083000e+006  6.8475579e+001 -1.5486247e+002
  1.9290000e+006  6.7761845e+001 -1.5312611e+002
  1.9499000e+006  6.7064090e+001 -1.5143456e+002
  1.9710000e+006  6.6380980e+001 -1.4978611e+002
  1.9924000e+006  6.5708190e+001 -1.4817168e+002
  2.0140000e+006  6.5047876e+001 -1.4659757e+002
  2.0358000e+006  6.4399006e+001 -1.4506218e+002
  2.0579000e+006  6.3757772e+001 -1.4355727e+002
  2.0802000e+006  6.3126327e+001 -1.4208846e+002
  2.1027000e+006  6.2503885e+001 -1.4065427e+002
  2.1255000e+006  6.1887064e+001 -1.3924721e+002
  2.1485000e+006  6.1278011e+001 -1.3787236e+002
  2.1718000e+006  6.0673577e+001 -1.3652267e+002
  2.1954000e+006  6.0073388e+001 -1.3519735e+002
  2.2192000e+006  5.9479581e+001 -1.3390102e+002
  2.2432000e+006  5.8891725e+001 -1.3263243e+002
  2.2675000e+006  5.8307056e+001 -1.3138535e+002
  2.2921000e+006  5.7725358e+001 -1.3015908e+002
  2.3169000e+006  5.7148749e+001 -1.2895770e+002
  2.3420000e+006  5.6574693e+001 -1.2777551e+002
  2.3674000e+006  5.6003062e+001 -1.2661187e+002
  2.3931000e+006  5.5433753e+001 -1.2546615e+002
  2.4190000e+006  5.4868848e+001 -1.2434201e+002
  2.4452000e+006  5.4306057e+001 -1.2323438e+002
  2.4717000e+006  5.3745341e+001 -1.2214268e+002
  2.4985000e+006  5.3186675e+001 -1.2106636e+002
  2.5256000e+006  5.2630053e+001 -1.2000491e+002
  2.5529000e+006  5.2077490e+001 -1.1896159e+002
  2.5806000e+006  5.1524955e+001 -1.1792825e+002
  2.6086000e+006  5.0974519e+001 -1.1690831e+002
  2.6368000e+006  5.0428143e+001 -1.1590482e+002
  2.6654000e+006  4.9882000e+001 -1.1491023e+002
  2.6943000e+006  4.9338097e+001 -1.1392771e+002
  2.7235000e+006  4.8796498e+001 -1.1295687e+002
  2.7530000e+006  4.8257268e+001 -1.1199731e+002
  2.7828000e+006  4.7720480e+001 -1.1104867e+002
  2.8130000e+006  4.7184447e+001 -1.1010751e+002
  2.8435000e+006  4.6651063e+001 -1.0917670e+002
  2.8743000e+006  4.6120406e+001 -1.0825592e+002
  2.9054000e+006  4.5592560e+001 -1.0734485e+002
  2.9369000e+006  4.5065947e+001 -1.0644035e+002
  2.9687000e+006  4.4542360e+001 -1.0554509e+002
  3.0009000e+006  4.4020270e+001 -1.0465607e+002
  3.0334000e+006  4.3501421e+001 -1.0377585e+002
  3.0663000e+006  4.2984330e+001 -1.0290156e+002
  3.0995000e+006  4.2470686e+001 -1.0203568e+002
  3.1331000e+006  4.1959054e+001 -1.0117544e+002
  3.1671000e+006  4.1449579e+001 -1.0032076e+002
  3.2014000e+006  4.0943868e+001 -9.9474017e+001
  3.2361000e+006  4.0440549e+001 -9.8632590e+001
  3.2711000e+006  3.9941175e+001 -9.7798775e+001
  3.3066000e+006  3.9443020e+001 -9.6967744e+001
  3.3424000e+006  3.8949022e+001 -9.6144120e+001
  3.3786000e+006  3.8457888e+001 -9.5325484e+001
  3.4153000e+006  3.7968412e+001 -9.4509580e+001
  3.4523000e+006  3.7483381e+001 -9.3700805e+001
  3.4897000e+006  3.7001555e+001 -9.2896869e+001
  3.5275000e+006  3.6523039e+001 -9.2097729e+001
  3.5657000e+006  3.6047935e+001 -9.1303343e+001
  3.6044000e+006  3.5575123e+001 -9.0511644e+001
  3.6434000e+006  3.5107140e+001 -8.9726685e+001
  3.6829000e+006  3.4641668e+001 -8.8944406e+001
  3.7228000e+006  3.4179998e+001 -8.8166802e+001
  3.7632000e+006  3.3721078e+001 -8.7391937e+001
  3.8039000e+006  3.3267252e+001 -8.6623617e+001
  3.8452000e+006  3.2815266e+001 -8.5856192e+001
  3.8868000e+006  3.2368499e+001 -8.5095253e+001
  3.9289000e+006  3.1924853e+001 -8.4337113e+001
  3.9715000e+006  3.1484438e+001 -8.3581828e+001
  4.0146000e+006  3.1047359e+001 -8.2829453e+001
  4.0581000e+006  3.0614701e+001 -8.2081749e+001
  4.1020000e+006  3.0186497e+001 -8.1338687e+001
  4.1465000e+006  2.9760883e+001 -8.0596933e+001
  4.1914000e+006  2.9339857e+001 -7.9859872e+001
  4.2368000e+006  2.8922528e+001 -7.9125872e+001
  4.2827000e+006  2.8508969e+001 -7.8394979e+001
  4.3292000e+006  2.8098372e+001 -7.7665681e+001
  4.3761000e+006  2.7692566e+001 -7.6941159e+001
  4.4235000e+006  2.7290715e+001 -7.6219874e+001
  4.4714000e+006  2.6892872e+001 -7.5501863e+001
  4.5199000e+006  2.6498278e+001 -7.4785699e+001
  4.5689000e+006  2.6107814e+001 -7.4072927e+001
  4.6184000e+006  2.5721520e+001 -7.3363580e+001
  4.6684000e+006  2.5339428e+001 -7.2657689e+001
  4.7190000e+006  2.4960826e+001 -7.1953902e+001
  4.7701000e+006  2.4586514e+001 -7.1253670e+001
  4.8218000e+006  2.4215800e+001 -7.0555675e+001
  4.8741000e+006  2.3848748e+001 -6.9859999e+001
  4.9269000e+006  2.3486095e+001 -6.9168026e+001
  4.9803000e+006  2.3127185e+001 -6.8478489e+001
  5.0343000e+006  2.2772066e+001 -6.7791462e+001
  5.0888000e+006  2.2421420e+001 -6.7108261e+001
  5.1440000e+006  2.2073997e+001 -6.6426441e+001
  5.1997000e+006  2.1731094e+001 -6.5748540e+001
  5.2561000e+006  2.1391508e+001 -6.5072182e+001
  5.3130000e+006  2.1056475e+001 -6.4399826e+001
  5.3706000e+006  2.0724836e+001 -6.3729160e+001
  5.4288000e+006  2.0397210e+001 -6.3061427e+001
  5.4876000e+006  2.0073610e+001 -6.2396675e+001
  5.5471000e+006  1.9753518e+001 -6.1733843e+001
  5.6072000e+006  1.9437498e+001 -6.1074114e+001
  5.6680000e+006  1.9125048e+001 -6.0416450e+001
  5.7294000e+006  1.8816701e+001 -5.9761997e+001
  5.7915000e+006  1.8511970e+001 -5.9109744e+001
  5.8542000e+006  1.8211360e+001 -5.8460797e+001
  5.9177000e+006  1.7913935e+001 -5.7813153e+001
  5.9818000e+006  1.7620657e+001 -5.7168929e+001
  6.0466000e+006  1.7331068e+001 -5.6527161e+001
  6.1121000e+006  1.7045185e+001 -5.5887911e+001
  6.1784000e+006  1.6762596e+001 -5.5250282e+001
  6.2453000e+006  1.6484164e+001 -5.4616260e+001
  6.3130000e+006  1.6209061e+001 -5.3983994e+001
  6.3814000e+006  1.5937710e+001 -5.3354493e+001
  6.4506000e+006  1.5669726e+001 -5.2726899e+001
  6.5205000e+006  1.5405508e+001 -5.2102184e+001
  6.5911000e+006  1.5145050e+001 -5.1480390e+001
  6.6625000e+006  1.4887984e+001 -5.0860686e+001
  6.7347000e+006  1.4634326e+001 -5.0243146e+001
  6.8077000e+006  1.4384086e+001 -4.9627835e+001
  6.8815000e+006  1.4137272e+001 -4.9014820e+001
  6.9561000e+006  1.3893889e+001 -4.8404159e+001
  7.0314000e+006  1.3654253e+001 -4.7796715e+001
  7.1076000e+006  1.3417727e+001 -4.7190920e+001
  7.1847000e+006  1.3184328e+001 -4.6586859e+001
  7.2625000e+006  1.2954659e+001 -4.5986153e+001
  7.3412000e+006  1.2728118e+001 -4.5387294e+001
  7.4208000e+006  1.2504709e+001 -4.4790324e+001
  7.5012000e+006  1.2284715e+001 -4.4196075e+001
  7.5825000e+006  1.2067860e+001 -4.3603860e+001
  7.6646000e+006  1.1854399e+001 -4.3014449e+001
  7.7477000e+006  1.1643816e+001 -4.2426472e+001
  7.8317000e+006  1.1436368e+001 -4.1840703e+001
  7.9165000e+006  1.1232287e+001 -4.1257869e+001
  8.0023000e+006  1.1031085e+001 -4.0676652e+001
  8.0890000e+006  1.0832994e+001 -4.0097783e+001
  8.1767000e+006  1.0637784e+001 -3.9520653e+001
  8.2653000e+006  1.0445669e+001 -3.8945969e+001
  8.3549000e+006  1.0256427e+001 -3.8373132e+001
  8.4454000e+006  1.0070256e+001 -3.7802823e+001
  8.5369000e+006  9.8869391e+000 -3.7234455e+001
  8.6294000e+006  9.7064701e+000 -3.6668081e+001
  8.7229000e+006  9.5288402e+000 -3.6103748e+001
  8.8175000e+006  9.3538566e+000 -3.5540914e+001
  8.9130000e+006  9.1818750e+000 -3.4980800e+001
  9.0096000e+006  9.0125219e+000 -3.4422279e+001
  9.1072000e+006  8.8459624e+000 -3.3865971e+001
  9.2059000e+006  8.6820151e+000 -3.3311355e+001
  9.3057000e+006  8.5206731e+000 -3.2758481e+001
  9.4065000e+006  8.3620824e+000 -3.2207935e+001
  9.5085000e+006  8.2059190e+000 -3.1658678e+001
  9.6115000e+006  8.0524755e+000 -3.1111820e+001
  9.7156000e+006  7.9015835e+000 -3.0566862e+001
  9.8209000e+006  7.7530888e+000 -3.0023328e+001
  9.9274000e+006  7.6069856e+000 -2.9481274e+001
  1.0035000e+007  7.4633973e+000 -2.8941241e+001
  1.0144000e+007  7.3219209e+000 -2.8401794e+001
  1.0254000e+007  7.1830624e+000 -2.7864938e+001
  1.0365000e+007  7.0467880e+000 -2.7330672e+001
  1.0477000e+007  6.9130633e+000 -2.6798992e+001
  1.0591000e+007  6.7807130e+000 -2.6265285e+001
  1.0705000e+007  6.6520151e+000 -2.5738824e+001
  1.0821000e+007  6.5246822e+000 -2.5210444e+001
  1.0939000e+007  6.3987686e+000 -2.4680321e+001
  1.1057000e+007  6.2763625e+000 -2.4157340e+001
  1.1177000e+007  6.1553558e+000 -2.3632703e+001
  1.1298000e+007  6.0367566e+000 -2.3110808e+001
  1.1421000e+007  5.9195879e+000 -2.2587449e+001
  1.1544000e+007  5.8057082e+000 -2.2071028e+001
  1.1669000e+007  5.6932293e+000 -2.1553205e+001
  1.1796000e+007  5.5821855e+000 -2.1034120e+001
  1.1924000e+007  5.4734432e+000 -2.0517866e+001
  1.2053000e+007  5.3669588e+000 -2.0004412e+001
  1.2183000e+007  5.2626890e+000 -1.9493724e+001
  1.2315000e+007  5.1598244e+000 -1.8981956e+001
  1.2449000e+007  5.0583876e+000 -1.8469224e+001
  1.2584000e+007  4.9591224e+000 -1.7959347e+001
  1.2720000e+007  4.8619840e+000 -1.7452283e+001
  1.2858000e+007  4.7662447e+000 -1.6944374e+001
  1.2997000e+007  4.6725832e+000 -1.6439287e+001
  1.3138000e+007  4.5803097e+000 -1.5933453e+001
  1.3281000e+007  4.4894354e+000 -1.5426962e+001
  1.3425000e+007  4.4005782e+000 -1.4923331e+001
  1.3570000e+007  4.3136927e+000 -1.4422508e+001
  1.3717000e+007  4.2281594e+000 -1.3921098e+001
  1.3866000e+007  4.1439834e+000 -1.3419175e+001
  1.4016000e+007  4.0617110e+000 -1.2920072e+001
  1.4168000e+007  3.9807698e+000 -1.2420513e+001
  1.4321000e+007  3.9016734e+000 -1.1923743e+001
  1.4477000e+007  3.8233806e+000 -1.1423423e+001
  1.4633000e+007  3.7473856e+000 -1.0929036e+001
  1.4792000e+007  3.6721897e+000 -1.0431215e+001
  1.4952000e+007  3.5987449e+000 -9.9361793e+000
  1.5114000e+007  3.5265612e+000 -9.4408791e+000
  1.5278000e+007  3.4556318e+000 -8.9453627e+000
  1.5444000e+007  3.3859480e+000 -8.4496766e+000
  1.5611000e+007  3.3179103e+000 -7.9567461e+000
  1.5780000e+007  3.2510736e+000 -7.4636618e+000
  1.5951000e+007  3.1854241e+000 -6.9704656e+000
  1.6124000e+007  3.1209447e+000 -6.4771981e+000
  1.6299000e+007  3.0576147e+000 -5.9838998e+000
  1.6475000e+007  2.9957744e+000 -5.4933219e+000
  1.6654000e+007  2.9346509e+000 -5.0000494e+000
  1.6834000e+007  2.8749289e+000 -4.5095148e+000
  1.7017000e+007  2.8158351e+000 -4.0164359e+000
  1.7201000e+007  2.7579962e+000 -3.5261139e+000
  1.7388000e+007  2.7005926e+000 -3.0333861e+000
  1.7576000e+007  2.6441602e+000 -2.5433949e+000
  1.7767000e+007  2.5877492e+000 -2.0510105e+000
  1.7959000e+007  2.5317765e+000 -1.5610609e+000
  1.8154000e+007  2.4751868e+000 -1.0681058e+000
  1.8350000e+007  2.4186937e+000 -5.7629752e-001
  1.8549000e+007  2.3620474e+000 -7.9699595e-002
  1.8750000e+007  2.3069391e+000  4.1980681e-001
  1.8953000e+007  2.2550493e+000  9.2193532e-001
  1.9159000e+007  2.2075656e+000  1.4276341e+000
  1.9366000e+007  2.1648522e+000  1.9294645e+000
  1.9576000e+007  2.1246765e+000  2.4310475e+000
  1.9788000e+007  2.0855733e+000  2.9301226e+000
  2.0003000e+007  2.0465450e+000  3.4298580e+000
  2.0220000e+007  2.0075939e+000  3.9285962e+000
  2.0439000e+007  1.9687966e+000  4.4268149e+000
  2.0660000e+007  1.9302904e+000  4.9247888e+000
  2.0884000e+007  1.8920325e+000  5.4248982e+000
  2.1110000e+007  1.8542955e+000  5.9249559e+000
  2.1339000e+007  1.8169882e+000  6.4271997e+000
  2.1570000e+007  1.7803247e+000  6.9294365e+000
  2.1804000e+007  1.7441838e+000  7.4338384e+000
  2.2040000e+007  1.7087418e+000  7.9382427e+000
  2.2279000e+007  1.6738656e+000  8.4447786e+000
  2.2521000e+007  1.6395698e+000  8.9534120e+000
  2.2765000e+007  1.6059982e+000  9.4620393e+000
  2.3011000e+007  1.5731446e+000  9.9706844e+000
  2.3261000e+007  1.5407500e+000  1.0483446e+001
  2.3513000e+007  1.5090708e+000  1.0996207e+001
  2.3768000e+007  1.4779774e+000  1.1510999e+001
  2.4025000e+007  1.4475825e+000  1.2025814e+001
  2.4286000e+007  1.4176511e+000  1.2544626e+001
  2.4549000e+007  1.3884049e+000  1.3063458e+001
  2.4815000e+007  1.3597252e+000  1.3584284e+001
  2.5084000e+007  1.3316071e+000  1.4107092e+001
  2.5356000e+007  1.3040450e+000  1.4631871e+001
  2.5630000e+007  1.2771277e+000  1.5156713e+001
  2.5908000e+007  1.2506564e+000  1.5685424e+001
  2.6189000e+007  1.2247221e+000  1.6216086e+001
  2.6473000e+007  1.1993177e+000  1.6748695e+001
  2.6759000e+007  1.1745192e+000  1.7281403e+001
  2.7049000e+007  1.1501498e+000  1.7817913e+001
  2.7343000e+007  1.1262095e+000  1.8358187e+001
  2.7639000e+007  1.1028496e+000  1.8898576e+001
  2.7938000e+007  1.0799812e+000  1.9440914e+001
  2.8241000e+007  1.0575252e+000  1.9986990e+001
  2.8547000e+007  1.0355490e+000  2.0535002e+001
  2.8856000e+007  1.0140443e+000  2.1084957e+001
  2.9169000e+007  9.9293791e-001  2.1638614e+001
  2.9485000e+007  9.7229027e-001  2.2194208e+001
  2.9805000e+007  9.5203205e-001  2.2753480e+001
  3.0128000e+007  9.3221922e-001  2.3314690e+001
  3.0454000e+007  9.1284307e-001  2.3877850e+001
  3.0784000e+007  8.9383977e-001  2.4444672e+001
  3.1118000e+007  8.7520594e-001  2.5015142e+001
  3.1455000e+007  8.5698971e-001  2.5587565e+001
  3.1796000e+007  8.3913219e-001  2.6163627e+001
  3.2141000e+007  8.2162947e-001  2.6743318e+001
  3.2489000e+007  8.0452449e-001  2.7324974e+001
  3.2841000e+007  7.8776297e-001  2.7910258e+001
  3.3197000e+007  7.7134061e-001  2.8499164e+001
  3.3556000e+007  7.5529572e-001  2.9090056e+001
  3.3920000e+007  7.3953693e-001  2.9686195e+001
  3.4288000e+007  7.2410371e-001  3.0285941e+001
  3.4659000e+007  7.0903011e-001  3.0887688e+001
  3.5035000e+007  6.9423244e-001  3.1494650e+001
  3.5414000e+007  6.7978227e-001  3.2103626e+001
  3.5798000e+007  6.6560068e-001  3.2717802e+001
  3.6186000e+007  6.5172026e-001  3.3335585e+001
  3.6578000e+007  6.3813596e-001  3.3956976e+001
  3.6975000e+007  6.2481070e-001  3.4583540e+001
  3.7375000e+007  6.1180443e-001  3.5212153e+001
  3.7780000e+007  5.9904898e-001  3.5845936e+001
  3.8190000e+007  5.8654211e-001  3.6484874e+001
  3.8604000e+007  5.7430956e-001  3.7127422e+001
  3.9022000e+007  5.6234608e-001  3.7773587e+001
  3.9445000e+007  5.5062007e-001  3.8424900e+001
  3.9872000e+007  5.3915440e-001  3.9079836e+001
  4.0304000e+007  5.2791911e-001  3.9739916e+001
  4.0741000e+007  5.1691136e-001  4.0405132e+001
  4.1183000e+007  5.0612823e-001  4.1075481e+001
  4.1629000e+007  4.9558918e-001  4.1749462e+001
  4.2080000e+007  4.8526721e-001  4.2428579e+001
  4.2536000e+007  4.7515925e-001  4.3112827e+001
  4.2997000e+007  4.6526214e-001  4.3802206e+001
  4.3463000e+007  4.5557268e-001  4.4496714e+001
  4.3934000e+007  4.4608762e-001  4.5196352e+001
  4.4410000e+007  4.3680368e-001  4.5901121e+001
  4.4891000e+007  4.2771756e-001  4.6611022e+001
  4.5378000e+007  4.1880856e-001  4.7327511e+001
  4.5869000e+007  4.1010859e-001  4.8047680e+001
  4.6366000e+007  4.0158012e-001  4.8774436e+001
  4.6869000e+007  3.9322133e-001  4.9507770e+001
  4.7377000e+007  3.8504556e-001  5.0246238e+001
  4.7890000e+007  3.7704937e-001  5.0989847e+001
  4.8409000e+007  3.6921502e-001  5.1740032e+001
  4.8934000e+007  3.6154048e-001  5.2496787e+001
  4.9464000e+007  3.5403701e-001  5.3258689e+001
  5.0000000e+007  3.4664053e-001  5.4028628e+001
