   9.0000000e+03   3.6250101e-01   1.0515002e+01
   9.0975000e+03   3.7015217e-01   1.0627791e+01
   9.1961000e+03   3.7803461e-01   1.0742758e+01
   9.2958000e+03   3.8609401e-01   1.0859046e+01
   9.3965000e+03   3.9427589e-01   1.0975831e+01
   9.4983000e+03   4.0270200e-01   1.1094824e+01
   9.6013000e+03   4.1125902e-01   1.1214363e+01
   9.7053000e+03   4.2000782e-01   1.1335277e+01
   9.8105000e+03   4.2901103e-01   1.1458379e+01
   9.9168000e+03   4.3809907e-01   1.1581298e+01
   1.0024000e+04   4.4743580e-01   1.1706242e+01
   1.0133000e+04   4.5702198e-01   1.1833147e+01
   1.0243000e+04   4.6675861e-01   1.1960658e+01
   1.0354000e+04   4.7676735e-01   1.2090335e+01
   1.0466000e+04   4.8689054e-01   1.2220083e+01
   1.0579000e+04   4.9724554e-01   1.2351392e+01
   1.0694000e+04   5.0795168e-01   1.2485702e+01
   1.0810000e+04   5.1875437e-01   1.2619761e+01
   1.0927000e+04   5.2985395e-01   1.2756040e+01
   1.1045000e+04   5.4114208e-01   1.2893150e+01
   1.1165000e+04   5.5271120e-01   1.3032170e+01
   1.1286000e+04   5.6459444e-01   1.3173439e+01
   1.1408000e+04   5.7658676e-01   1.3314473e+01
   1.1532000e+04   5.8896209e-01   1.3458460e+01
   1.1657000e+04   6.0161913e-01   1.3604146e+01
   1.1783000e+04   6.1439700e-01   1.3749646e+01
   1.1911000e+04   6.2762045e-01   1.3898615e+01
   1.2040000e+04   6.4104121e-01   1.4048184e+01
   1.2170000e+04   6.5468826e-01   1.4198653e+01
   1.2302000e+04   6.6880400e-01   1.4352629e+01
   1.2436000e+04   6.8312753e-01   1.4507188e+01
   1.2570000e+04   6.9768861e-01   1.4662638e+01
   1.2707000e+04   7.1277152e-01   1.4821934e+01
   1.2844000e+04   7.2789710e-01   1.4979969e+01
   1.2984000e+04   7.4364239e-01   1.5142724e+01
   1.3124000e+04   7.5947771e-01   1.5304654e+01
   1.3266000e+04   7.7570547e-01   1.5468832e+01
   1.3410000e+04   7.9246801e-01   1.5636605e+01
   1.3556000e+04   8.0943337e-01   1.5804582e+01
   1.3702000e+04   8.2670215e-01   1.5973744e+01
   1.3851000e+04   8.4453228e-01   1.6146537e+01
   1.4001000e+04   8.6255760e-01   1.6319351e+01
   1.4153000e+04   8.8116313e-01   1.6495823e+01
   1.4306000e+04   8.9997120e-01   1.6672305e+01
   1.4461000e+04   9.1924745e-01   1.6851254e+01
   1.4618000e+04   9.3912355e-01   1.7033796e+01
   1.4776000e+04   9.5908491e-01   1.7215158e+01
   1.4936000e+04   9.7967617e-01   1.7400254e+01
   1.5098000e+04   1.0007395e+00   1.7587568e+01
   1.5262000e+04   1.0221813e+00   1.7776207e+01
   1.5427000e+04   1.0441547e+00   1.7967459e+01
   1.5594000e+04   1.0664555e+00   1.8159488e+01
   1.5763000e+04   1.0893180e+00   1.8354255e+01
   1.5934000e+04   1.1128327e+00   1.8552434e+01
   1.6107000e+04   1.1366067e+00   1.8750655e+01
   1.6281000e+04   1.1609618e+00   1.8951558e+01
   1.6458000e+04   1.1859572e+00   1.9155538e+01
   1.6636000e+04   1.2112641e+00   1.9359855e+01
   1.6816000e+04   1.2373302e+00   1.9568058e+01
   1.6999000e+04   1.2638674e+00   1.9777756e+01
   1.7183000e+04   1.2909310e+00   1.9989333e+01
   1.7369000e+04   1.3187027e+00   2.0204125e+01
   1.7557000e+04   1.3467876e+00   2.0419026e+01
   1.7748000e+04   1.3758480e+00   2.0639017e+01
   1.7940000e+04   1.4052821e+00   2.0859454e+01
   1.8134000e+04   1.4352603e+00   2.1081580e+01
   1.8331000e+04   1.4662633e+00   2.1308842e+01
   1.8529000e+04   1.4974235e+00   2.1534823e+01
   1.8730000e+04   1.5295496e+00   2.1765331e+01
   1.8933000e+04   1.5624378e+00   2.1998783e+01
   1.9138000e+04   1.5957107e+00   2.2232453e+01
   1.9346000e+04   1.6300919e+00   2.2471328e+01
   1.9555000e+04   1.6648482e+00   2.2710234e+01
   1.9767000e+04   1.7004328e+00   2.2952235e+01
   1.9982000e+04   1.7371816e+00   2.3199474e+01
   2.0198000e+04   1.7740507e+00   2.3444884e+01
   2.0417000e+04   1.8120611e+00   2.3695201e+01
   2.0638000e+04   1.8508869e+00   2.3948158e+01
   2.0862000e+04   1.8903609e+00   2.4202605e+01
   2.1088000e+04   1.9309168e+00   2.4461236e+01
   2.1316000e+04   1.9720191e+00   2.4720565e+01
   2.1547000e+04   2.0141040e+00   2.4983275e+01
   2.1781000e+04   2.0575131e+00   2.5251348e+01
   2.2017000e+04   2.1011672e+00   2.5518075e+01
   2.2256000e+04   2.1461770e+00   2.5790156e+01
   2.2497000e+04   2.1920537e+00   2.6064520e+01
   2.2741000e+04   2.2386986e+00   2.6340520e+01
   2.2987000e+04   2.2865836e+00   2.6620835e+01
   2.3236000e+04   2.3352036e+00   2.6902436e+01
   2.3488000e+04   2.3849912e+00   2.7187738e+01
   2.3742000e+04   2.4360236e+00   2.7477048e+01
   2.4000000e+04   2.4877583e+00   2.7767240e+01
   2.4260000e+04   2.5408390e+00   2.8061809e+01
   2.4523000e+04   2.5950309e+00   2.8359346e+01
   2.4788000e+04   2.6499321e+00   2.8657591e+01
   2.5057000e+04   2.7066716e+00   2.8962536e+01
   2.5329000e+04   2.7641399e+00   2.9268126e+01
   2.5603000e+04   2.8227845e+00   2.9576663e+01
   2.5880000e+04   2.8829849e+00   2.9890011e+01
   2.6161000e+04   2.9440080e+00   3.0204295e+01
   2.6444000e+04   3.0065727e+00   3.0523089e+01
   2.6731000e+04   3.0705099e+00   3.0845422e+01
   2.7021000e+04   3.1355506e+00   3.1169850e+01
   2.7313000e+04   3.2022182e+00   3.1498848e+01
   2.7609000e+04   3.2698001e+00   3.1828852e+01
   2.7909000e+04   3.3392758e+00   3.2164501e+01
   2.8211000e+04   3.4101874e+00   3.2503440e+01
   2.8517000e+04   3.4820632e+00   3.2843379e+01
   2.8826000e+04   3.5559400e+00   3.3189064e+01
   2.9138000e+04   3.6309951e+00   3.3536555e+01
   2.9454000e+04   3.7076125e+00   3.3887541e+01
   2.9773000e+04   3.7863335e+00   3.4244317e+01
   3.0096000e+04   3.8659250e+00   3.4601261e+01
   3.0422000e+04   3.9474969e+00   3.4963209e+01
   3.0751000e+04   4.0308323e+00   3.5329064e+01
   3.1085000e+04   4.1155651e+00   3.5697160e+01
   3.1422000e+04   4.2025678e+00   3.6071093e+01
   3.1762000e+04   4.2907497e+00   3.6446113e+01
   3.2106000e+04   4.3807753e+00   3.6824950e+01
   3.2454000e+04   4.4734496e+00   3.7210778e+01
   3.2806000e+04   4.5669013e+00   3.7595796e+01
   3.3161000e+04   4.6627180e+00   3.7986379e+01
   3.3521000e+04   4.7609237e+00   3.8382471e+01
   3.3884000e+04   4.8602070e+00   3.8778730e+01
   3.4251000e+04   4.9623392e+00   3.9182033e+01
   3.4622000e+04   5.0658871e+00   3.9586660e+01
   3.4998000e+04   5.1719023e+00   3.9996574e+01
   3.5377000e+04   5.2805723e+00   4.0412282e+01
   3.5760000e+04   5.3899628e+00   4.0826433e+01
   3.6148000e+04   5.5027031e+00   4.1248749e+01
   3.6539000e+04   5.6173449e+00   4.1673679e+01
   3.6935000e+04   5.7338837e+00   4.2101157e+01
   3.7336000e+04   5.8539217e+00   4.2536797e+01
   3.7740000e+04   5.9750170e+00   4.2971723e+01
   3.8149000e+04   6.0989933e+00   4.3412333e+01
   3.8563000e+04   6.2263981e+00   4.3860333e+01
   3.8980000e+04   6.3543607e+00   4.4305684e+01
   3.9403000e+04   6.4863811e+00   4.4760307e+01
   3.9830000e+04   6.6206332e+00   4.5217791e+01
   4.0261000e+04   6.7567844e+00   4.5676952e+01
   4.0698000e+04   6.8971643e+00   4.6145364e+01
   4.1139000e+04   7.0387714e+00   4.6613027e+01
   4.1585000e+04   7.1837494e+00   4.7086816e+01
   4.2035000e+04   7.3320056e+00   4.7566224e+01
   4.2491000e+04   7.4819678e+00   4.8046217e+01
   4.2951000e+04   7.6357742e+00   4.8533328e+01
   4.3417000e+04   7.7924600e+00   4.9024433e+01
   4.3887000e+04   7.9513990e+00   4.9517475e+01
   4.4363000e+04   8.1150335e+00   5.0019728e+01
   4.4843000e+04   8.2796755e+00   5.0519967e+01
   4.5329000e+04   8.4486065e+00   5.1027889e+01
   4.5821000e+04   8.6216285e+00   5.1542680e+01
   4.6317000e+04   8.7959035e+00   5.2055969e+01
   4.6819000e+04   8.9751735e+00   5.2578429e+01
   4.7326000e+04   9.1569117e+00   5.3102683e+01
   4.7839000e+04   9.3420414e+00   5.3631258e+01
   4.8358000e+04   9.5323614e+00   5.4168938e+01
   4.8882000e+04   9.7237338e+00   5.4704218e+01
   4.9411000e+04   9.9197040e+00   5.5246662e+01
   4.9947000e+04   1.0120228e+01   5.5795987e+01
   5.0488000e+04   1.0322629e+01   5.6344916e+01
   5.1035000e+04   1.0530536e+01   5.6902886e+01
   5.1588000e+04   1.0741117e+01   5.7462366e+01
   5.2147000e+04   1.0955614e+01   5.8026459e+01
   5.2712000e+04   1.1175823e+01   5.8599520e+01
   5.3283000e+04   1.1397018e+01   5.9169561e+01
   5.3861000e+04   1.1624358e+01   5.9749360e+01
   5.4445000e+04   1.1855889e+01   6.0333841e+01
   5.5035000e+04   1.2090001e+01   6.0919006e+01
   5.5631000e+04   1.2330147e+01   6.1513020e+01
   5.6234000e+04   1.2573092e+01   6.2108061e+01
   5.6843000e+04   1.2820545e+01   6.2708030e+01
   5.7459000e+04   1.3074374e+01   6.3317101e+01
   5.8082000e+04   1.3329565e+01   6.3923618e+01
   5.8711000e+04   1.3591110e+01   6.4538831e+01
   5.9347000e+04   1.3857137e+01   6.5158354e+01
   5.9991000e+04   1.4126968e+01   6.5780619e+01
   6.0641000e+04   1.4403364e+01   6.6411456e+01
   6.1298000e+04   1.4682139e+01   6.7041657e+01
   6.1962000e+04   1.4966515e+01   6.7678093e+01
   6.2633000e+04   1.5257365e+01   6.8322405e+01
   6.3312000e+04   1.5550144e+01   6.8964967e+01
   6.3998000e+04   1.5850241e+01   6.9616869e+01
   6.4692000e+04   1.6155013e+01   7.0272499e+01
   6.5393000e+04   1.6463601e+01   7.0929987e+01
   6.6101000e+04   1.6779727e+01   7.1596673e+01
   6.6818000e+04   1.7098486e+01   7.2262744e+01
   6.7542000e+04   1.7423619e+01   7.2935407e+01
   6.8274000e+04   1.7755635e+01   7.3615491e+01
   6.9014000e+04   1.8089734e+01   7.4293657e+01
   6.9761000e+04   1.8431683e+01   7.4980769e+01
   7.0517000e+04   1.8778332e+01   7.5670808e+01
   7.1282000e+04   1.9130204e+01   7.6364672e+01
   7.2054000e+04   1.9490129e+01   7.7067283e+01
   7.2835000e+04   1.9851861e+01   7.7767269e+01
   7.3624000e+04   2.0221271e+01   7.8475119e+01
   7.4422000e+04   2.0597815e+01   7.9189703e+01
   7.5228000e+04   2.0976611e+01   7.9902283e+01
   7.6044000e+04   2.1365163e+01   8.0625978e+01
   7.6868000e+04   2.1757314e+01   8.1349857e+01
   7.7701000e+04   2.2155230e+01   8.2077654e+01
   7.8543000e+04   2.2562625e+01   8.2815445e+01
   7.9394000e+04   2.2970722e+01   8.3548498e+01
   8.0254000e+04   2.3387906e+01   8.4290645e+01
   8.1124000e+04   2.3812285e+01   8.5038647e+01
   8.2003000e+04   2.4239580e+01   8.5785472e+01
   8.2891000e+04   2.4676620e+01   8.6541941e+01
   8.3790000e+04   2.5117788e+01   8.7299178e+01
   8.4698000e+04   2.5565325e+01   8.8060509e+01
   8.5616000e+04   2.6023130e+01   8.8831848e+01
   8.6543000e+04   2.6480468e+01   8.9596671e+01
   8.7481000e+04   2.6948778e+01   9.0372424e+01
   8.8429000e+04   2.7423603e+01   9.1152155e+01
   8.9387000e+04   2.7902054e+01   9.1931579e+01
   9.0356000e+04   2.8391622e+01   9.2721624e+01
   9.1335000e+04   2.8883626e+01   9.3509549e+01
   9.2325000e+04   2.9383646e+01   9.4303425e+01
   9.3325000e+04   2.9893500e+01   9.5105553e+01
   9.4337000e+04   3.0404208e+01   9.5903532e+01
   9.5359000e+04   3.0925707e+01   9.6710921e+01
   9.6392000e+04   3.1453263e+01   9.7521178e+01
   9.7437000e+04   3.1985709e+01   9.8332817e+01
   9.8493000e+04   3.2529564e+01   9.9154364e+01
   9.9560000e+04   3.3074848e+01   9.9972547e+01
   1.0064000e+05   3.3629878e+01   1.0079847e+02
   1.0173000e+05   3.4194053e+01   1.0163090e+02
   1.0283000e+05   3.4757853e+01   1.0245768e+02
   1.0395000e+05   3.5337820e+01   1.0330073e+02
   1.0507000e+05   3.5916929e+01   1.0413656e+02
   1.0621000e+05   3.6505368e+01   1.0497996e+02
   1.0736000e+05   3.7104893e+01   1.0583188e+02
   1.0853000e+05   3.7708662e+01   1.0668504e+02
   1.0970000e+05   3.8316217e+01   1.0753678e+02
   1.1089000e+05   3.8937110e+01   1.0840057e+02
   1.1209000e+05   3.9557523e+01   1.0925906e+02
   1.1331000e+05   4.0194265e+01   1.1013290e+02
   1.1453000e+05   4.0828552e+01   1.1099812e+02
   1.1578000e+05   4.1477787e+01   1.1187810e+02
   1.1703000e+05   4.2132995e+01   1.1275903e+02
   1.1830000e+05   4.2790373e+01   1.1363918e+02
   1.1958000e+05   4.3457603e+01   1.1452582e+02
   1.2088000e+05   4.4136977e+01   1.1542258e+02
   1.2219000e+05   4.4815783e+01   1.1631454e+02
   1.2351000e+05   4.5505836e+01   1.1721436e+02
   1.2485000e+05   4.6202052e+01   1.1811793e+02
   1.2620000e+05   4.6903278e+01   1.1902279e+02
   1.2757000e+05   4.7620935e+01   1.1994200e+02
   1.2895000e+05   4.8333284e+01   1.2085203e+02
   1.3035000e+05   4.9061703e+01   1.2177598e+02
   1.3176000e+05   4.9795589e+01   1.2270176e+02
   1.3319000e+05   5.0534342e+01   1.2363027e+02
   1.3463000e+05   5.1284382e+01   1.2456640e+02
   1.3609000e+05   5.2038586e+01   1.2550467e+02
   1.3757000e+05   5.2803717e+01   1.2645165e+02
   1.3906000e+05   5.3579435e+01   1.2740551e+02
   1.4056000e+05   5.4348899e+01   1.2835047e+02
   1.4209000e+05   5.5140077e+01   1.2931576e+02
   1.4363000e+05   5.5935239e+01   1.3028185e+02
   1.4518000e+05   5.6730467e+01   1.3124529e+02
   1.4676000e+05   5.7547389e+01   1.3222884e+02
   1.4835000e+05   5.8361465e+01   1.3320728e+02
   1.4995000e+05   5.9182242e+01   1.3418929e+02
   1.5158000e+05   6.0022701e+01   1.3518949e+02
   1.5322000e+05   6.0857271e+01   1.3618233e+02
   1.5488000e+05   6.1708588e+01   1.3718920e+02
   1.5656000e+05   6.2567440e+01   1.3820216e+02
   1.5826000e+05   6.3432403e+01   1.3922008e+02
   1.5997000e+05   6.4309116e+01   1.4024609e+02
   1.6171000e+05   6.5191294e+01   1.4127837e+02
   1.6346000e+05   6.6081607e+01   1.4231581e+02
   1.6523000e+05   6.6985461e+01   1.4336463e+02
   1.6702000e+05   6.7889325e+01   1.4441380e+02
   1.6883000e+05   6.8810390e+01   1.4547741e+02
   1.7066000e+05   6.9737736e+01   1.4654665e+02
   1.7251000e+05   7.0672536e+01   1.4762254e+02
   1.7438000e+05   7.1624778e+01   1.4871307e+02
   1.7627000e+05   7.2575992e+01   1.4980368e+02
   1.7818000e+05   7.3542347e+01   1.5090718e+02
   1.8011000e+05   7.4521511e+01   1.5202178e+02
   1.8206000e+05   7.5502180e+01   1.5313872e+02
   1.8403000e+05   7.6501032e+01   1.5427099e+02
   1.8603000e+05   7.7510358e+01   1.5541452e+02
   1.8804000e+05   7.8524208e+01   1.5656109e+02
   1.9008000e+05   7.9561752e+01   1.5772906e+02
   1.9214000e+05   8.0597394e+01   1.5889718e+02
   1.9422000e+05   8.1650934e+01   1.6008046e+02
   1.9633000e+05   8.2722158e+01   1.6128062e+02
   1.9846000e+05   8.3797346e+01   1.6248548e+02
   2.0061000e+05   8.4892350e+01   1.6370694e+02
   2.0278000e+05   8.5992802e+01   1.6493429e+02
   2.0498000e+05   8.7110956e+01   1.6617849e+02
   2.0720000e+05   8.8249648e+01   1.6743979e+02
   2.0944000e+05   8.9386806e+01   1.6870177e+02
   2.1171000e+05   9.0550558e+01   1.6998712e+02
   2.1401000e+05   9.1732844e+01   1.7128985e+02
   2.1633000e+05   9.2922746e+01   1.7259989e+02
   2.1867000e+05   9.4135218e+01   1.7392830e+02
   2.2104000e+05   9.5359308e+01   1.7526872e+02
   2.2344000e+05   9.6605599e+01   1.7662883e+02
   2.2586000e+05   9.7874188e+01   1.7800687e+02
   2.2830000e+05   9.9145618e+01   1.7938814e+02
   2.3078000e+05   1.0045263e+02   1.8080046e+02
   2.3328000e+05   1.0177522e+02   1.8222526e+02
   2.3581000e+05   1.0311594e+02   1.8366584e+02
   2.3836000e+05   1.0448345e+02   1.8512692e+02
   2.4095000e+05   1.0587077e+02   1.8660626e+02
   2.4356000e+05   1.0728116e+02   1.8810268e+02
   2.4620000e+05   1.0872269e+02   1.8962381e+02
   2.4886000e+05   1.1017335e+02   1.9115067e+02
   2.5156000e+05   1.1166555e+02   1.9271100e+02
   2.5429000e+05   1.1318293e+02   1.9429023e+02
   2.5704000e+05   1.1472043e+02   1.9588232e+02
   2.5983000e+05   1.1630233e+02   1.9750886e+02
   2.6264000e+05   1.1789813e+02   1.9914227e+02
   2.6549000e+05   1.1953691e+02   2.0080765e+02
   2.6837000e+05   1.2121295e+02   2.0249873e+02
   2.7128000e+05   1.2291286e+02   2.0420354e+02
   2.7421000e+05   1.2465146e+02   2.0593259e+02
   2.7719000e+05   1.2643421e+02   2.0769248e+02
   2.8019000e+05   1.2824735e+02   2.0946775e+02
   2.8323000e+05   1.3011529e+02   2.1127994e+02
   2.8630000e+05   1.3201106e+02   2.1310385e+02
   2.8940000e+05   1.3395641e+02   2.1495702e+02
   2.9253000e+05   1.3594864e+02   2.1683606e+02
   2.9570000e+05   1.3798400e+02   2.1873619e+02
   2.9891000e+05   1.4008313e+02   2.2067431e+02
   3.0215000e+05   1.4222564e+02   2.2263017e+02
   3.0542000e+05   1.4441952e+02   2.2460900e+02
   3.0873000e+05   1.4668352e+02   2.2662633e+02
   3.1208000e+05   1.4899455e+02   2.2865797e+02
   3.1546000e+05   1.5137289e+02   2.3072109e+02
   3.1888000e+05   1.5382006e+02   2.3281430e+02
   3.2233000e+05   1.5632203e+02   2.3492175e+02
   3.2583000e+05   1.5891455e+02   2.3707346e+02
   3.2936000e+05   1.6156697e+02   2.3923827e+02
   3.3293000e+05   1.6429972e+02   2.4143143e+02
   3.3653000e+05   1.6711631e+02   2.4365480e+02
   3.4018000e+05   1.7000878e+02   2.4589249e+02
   3.4387000e+05   1.7300099e+02   2.4816603e+02
   3.4759000e+05   1.7607674e+02   2.5045685e+02
   3.5136000e+05   1.7924963e+02   2.5276885e+02
   3.5517000e+05   1.8253418e+02   2.5511428e+02
   3.5902000e+05   1.8591111e+02   2.5746740e+02
   3.6291000e+05   1.8940014e+02   2.5984245e+02
   3.6684000e+05   1.9301116e+02   2.6224366e+02
   3.7081000e+05   1.9672153e+02   2.6464021e+02
   3.7483000e+05   2.0057655e+02   2.6706817e+02
   3.7889000e+05   2.0455609e+02   2.6950253e+02
   3.8300000e+05   2.0867190e+02   2.7194241e+02
   3.8715000e+05   2.1294000e+02   2.7440003e+02
   3.9135000e+05   2.1734558e+02   2.7684557e+02
   3.9559000e+05   2.2190793e+02   2.7929363e+02
   3.9987000e+05   2.2663470e+02   2.8174182e+02
   4.0421000e+05   2.3152605e+02   2.8416726e+02
   4.0859000e+05   2.3660226e+02   2.8658944e+02
   4.1301000e+05   2.4184696e+02   2.8897994e+02
   4.1749000e+05   2.4729223e+02   2.9134380e+02
   4.2201000e+05   2.5294487e+02   2.9368595e+02
   4.2659000e+05   2.5879357e+02   2.9596677e+02
   4.3121000e+05   2.6485810e+02   2.9820292e+02
   4.3588000e+05   2.7115457e+02   3.0038547e+02
   4.4061000e+05   2.7767314e+02   3.0247984e+02
   4.4538000e+05   2.8443872e+02   3.0450512e+02
   4.5021000e+05   2.9145232e+02   3.0642678e+02
   4.5509000e+05   2.9871641e+02   3.0823451e+02
   4.6002000e+05   3.0626707e+02   3.0993618e+02
   4.6500000e+05   3.1404525e+02   3.1146392e+02
   4.7004000e+05   3.2213491e+02   3.1285022e+02
   4.7514000e+05   3.3052746e+02   3.1406244e+02
   4.8028000e+05   3.3915968e+02   3.1505091e+02
   4.8549000e+05   3.4814548e+02   3.1583868e+02
   4.9075000e+05   3.5739836e+02   3.1636072e+02
   4.9607000e+05   3.6696201e+02   3.1660771e+02
   5.0144000e+05   3.7685479e+02   3.1657091e+02
   5.0688000e+05   3.8700985e+02   3.1616331e+02
   5.1237000e+05   3.9748855e+02   3.1540920e+02
   5.1792000e+05   4.0826692e+02   3.1425409e+02
   5.2353000e+05   4.1929954e+02   3.1264702e+02
   5.2921000e+05   4.3067191e+02   3.1057945e+02
   5.3494000e+05   4.4223827e+02   3.0798523e+02
   5.4074000e+05   4.5407029e+02   3.0483630e+02
   5.4660000e+05   4.6615678e+02   3.0110496e+02
   5.5252000e+05   4.7833890e+02   2.9671741e+02
   5.5851000e+05   4.9073930e+02   2.9166072e+02
   5.6456000e+05   5.0323306e+02   2.8588809e+02
   5.7068000e+05   5.1576352e+02   2.7935001e+02
   5.7686000e+05   5.2835406e+02   2.7203284e+02
   5.8312000e+05   5.4085023e+02   2.6386950e+02
   5.8943000e+05   5.5321946e+02   2.5487982e+02
   5.9582000e+05   5.6546841e+02   2.4499613e+02
   6.0228000e+05   5.7735577e+02   2.3422814e+02
   6.0880000e+05   5.8894590e+02   2.2257365e+02
   6.1540000e+05   6.0009271e+02   2.1001027e+02
   6.2207000e+05   6.1067831e+02   1.9657510e+02
   6.2881000e+05   6.2071338e+02   1.8226377e+02
   6.3563000e+05   6.2995065e+02   1.6714471e+02
   6.4251000e+05   6.3840722e+02   1.5126781e+02
   6.4948000e+05   6.4602534e+02   1.3462060e+02
   6.5651000e+05   6.5256890e+02   1.1741458e+02
   6.6363000e+05   6.5814954e+02   9.9573744e+01
   6.7082000e+05   6.6258076e+02   8.1307250e+01
   6.7809000e+05   6.6583597e+02   6.2688076e+01
   6.8544000e+05   6.6795146e+02   4.3757618e+01
   6.9287000e+05   6.6875200e+02   2.4777439e+01
   7.0037000e+05   6.6835972e+02   5.7641529e+00
   7.0796000e+05   6.6675006e+02  -1.3189998e+01
   7.1564000e+05   6.6387593e+02  -3.1870739e+01
   7.2339000e+05   6.5987601e+02  -5.0257989e+01
   7.3123000e+05   6.5471768e+02  -6.8172409e+01
   7.3915000e+05   6.4849567e+02  -8.5533715e+01
   7.4716000e+05   6.4130213e+02  -1.0235685e+02
   7.5526000e+05   6.3314580e+02  -1.1836036e+02
   7.6344000e+05   6.2418885e+02  -1.3365378e+02
   7.7172000e+05   6.1447804e+02  -1.4816090e+02
   7.8008000e+05   6.0412051e+02  -1.6172935e+02
   7.8853000e+05   5.9321704e+02  -1.7449014e+02
   7.9708000e+05   5.8183447e+02  -1.8630131e+02
   8.0572000e+05   5.7008260e+02  -1.9721240e+02
   8.1445000e+05   5.5804129e+02  -2.0728443e+02
   8.2327000e+05   5.4580825e+02  -2.1635015e+02
   8.3219000e+05   5.3342740e+02  -2.2462335e+02
   8.4121000e+05   5.2097561e+02  -2.3205556e+02
   8.5033000e+05   5.0852812e+02  -2.3863748e+02
   8.5954000e+05   4.9612764e+02  -2.4450027e+02
   8.6886000e+05   4.8383375e+02  -2.4957426e+02
   8.7827000e+05   4.7169376e+02  -2.5396402e+02
   8.8779000e+05   4.5970733e+02  -2.5774187e+02
   8.9741000e+05   4.4797250e+02  -2.6083012e+02
   9.0713000e+05   4.3645740e+02  -2.6339609e+02
   9.1696000e+05   4.2520195e+02  -2.6542196e+02
   9.2690000e+05   4.1423352e+02  -2.6693562e+02
   9.3695000e+05   4.0352599e+02  -2.6803831e+02
   9.4710000e+05   3.9315951e+02  -2.6867729e+02
   9.5736000e+05   3.8308644e+02  -2.6895454e+02
   9.6774000e+05   3.7329824e+02  -2.6890457e+02
   9.7822000e+05   3.6386941e+02  -2.6849482e+02
   9.8882000e+05   3.5471688e+02  -2.6783185e+02
   9.9954000e+05   3.4587919e+02  -2.6689720e+02
   1.0104000e+06   3.3733749e+02  -2.6571725e+02
   1.0213000e+06   3.2912593e+02  -2.6436456e+02
   1.0324000e+06   3.2118556e+02  -2.6277836e+02
   1.0436000e+06   3.1353022e+02  -2.6104395e+02
   1.0549000e+06   3.0615760e+02  -2.5917366e+02
   1.0663000e+06   2.9910098e+02  -2.5715153e+02
   1.0779000e+06   2.9223581e+02  -2.5502155e+02
   1.0896000e+06   2.8565719e+02  -2.5278374e+02
   1.1014000e+06   2.7934546e+02  -2.5046035e+02
   1.1133000e+06   2.7326034e+02  -2.4808449e+02
   1.1254000e+06   2.6740908e+02  -2.4560366e+02
   1.1376000e+06   2.6177543e+02  -2.4308749e+02
   1.1499000e+06   2.5636357e+02  -2.4053544e+02
   1.1623000e+06   2.5119329e+02  -2.3793894e+02
   1.1749000e+06   2.4616907e+02  -2.3531242e+02
   1.1877000e+06   2.4132888e+02  -2.3263912e+02
   1.2005000e+06   2.3672175e+02  -2.2997732e+02
   1.2135000e+06   2.3224443e+02  -2.2730200e+02
   1.2267000e+06   2.2795415e+02  -2.2458811e+02
   1.2400000e+06   2.2381777e+02  -2.2189077e+02
   1.2534000e+06   2.1984769e+02  -2.1920342e+02
   1.2670000e+06   2.1602621e+02  -2.1650228e+02
   1.2807000e+06   2.1233881e+02  -2.1382697e+02
   1.2946000e+06   2.0879284e+02  -2.1114386e+02
   1.3086000e+06   2.0538594e+02  -2.0848495e+02
   1.3228000e+06   2.0207620e+02  -2.0583813e+02
   1.3372000e+06   1.9890716e+02  -2.0318822e+02
   1.3517000e+06   1.9584677e+02  -2.0057435e+02
   1.3663000e+06   1.9290998e+02  -1.9798958e+02
   1.3811000e+06   1.9008153e+02  -1.9541488e+02
   1.3961000e+06   1.8732916e+02  -1.9286179e+02
   1.4112000e+06   1.8470427e+02  -1.9033619e+02
   1.4265000e+06   1.8215993e+02  -1.8783080e+02
   1.4420000e+06   1.7968800e+02  -1.8534814e+02
   1.4576000e+06   1.7733650e+02  -1.8289457e+02
   1.4734000e+06   1.7504564e+02  -1.8046684e+02
   1.4893000e+06   1.7284816e+02  -1.7807439e+02
   1.5055000e+06   1.7071629e+02  -1.7568773e+02
   1.5218000e+06   1.6865119e+02  -1.7334270e+02
   1.5383000e+06   1.6667287e+02  -1.7101616e+02
   1.5550000e+06   1.6475112e+02  -1.6871568e+02
   1.5718000e+06   1.6289507e+02  -1.6645454e+02
   1.5888000e+06   1.6111739e+02  -1.6421358e+02
   1.6061000e+06   1.5937270e+02  -1.6198764e+02
   1.6235000e+06   1.5770081e+02  -1.5979803e+02
   1.6410000e+06   1.5609590e+02  -1.5764495e+02
   1.6588000e+06   1.5451949e+02  -1.5550719e+02
   1.6768000e+06   1.5301396e+02  -1.5339099e+02
   1.6950000e+06   1.5154733e+02  -1.5130196e+02
   1.7133000e+06   1.5013100e+02  -1.4924993e+02
   1.7319000e+06   1.4876677e+02  -1.4720969e+02
   1.7507000e+06   1.4743327e+02  -1.4519673e+02
   1.7697000e+06   1.4615086e+02  -1.4320759e+02
   1.7888000e+06   1.4491729e+02  -1.4125354e+02
   1.8082000e+06   1.4370399e+02  -1.3931559e+02
   1.8278000e+06   1.4254992e+02  -1.3739976e+02
   1.8476000e+06   1.4142187e+02  -1.3550985e+02
   1.8676000e+06   1.4032795e+02  -1.3364427e+02
   1.8879000e+06   1.3927468e+02  -1.3179267e+02
   1.9083000e+06   1.3824808e+02  -1.2997524e+02
   1.9290000e+06   1.3725932e+02  -1.2817170e+02
   1.9499000e+06   1.3630134e+02  -1.2639198e+02
   1.9710000e+06   1.3536294e+02  -1.2463630e+02
   1.9924000e+06   1.3446997e+02  -1.2289414e+02
   2.0140000e+06   1.3359441e+02  -1.2117585e+02
   2.0358000e+06   1.3274727e+02  -1.1948007e+02
   2.0579000e+06   1.3193192e+02  -1.1779873e+02
   2.0802000e+06   1.3113183e+02  -1.1614018e+02
   2.1027000e+06   1.3036868e+02  -1.1450298e+02
   2.1255000e+06   1.2962436e+02  -1.1288050e+02
   2.1485000e+06   1.2889587e+02  -1.1127960e+02
   2.1718000e+06   1.2820462e+02  -1.0969262e+02
   2.1954000e+06   1.2752267e+02  -1.0812030e+02
   2.2192000e+06   1.2686532e+02  -1.0656864e+02
   2.2432000e+06   1.2623574e+02  -1.0503744e+02
   2.2675000e+06   1.2561400e+02  -1.0352007e+02
   2.2921000e+06   1.2502300e+02  -1.0201643e+02
   2.3169000e+06   1.2444764e+02  -1.0053256e+02
   2.3420000e+06   1.2388336e+02  -9.9061964e+01
   2.3674000e+06   1.2335011e+02  -9.7605013e+01
   2.3931000e+06   1.2282319e+02  -9.6161212e+01
   2.4190000e+06   1.2231836e+02  -9.4736052e+01
   2.4452000e+06   1.2183327e+02  -9.3324004e+01
   2.4717000e+06   1.2135352e+02  -9.1924328e+01
   2.4985000e+06   1.2090282e+02  -9.0537788e+01
   2.5256000e+06   1.2046103e+02  -8.9163613e+01
   2.5529000e+06   1.2003117e+02  -8.7806407e+01
   2.5806000e+06   1.1962598e+02  -8.6457067e+01
   2.6086000e+06   1.1922497e+02  -8.5119251e+01
   2.6368000e+06   1.1884469e+02  -8.3798170e+01
   2.6654000e+06   1.1847872e+02  -8.2484293e+01
   2.6943000e+06   1.1811624e+02  -8.1181175e+01
   2.7235000e+06   1.1778218e+02  -7.9890413e+01
   2.7530000e+06   1.1745343e+02  -7.8610268e+01
   2.7828000e+06   1.1713502e+02  -7.7340688e+01
   2.8130000e+06   1.1683813e+02  -7.6078516e+01
   2.8435000e+06   1.1654388e+02  -7.4826089e+01
   2.8743000e+06   1.1626912e+02  -7.3584546e+01
   2.9054000e+06   1.1600683e+02  -7.2353245e+01
   2.9369000e+06   1.1574580e+02  -7.1126895e+01
   2.9687000e+06   1.1551367e+02  -6.9911944e+01
   3.0009000e+06   1.1528320e+02  -6.8701851e+01
   3.0334000e+06   1.1506375e+02  -6.7500873e+01
   3.0663000e+06   1.1486359e+02  -6.6306310e+01
   3.0995000e+06   1.1466501e+02  -6.5119498e+01
   3.1331000e+06   1.1448652e+02  -6.3938719e+01
   3.1671000e+06   1.1431757e+02  -6.2762845e+01
   3.2014000e+06   1.1415120e+02  -6.1593996e+01
   3.2361000e+06   1.1401246e+02  -6.0431730e+01
   3.2711000e+06   1.1387498e+02  -5.9275927e+01
   3.3066000e+06   1.1374929e+02  -5.8120993e+01
   3.3424000e+06   1.1364195e+02  -5.6974235e+01
   3.3786000e+06   1.1353536e+02  -5.5829768e+01
   3.4153000e+06   1.1345135e+02  -5.4687146e+01
   3.4523000e+06   1.1337572e+02  -5.3550589e+01
   3.4897000e+06   1.1330412e+02  -5.2415858e+01
   3.5275000e+06   1.1326012e+02  -5.1286181e+01
   3.5657000e+06   1.1321721e+02  -5.0157490e+01
   3.6044000e+06   1.1318940e+02  -4.9028410e+01
   3.6434000e+06   1.1317953e+02  -4.7905156e+01
   3.6829000e+06   1.1317084e+02  -4.6778889e+01
   3.7228000e+06   1.1318955e+02  -4.5656169e+01
   3.7632000e+06   1.1321586e+02  -4.4530974e+01
   3.8039000e+06   1.1324930e+02  -4.3408077e+01
   3.8452000e+06   1.1331234e+02  -4.2282737e+01
   3.8868000e+06   1.1337743e+02  -4.1158176e+01
   3.9289000e+06   1.1346302e+02  -4.0031373e+01
   3.9715000e+06   1.1356805e+02  -3.8902130e+01
   4.0146000e+06   1.1367605e+02  -3.7766723e+01
   4.0581000e+06   1.1381930e+02  -3.6633300e+01
   4.1020000e+06   1.1397064e+02  -3.5496514e+01
   4.1465000e+06   1.1413529e+02  -3.4351014e+01
   4.1914000e+06   1.1433405e+02  -3.3206114e+01
   4.2368000e+06   1.1453798e+02  -3.2052522e+01
   4.2827000e+06   1.1477167e+02  -3.0894456e+01
   4.3292000e+06   1.1502958e+02  -2.9728027e+01
   4.3761000e+06   1.1529360e+02  -2.8553077e+01
   4.4235000e+06   1.1560723e+02  -2.7376602e+01
   4.4714000e+06   1.1593219e+02  -2.6188939e+01
   4.5199000e+06   1.1628102e+02  -2.4988875e+01
   4.5689000e+06   1.1667432e+02  -2.3784383e+01
   4.6184000e+06   1.1707915e+02  -2.2565174e+01
   4.6684000e+06   1.1753017e+02  -2.1339649e+01
   4.7190000e+06   1.1801489e+02  -2.0101332e+01
   4.7701000e+06   1.1851520e+02  -1.8844843e+01
   4.8218000e+06   1.1908998e+02  -1.7586084e+01
   4.8741000e+06   1.1968556e+02  -1.6305902e+01
   4.9269000e+06   1.2032404e+02  -1.5012050e+01
   4.9803000e+06   1.2102764e+02  -1.3710169e+01
   5.0343000e+06   1.2175839e+02  -1.2382451e+01
   5.0888000e+06   1.2256659e+02  -1.1050772e+01
   5.1440000e+06   1.2343006e+02  -9.6990965e+00
   5.1997000e+06   1.2433368e+02  -8.3216707e+00
   5.2561000e+06   1.2535061e+02  -6.9480223e+00
   5.3130000e+06   1.2641181e+02  -5.5466688e+00
   5.3706000e+06   1.2756034e+02  -4.1288969e+00
   5.4288000e+06   1.2881398e+02  -2.7097412e+00
   5.4876000e+06   1.3012989e+02  -1.2557129e+00
   5.5471000e+06   1.3158933e+02   1.8560653e-01
   5.6072000e+06   1.3314706e+02   1.6427896e+00
   5.6680000e+06   1.3480727e+02   3.1286899e+00
   5.7294000e+06   1.3664986e+02   4.5699355e+00
   5.7915000e+06   1.3860313e+02   6.0422222e+00
   5.8542000e+06   1.4072843e+02   7.4920928e+00
   5.9177000e+06   1.4304707e+02   8.9046388e+00
   5.9818000e+06   1.4551530e+02   1.0337215e+01
   6.0466000e+06   1.4824408e+02   1.1655749e+01
   6.1121000e+06   1.5117481e+02   1.2943485e+01
   6.1784000e+06   1.5434271e+02   1.4187709e+01
   6.2453000e+06   1.5781113e+02   1.5232016e+01
   6.3130000e+06   1.6153553e+02   1.6219048e+01
   6.3814000e+06   1.6558473e+02   1.6986093e+01
   6.4506000e+06   1.6996026e+02   1.7503883e+01
   6.5205000e+06   1.7466053e+02   1.7857800e+01
   6.5911000e+06   1.7972047e+02   1.7691814e+01
   6.6625000e+06   1.8512065e+02   1.7196813e+01
   6.7347000e+06   1.9087874e+02   1.6234441e+01
   6.8077000e+06   1.9690848e+02   1.4516373e+01
   6.8815000e+06   2.0324383e+02   1.2233832e+01
   6.9561000e+06   2.0972163e+02   9.0092964e+00
   7.0314000e+06   2.1623103e+02   4.8494222e+00
   7.1076000e+06   2.2280352e+02  -2.0841631e-01
   7.1847000e+06   2.2884246e+02  -6.6301058e+00
   7.2625000e+06   2.3449496e+02  -1.4044369e+01
   7.3412000e+06   2.3940189e+02  -2.2591538e+01
   7.4208000e+06   2.4304907e+02  -3.2197721e+01
   7.5012000e+06   2.4562391e+02  -4.2575922e+01
   7.5825000e+06   2.4644148e+02  -5.3519170e+01
   7.6646000e+06   2.4564161e+02  -6.4630058e+01
   7.7477000e+06   2.4335415e+02  -7.5707204e+01
   7.8317000e+06   2.3908808e+02  -8.6030896e+01
   7.9165000e+06   2.3362476e+02  -9.5625880e+01
   8.0023000e+06   2.2694914e+02  -1.0412001e+02
   8.0890000e+06   2.1935205e+02  -1.1120314e+02
   8.1767000e+06   2.1127250e+02  -1.1717248e+02
   8.2653000e+06   2.0286997e+02  -1.2160227e+02
   8.3549000e+06   1.9447815e+02  -1.2487259e+02
   8.4454000e+06   1.8624468e+02  -1.2715417e+02
   8.5369000e+06   1.7839088e+02  -1.2822438e+02
   8.6294000e+06   1.7092063e+02  -1.2864522e+02
   8.7229000e+06   1.6394194e+02  -1.2834988e+02
   8.8175000e+06   1.5750784e+02  -1.2747121e+02
   8.9130000e+06   1.5151634e+02  -1.2626823e+02
   9.0096000e+06   1.4611600e+02  -1.2463578e+02
   9.1072000e+06   1.4115514e+02  -1.2281388e+02
   9.2059000e+06   1.3659442e+02  -1.2084405e+02
   9.3057000e+06   1.3254043e+02  -1.1870232e+02
   9.4065000e+06   1.2879100e+02  -1.1653554e+02
   9.5085000e+06   1.2541137e+02  -1.1431283e+02
   9.6115000e+06   1.2236296e+02  -1.1208228e+02
   9.7156000e+06   1.1953316e+02  -1.0987908e+02
   9.8209000e+06   1.1703519e+02  -1.0768273e+02
   9.9274000e+06   1.1472215e+02  -1.0553437e+02
   1.0035000e+07   1.1259676e+02  -1.0343311e+02
   1.0144000e+07   1.1070065e+02  -1.0137925e+02
   1.0254000e+07   1.0892588e+02  -9.9386628e+01
   1.0365000e+07   1.0732620e+02  -9.7455867e+01
   1.0477000e+07   1.0586340e+02  -9.5590620e+01
   1.0591000e+07   1.0447532e+02  -9.3767250e+01
   1.0705000e+07   1.0325896e+02  -9.2031544e+01
   1.0821000e+07   1.0210168e+02  -9.0338435e+01
   1.0939000e+07   1.0102053e+02  -8.8690496e+01
   1.1057000e+07   1.0005221e+02  -8.7123787e+01
   1.1177000e+07   9.9123140e+01  -8.5593584e+01
   1.1298000e+07   9.8278694e+01  -8.4125695e+01
   1.1421000e+07   9.7485086e+01  -8.2700375e+01
   1.1544000e+07   9.6733563e+01  -8.1329582e+01
   1.1669000e+07   9.6057031e+01  -8.0012947e+01
   1.1796000e+07   9.5401891e+01  -7.8725746e+01
   1.1924000e+07   9.4788698e+01  -7.7484898e+01
   1.2053000e+07   9.4223686e+01  -7.6295325e+01
   1.2183000e+07   9.3678644e+01  -7.5139408e+01
   1.2315000e+07   9.3173943e+01  -7.4023791e+01
   1.2449000e+07   9.2690708e+01  -7.2937441e+01
   1.2584000e+07   9.2225515e+01  -7.1882398e+01
   1.2720000e+07   9.1800948e+01  -7.0875952e+01
   1.2858000e+07   9.1384938e+01  -6.9888816e+01
   1.2997000e+07   9.0991489e+01  -6.8936217e+01
   1.3138000e+07   9.0618644e+01  -6.8012988e+01
   1.3281000e+07   9.0252756e+01  -6.7106943e+01
   1.3425000e+07   8.9911797e+01  -6.6238430e+01
   1.3570000e+07   8.9582344e+01  -6.5395261e+01
   1.3717000e+07   8.9260411e+01  -6.4569172e+01
   1.3866000e+07   8.8957628e+01  -6.3772618e+01
   1.4016000e+07   8.8660344e+01  -6.2994627e+01
   1.4168000e+07   8.8374106e+01  -6.2237665e+01
   1.4321000e+07   8.8099684e+01  -6.1505998e+01
   1.4477000e+07   8.7826245e+01  -6.0781453e+01
   1.4633000e+07   8.7569216e+01  -6.0089994e+01
   1.4792000e+07   8.7314060e+01  -5.9406967e+01
   1.4952000e+07   8.7064668e+01  -5.8741392e+01
   1.5114000e+07   8.6825096e+01  -5.8096568e+01
   1.5278000e+07   8.6586637e+01  -5.7461075e+01
   1.5444000e+07   8.6354579e+01  -5.6841815e+01
   1.5611000e+07   8.6128511e+01  -5.6240241e+01
   1.5780000e+07   8.5903170e+01  -5.5646901e+01
   1.5951000e+07   8.5685493e+01  -5.5071743e+01
   1.6124000e+07   8.5468644e+01  -5.4504928e+01
   1.6299000e+07   8.5253977e+01  -5.3948162e+01
   1.6475000e+07   8.5045389e+01  -5.3408569e+01
   1.6654000e+07   8.4835516e+01  -5.2872327e+01
   1.6834000e+07   8.4630364e+01  -5.2350765e+01
   1.7017000e+07   8.4425847e+01  -5.1835152e+01
   1.7201000e+07   8.4222192e+01  -5.1327918e+01
   1.7388000e+07   8.4021964e+01  -5.0830108e+01
   1.7576000e+07   8.3822428e+01  -5.0339545e+01
   1.7767000e+07   8.3622932e+01  -4.9852825e+01
   1.7959000e+07   8.3427161e+01  -4.9375805e+01
   1.8154000e+07   8.3230017e+01  -4.8899581e+01
   1.8350000e+07   8.3036862e+01  -4.8431197e+01
   1.8549000e+07   8.2844695e+01  -4.7963108e+01
   1.8750000e+07   8.2652946e+01  -4.7497052e+01
   1.8953000e+07   8.2469237e+01  -4.7032798e+01
   1.9159000e+07   8.2287648e+01  -4.6566745e+01
   1.9366000e+07   8.2113819e+01  -4.6103298e+01
   1.9576000e+07   8.1953796e+01  -4.5639344e+01
   1.9788000e+07   8.1800634e+01  -4.5177719e+01
   2.0003000e+07   8.1669252e+01  -4.4722940e+01
   2.0220000e+07   8.1550695e+01  -4.4282804e+01
   2.0439000e+07   8.1442139e+01  -4.3854289e+01
   2.0660000e+07   8.1343176e+01  -4.3462713e+01
   2.0884000e+07   8.1238726e+01  -4.3083005e+01
   2.1110000e+07   8.1125785e+01  -4.2726633e+01
   2.1339000e+07   8.0995348e+01  -4.2381325e+01
   2.1570000e+07   8.0855201e+01  -4.2040966e+01
   2.1804000e+07   8.0697186e+01  -4.1700591e+01
   2.2040000e+07   8.0532649e+01  -4.1357133e+01
   2.2279000e+07   8.0361041e+01  -4.1009412e+01
   2.2521000e+07   8.0185179e+01  -4.0653025e+01
   2.2765000e+07   8.0007961e+01  -4.0293917e+01
   2.3011000e+07   7.9830723e+01  -3.9929651e+01
   2.3261000e+07   7.9653848e+01  -3.9557965e+01
   2.3513000e+07   7.9477132e+01  -3.9184125e+01
   2.3768000e+07   7.9304304e+01  -3.8803152e+01
   2.4025000e+07   7.9133182e+01  -3.8419786e+01
   2.4286000e+07   7.8962849e+01  -3.8030696e+01
   2.4549000e+07   7.8798335e+01  -3.7636408e+01
   2.4815000e+07   7.8634587e+01  -3.7238703e+01
   2.5084000e+07   7.8475369e+01  -3.6834887e+01
   2.5356000e+07   7.8320296e+01  -3.6425278e+01
   2.5630000e+07   7.8166845e+01  -3.6013489e+01
   2.5908000e+07   7.8021474e+01  -3.5591106e+01
   2.6189000e+07   7.7878487e+01  -3.5164024e+01
   2.6473000e+07   7.7739603e+01  -3.4730903e+01
   2.6759000e+07   7.7610077e+01  -3.4289904e+01
   2.7049000e+07   7.7482409e+01  -3.3842461e+01
   2.7343000e+07   7.7363583e+01  -3.3383644e+01
   2.7639000e+07   7.7252491e+01  -3.2917985e+01
   2.7938000e+07   7.7144217e+01  -3.2446694e+01
   2.8241000e+07   7.7052323e+01  -3.1959153e+01
   2.8547000e+07   7.6964843e+01  -3.1464972e+01
   2.8856000e+07   7.6886626e+01  -3.0960774e+01
   2.9169000e+07   7.6823971e+01  -3.0441349e+01
   2.9485000e+07   7.6766622e+01  -2.9914282e+01
   2.9805000e+07   7.6728093e+01  -2.9370145e+01
   3.0128000e+07   7.6702760e+01  -2.8814270e+01
   3.0454000e+07   7.6685154e+01  -2.8248773e+01
   3.0784000e+07   7.6697909e+01  -2.7661599e+01
   3.1118000e+07   7.6720009e+01  -2.7062601e+01
   3.1455000e+07   7.6762317e+01  -2.6448215e+01
   3.1796000e+07   7.6833577e+01  -2.5814376e+01
   3.2141000e+07   7.6916344e+01  -2.5166788e+01
   3.2489000e+07   7.7038170e+01  -2.4498358e+01
   3.2841000e+07   7.7184280e+01  -2.3812890e+01
   3.3197000e+07   7.7349975e+01  -2.3109943e+01
   3.3556000e+07   7.7571744e+01  -2.2385110e+01
   3.3920000e+07   7.7814320e+01  -2.1641315e+01
   3.4288000e+07   7.8101770e+01  -2.0875647e+01
   3.4659000e+07   7.8442402e+01  -2.0091996e+01
   3.5035000e+07   7.8809786e+01  -1.9285818e+01
   3.5414000e+07   7.9258120e+01  -1.8461628e+01
   3.5798000e+07   7.9753644e+01  -1.7616486e+01
   3.6186000e+07   8.0298130e+01  -1.6748731e+01
   3.6578000e+07   8.0947497e+01  -1.5870511e+01
   3.6975000e+07   8.1645459e+01  -1.4968161e+01
   3.7375000e+07   8.2439567e+01  -1.4056303e+01
   3.7780000e+07   8.3336747e+01  -1.3138012e+01
   3.8190000e+07   8.4300832e+01  -1.2192617e+01
   3.8604000e+07   8.5428267e+01  -1.1272469e+01
   3.9022000e+07   8.6649080e+01  -1.0345403e+01
   3.9445000e+07   8.7992484e+01  -9.4145627e+00
   3.9872000e+07   8.9519303e+01  -8.5447930e+00
   4.0304000e+07   9.1165174e+01  -7.6701675e+00
   4.0741000e+07   9.3010991e+01  -6.8695191e+00
   4.1183000e+07   9.5041155e+01  -6.1466317e+00
   4.1629000e+07   9.7234376e+01  -5.4493830e+00
   4.2080000e+07   9.9687187e+01  -4.9782040e+00
   4.2536000e+07   1.0232963e+02  -4.5963979e+00
   4.2997000e+07   1.0520526e+02  -4.3860311e+00
   4.3463000e+07   1.0831062e+02  -4.4889432e+00
   4.3934000e+07   1.1163989e+02  -4.7780680e+00
   4.4410000e+07   1.1517667e+02  -5.4914939e+00
   4.4891000e+07   1.1888559e+02  -6.5938036e+00
   4.5378000e+07   1.2280170e+02  -8.0666705e+00
   4.5869000e+07   1.2669336e+02  -1.0240286e+01
   4.6366000e+07   1.3066332e+02  -1.2894407e+01
   4.6869000e+07   1.3455597e+02  -1.6203346e+01
   4.7377000e+07   1.3814972e+02  -2.0215670e+01
   4.7890000e+07   1.4152624e+02  -2.4825236e+01
   4.8409000e+07   1.4427767e+02  -3.0120229e+01
   4.8934000e+07   1.4644075e+02  -3.5946782e+01
   4.9464000e+07   1.4795501e+02  -4.2231955e+01
   5.0000000e+07   1.4852229e+02  -4.8809035e+01
