  9.0000000e+003  5.5813081e-001  1.1271576e+001
  9.0975000e+003  5.6627007e-001  1.1392333e+001
  9.1961000e+003  5.7463862e-001  1.1515423e+001
  9.2958000e+003  5.8319253e-001  1.1639928e+001
  9.3965000e+003  5.9188410e-001  1.1764970e+001
  9.4983000e+003  6.0081880e-001  1.1892375e+001
  9.6013000e+003  6.0990314e-001  1.2020369e+001
  9.7053000e+003  6.1918537e-001  1.2149837e+001
  9.8105000e+003  6.2872408e-001  1.2281648e+001
  9.9168000e+003  6.3837178e-001  1.2413268e+001
  1.0024000e+004  6.4826693e-001  1.2547058e+001
  1.0133000e+004  6.5842670e-001  1.2682950e+001
  1.0243000e+004  6.6875151e-001  1.2819493e+001
  1.0354000e+004  6.7934883e-001  1.2958357e+001
  1.0466000e+004  6.9008076e-001  1.3097302e+001
  1.0579000e+004  7.0105062e-001  1.3237919e+001
  1.0694000e+004  7.1238170e-001  1.3381752e+001
  1.0810000e+004  7.2383205e-001  1.3525321e+001
  1.0927000e+004  7.3558077e-001  1.3671269e+001
  1.1045000e+004  7.4753201e-001  1.3818109e+001
  1.1165000e+004  7.5978409e-001  1.3966998e+001
  1.1286000e+004  7.7235303e-001  1.4118298e+001
  1.1408000e+004  7.8505374e-001  1.4269349e+001
  1.1532000e+004  7.9814981e-001  1.4423566e+001
  1.1657000e+004  8.1153591e-001  1.4579605e+001
  1.1783000e+004  8.2506484e-001  1.4735448e+001
  1.1911000e+004  8.3904933e-001  1.4895011e+001
  1.2040000e+004  8.5324814e-001  1.5055219e+001
  1.2170000e+004  8.6768760e-001  1.5216394e+001
  1.2302000e+004  8.8260728e-001  1.5381328e+001
  1.2436000e+004  8.9776588e-001  1.5546890e+001
  1.2570000e+004  9.1316350e-001  1.5713410e+001
  1.2707000e+004  9.2910755e-001  1.5884053e+001
  1.2844000e+004  9.4510961e-001  1.6053349e+001
  1.2984000e+004  9.6175130e-001  1.6227705e+001
  1.3124000e+004  9.7849639e-001  1.6401181e+001
  1.3266000e+004  9.9565548e-001  1.6577068e+001
  1.3410000e+004  1.0133647e+000  1.6756811e+001
  1.3556000e+004  1.0313102e+000  1.6936776e+001
  1.3702000e+004  1.0495620e+000  1.7118015e+001
  1.3851000e+004  1.0684045e+000  1.7303148e+001
  1.4001000e+004  1.0874640e+000  1.7488307e+001
  1.4153000e+004  1.1071213e+000  1.7677390e+001
  1.4306000e+004  1.1270037e+000  1.7866489e+001
  1.4461000e+004  1.1473778e+000  1.8058234e+001
  1.4618000e+004  1.1683720e+000  1.8253833e+001
  1.4776000e+004  1.1894787e+000  1.8448174e+001
  1.4936000e+004  1.2112354e+000  1.8646521e+001
  1.5098000e+004  1.2334913e+000  1.8847248e+001
  1.5262000e+004  1.2561554e+000  1.9049401e+001
  1.5427000e+004  1.2793661e+000  1.9254358e+001
  1.5594000e+004  1.3029367e+000  1.9460153e+001
  1.5763000e+004  1.3270955e+000  1.9668889e+001
  1.5934000e+004  1.3519323e+000  1.9881286e+001
  1.6107000e+004  1.3770633e+000  2.0093733e+001
  1.6281000e+004  1.4027930e+000  2.0309060e+001
  1.6458000e+004  1.4292023e+000  2.0527692e+001
  1.6636000e+004  1.4559468e+000  2.0746691e+001
  1.6816000e+004  1.4834788e+000  2.0969861e+001
  1.6999000e+004  1.5115252e+000  2.1194639e+001
  1.7183000e+004  1.5401203e+000  2.1421439e+001
  1.7369000e+004  1.5694553e+000  2.1651691e+001
  1.7557000e+004  1.5991392e+000  2.1882066e+001
  1.7748000e+004  1.6298390e+000  2.2117905e+001
  1.7940000e+004  1.6609393e+000  2.2354230e+001
  1.8134000e+004  1.6926187e+000  2.2592373e+001
  1.8331000e+004  1.7253664e+000  2.2836029e+001
  1.8529000e+004  1.7582999e+000  2.3078320e+001
  1.8730000e+004  1.7922442e+000  2.3325472e+001
  1.8933000e+004  1.8269885e+000  2.3575789e+001
  1.9138000e+004  1.8621552e+000  2.3826348e+001
  1.9346000e+004  1.8984785e+000  2.4082497e+001
  1.9555000e+004  1.9352070e+000  2.4338688e+001
  1.9767000e+004  1.9728126e+000  2.4598207e+001
  1.9982000e+004  2.0116347e+000  2.4863353e+001
  2.0198000e+004  2.0506062e+000  2.5126547e+001
  2.0417000e+004  2.0907723e+000  2.5395013e+001
  2.0638000e+004  2.1317977e+000  2.5666320e+001
  2.0862000e+004  2.1735221e+000  2.5939237e+001
  2.1088000e+004  2.2163760e+000  2.6216651e+001
  2.1316000e+004  2.2598191e+000  2.6494826e+001
  2.1547000e+004  2.3043008e+000  2.6776638e+001
  2.1781000e+004  2.3501687e+000  2.7064216e+001
  2.2017000e+004  2.3963211e+000  2.7350361e+001
  2.2256000e+004  2.4438932e+000  2.7642263e+001
  2.2497000e+004  2.4923822e+000  2.7936627e+001
  2.2741000e+004  2.5416953e+000  2.8232758e+001
  2.2987000e+004  2.5923064e+000  2.8533534e+001
  2.3236000e+004  2.6437092e+000  2.8835703e+001
  2.3488000e+004  2.6963448e+000  2.9141857e+001
  2.3742000e+004  2.7502862e+000  2.9452328e+001
  2.4000000e+004  2.8049944e+000  2.9763760e+001
  2.4260000e+004  2.8611128e+000  3.0079906e+001
  2.4523000e+004  2.9184103e+000  3.0399252e+001
  2.4788000e+004  2.9764684e+000  3.0719376e+001
  2.5057000e+004  3.0364581e+000  3.1046707e+001
  2.5329000e+004  3.0972370e+000  3.1374749e+001
  2.5603000e+004  3.1592567e+000  3.1705972e+001
  2.5880000e+004  3.2229152e+000  3.2042379e+001
  2.6161000e+004  3.2874666e+000  3.2379809e+001
  2.6444000e+004  3.3536370e+000  3.2722102e+001
  2.6731000e+004  3.4212670e+000  3.3068215e+001
  2.7021000e+004  3.4900734e+000  3.3416599e+001
  2.7313000e+004  3.5605901e+000  3.3769912e+001
  2.7609000e+004  3.6320964e+000  3.4124328e+001
  2.7909000e+004  3.7056019e+000  3.4484829e+001
  2.8211000e+004  3.7806242e+000  3.4848887e+001
  2.8517000e+004  3.8566885e+000  3.5214044e+001
  2.8826000e+004  3.9348603e+000  3.5585398e+001
  2.9138000e+004  4.0142911e+000  3.5958719e+001
  2.9454000e+004  4.0953836e+000  3.6335820e+001
  2.9773000e+004  4.1786937e+000  3.6719170e+001
  3.0096000e+004  4.2629518e+000  3.7102729e+001
  3.0422000e+004  4.3493014e+000  3.7491695e+001
  3.0751000e+004  4.4375199e+000  3.7884889e+001
  3.1085000e+004  4.5272392e+000  3.8280521e+001
  3.1422000e+004  4.6193542e+000  3.8682461e+001
  3.1762000e+004  4.7127346e+000  3.9085601e+001
  3.2106000e+004  4.8080756e+000  3.9492879e+001
  3.2454000e+004  4.9062154e+000  3.9907706e+001
  3.2806000e+004  5.0052102e+000  4.0321700e+001
  3.3161000e+004  5.1067055e+000  4.0741714e+001
  3.3521000e+004  5.2107389e+000  4.1167690e+001
  3.3884000e+004  5.3159359e+000  4.1593886e+001
  3.4251000e+004  5.4241464e+000  4.2027698e+001
  3.4622000e+004  5.5338799e+000  4.2462976e+001
  3.4998000e+004  5.6462370e+000  4.2903984e+001
  3.5377000e+004  5.7614056e+000  4.3351269e+001
  3.5760000e+004  5.8773743e+000  4.3796927e+001
  3.6148000e+004  5.9968912e+000  4.4251417e+001
  3.6539000e+004  6.1184379e+000  4.4708768e+001
  3.6935000e+004  6.2420195e+000  4.5168912e+001
  3.7336000e+004  6.3693111e+000  4.5637892e+001
  3.7740000e+004  6.4977538e+000  4.6106157e+001
  3.8149000e+004  6.6292632e+000  4.6580597e+001
  3.8563000e+004  6.7644147e+000  4.7063047e+001
  3.8980000e+004  6.9001970e+000  4.7542706e+001
  3.9403000e+004  7.0402874e+000  4.8032409e+001
  3.9830000e+004  7.1827679e+000  4.8525256e+001
  4.0261000e+004  7.3272905e+000  4.9019973e+001
  4.0698000e+004  7.4763071e+000  4.9524721e+001
  4.1139000e+004  7.6266654e+000  5.0028729e+001
  4.1585000e+004  7.7806176e+000  5.0539409e+001
  4.2035000e+004  7.9380652e+000  5.1056214e+001
  4.2491000e+004  8.0973685e+000  5.1573726e+001
  4.2951000e+004  8.2607648e+000  5.2098985e+001
  4.3417000e+004  8.4272523e+000  5.2628629e+001
  4.3887000e+004  8.5961663e+000  5.3160443e+001
  4.4363000e+004  8.7700833e+000  5.3702269e+001
  4.4843000e+004  8.9451219e+000  5.4242013e+001
  4.5329000e+004  9.1247408e+000  5.4790130e+001
  4.5821000e+004  9.3087359e+000  5.5345748e+001
  4.6317000e+004  9.4941149e+000  5.5899841e+001
  4.6819000e+004  9.6848259e+000  5.6463923e+001
  4.7326000e+004  9.8782085e+000  5.7030043e+001
  4.7839000e+004  1.0075240e+001  5.7600929e+001
  4.8358000e+004  1.0277820e+001  5.8181745e+001
  4.8882000e+004  1.0481586e+001  5.8760084e+001
  4.9411000e+004  1.0690278e+001  5.9346267e+001
  4.9947000e+004  1.0903860e+001  5.9939994e+001
  5.0488000e+004  1.1119505e+001  6.0533416e+001
  5.1035000e+004  1.1341047e+001  6.1136722e+001
  5.1588000e+004  1.1565503e+001  6.1741788e+001
  5.2147000e+004  1.1794185e+001  6.2351966e+001
  5.2712000e+004  1.2028997e+001  6.2971965e+001
  5.3283000e+004  1.2264946e+001  6.3588842e+001
  5.3861000e+004  1.2507493e+001  6.4216406e+001
  5.4445000e+004  1.2754574e+001  6.4849176e+001
  5.5035000e+004  1.3004489e+001  6.5482836e+001
  5.5631000e+004  1.3260894e+001  6.6126217e+001
  5.6234000e+004  1.3520376e+001  6.6770868e+001
  5.6843000e+004  1.3784742e+001  6.7421011e+001
  5.7459000e+004  1.4055983e+001  6.8081166e+001
  5.8082000e+004  1.4328789e+001  6.8738734e+001
  5.8711000e+004  1.4608451e+001  6.9405885e+001
  5.9347000e+004  1.4892995e+001  7.0077882e+001
  5.9991000e+004  1.5181711e+001  7.0753039e+001
  6.0641000e+004  1.5477526e+001  7.1437663e+001
  6.1298000e+004  1.5776008e+001  7.2121796e+001
  6.1962000e+004  1.6080582e+001  7.2812883e+001
  6.2633000e+004  1.6392179e+001  7.3512707e+001
  6.3312000e+004  1.6705988e+001  7.4210852e+001
  6.3998000e+004  1.7027732e+001  7.4919334e+001
  6.4692000e+004  1.7354615e+001  7.5632082e+001
  6.5393000e+004  1.7685727e+001  7.6347072e+001
  6.6101000e+004  1.8025032e+001  7.7072267e+001
  6.6818000e+004  1.8367332e+001  7.7797044e+001
  6.7542000e+004  1.8716602e+001  7.8529212e+001
  6.8274000e+004  1.9073401e+001  7.9269687e+001
  6.9014000e+004  1.9432625e+001  8.0008340e+001
  6.9761000e+004  1.9800419e+001  8.0756964e+001
  7.0517000e+004  2.0173447e+001  8.1509041e+001
  7.1282000e+004  2.0552277e+001  8.2265553e+001
  7.2054000e+004  2.0939923e+001  8.3031845e+001
  7.2835000e+004  2.1329749e+001  8.3795580e+001
  7.3624000e+004  2.1728017e+001  8.4568155e+001
  7.4422000e+004  2.2134167e+001  8.5348356e+001
  7.5228000e+004  2.2542994e+001  8.6126687e+001
  7.6044000e+004  2.2962530e+001  8.6917427e+001
  7.6868000e+004  2.3386203e+001  8.7708691e+001
  7.7701000e+004  2.3816343e+001  8.8504549e+001
  7.8543000e+004  2.4256935e+001  8.9311622e+001
  7.9394000e+004  2.4698604e+001  9.0113883e+001
  8.0254000e+004  2.5150335e+001  9.0926397e+001
  8.1124000e+004  2.5610125e+001  9.1745651e+001
  8.2003000e+004  2.6073400e+001  9.2563989e+001
  8.2891000e+004  2.6547488e+001  9.3393206e+001
  8.3790000e+004  2.7026401e+001  9.4223650e+001
  8.4698000e+004  2.7512544e+001  9.5058943e+001
  8.5616000e+004  2.8010124e+001  9.5905548e+001
  8.6543000e+004  2.8507633e+001  9.6745441e+001
  8.7481000e+004  2.9017376e+001  9.7597676e+001
  8.8429000e+004  2.9534585e+001  9.8454671e+001
  8.9387000e+004  3.0056173e+001  9.9311750e+001
  9.0356000e+004  3.0590217e+001  1.0018087e+002
  9.1335000e+004  3.1127400e+001  1.0104810e+002
  9.2325000e+004  3.1673749e+001  1.0192228e+002
  9.3325000e+004  3.2231235e+001  1.0280594e+002
  9.4337000e+004  3.2790234e+001  1.0368552e+002
  9.5359000e+004  3.3361446e+001  1.0457585e+002
  9.6392000e+004  3.3939810e+001  1.0546979e+002
  9.7437000e+004  3.4524098e+001  1.0636573e+002
  9.8493000e+004  3.5121359e+001  1.0727299e+002
  9.9560000e+004  3.5720850e+001  1.0817705e+002
  1.0064000e+005  3.6331596e+001  1.0909011e+002
  1.0173000e+005  3.6952946e+001  1.1001078e+002
  1.0283000e+005  3.7574639e+001  1.1092573e+002
  1.0395000e+005  3.8214701e+001  1.1185911e+002
  1.0507000e+005  3.8854519e+001  1.1278498e+002
  1.0621000e+005  3.9505379e+001  1.1371974e+002
  1.0736000e+005  4.0169100e+001  1.1466436e+002
  1.0853000e+005  4.0838433e+001  1.1561091e+002
  1.0970000e+005  4.1512652e+001  1.1655634e+002
  1.1089000e+005  4.2202411e+001  1.1751560e+002
  1.1209000e+005  4.2892622e+001  1.1846952e+002
  1.1331000e+005  4.3601713e+001  1.1944093e+002
  1.1453000e+005  4.4309027e+001  1.2040328e+002
  1.1578000e+005  4.5033963e+001  1.2138255e+002
  1.1703000e+005  4.5766351e+001  1.2236329e+002
  1.1830000e+005  4.6502399e+001  1.2334373e+002
  1.1958000e+005  4.7250351e+001  1.2433185e+002
  1.2088000e+005  4.8012923e+001  1.2533170e+002
  1.2219000e+005  4.8776130e+001  1.2632673e+002
  1.2351000e+005  4.9552901e+001  1.2733094e+002
  1.2485000e+005  5.0337913e+001  1.2833983e+002
  1.2620000e+005  5.1129770e+001  1.2935062e+002
  1.2757000e+005  5.1941203e+001  1.3037783e+002
  1.2895000e+005  5.2748287e+001  1.3139531e+002
  1.3035000e+005  5.3574672e+001  1.3242874e+002
  1.3176000e+005  5.4408600e+001  1.3346464e+002
  1.3319000e+005  5.5249673e+001  1.3450402e+002
  1.3463000e+005  5.6104779e+001  1.3555228e+002
  1.3609000e+005  5.6966373e+001  1.3660337e+002
  1.3757000e+005  5.7841956e+001  1.3766457e+002
  1.3906000e+005  5.8730995e+001  1.3873379e+002
  1.4056000e+005  5.9614984e+001  1.3979342e+002
  1.4209000e+005  6.0525298e+001  1.4087613e+002
  1.4363000e+005  6.1441976e+001  1.4196002e+002
  1.4518000e+005  6.2360732e+001  1.4304122e+002
  1.4676000e+005  6.3306069e+001  1.4414521e+002
  1.4835000e+005  6.4250396e+001  1.4524370e+002
  1.4995000e+005  6.5204325e+001  1.4634638e+002
  1.5158000e+005  6.6182893e+001  1.4746964e+002
  1.5322000e+005  6.7157244e+001  1.4858476e+002
  1.5488000e+005  6.8152871e+001  1.4971573e+002
  1.5656000e+005  6.9159633e+001  1.5085361e+002
  1.5826000e+005  7.0176024e+001  1.5199706e+002
  1.5997000e+005  7.1208103e+001  1.5314960e+002
  1.6171000e+005  7.2249576e+001  1.5430909e+002
  1.6346000e+005  7.3302867e+001  1.5547429e+002
  1.6523000e+005  7.4374448e+001  1.5665214e+002
  1.6702000e+005  7.5449243e+001  1.5783012e+002
  1.6883000e+005  7.6546636e+001  1.5902411e+002
  1.7066000e+005  7.7654466e+001  1.6022408e+002
  1.7251000e+005  7.8774144e+001  1.6143112e+002
  1.7438000e+005  7.9917042e+001  1.6265425e+002
  1.7627000e+005  8.1062413e+001  1.6387685e+002
  1.7818000e+005  8.2228623e+001  1.6511341e+002
  1.8011000e+005  8.3413165e+001  1.6636181e+002
  1.8206000e+005  8.4603307e+001  1.6761202e+002
  1.8403000e+005  8.5818108e+001  1.6887873e+002
  1.8603000e+005  8.7049337e+001  1.7015710e+002
  1.8804000e+005  8.8289493e+001  1.7143790e+002
  1.9008000e+005  8.9561439e+001  1.7274175e+002
  1.9214000e+005  9.0835575e+001  1.7404437e+002
  1.9422000e+005  9.2134715e+001  1.7536282e+002
  1.9633000e+005  9.3459216e+001  1.7669880e+002
  1.9846000e+005  9.4792949e+001  1.7803839e+002
  2.0061000e+005  9.6154354e+001  1.7939510e+002
  2.0278000e+005  9.7526924e+001  1.8075654e+002
  2.0498000e+005  9.8925431e+001  1.8213490e+002
  2.0720000e+005  1.0035294e+002  1.8353057e+002
  2.0944000e+005  1.0178376e+002  1.8492447e+002
  2.1171000e+005  1.0325140e+002  1.8634231e+002
  2.1401000e+005  1.0474661e+002  1.8777699e+002
  2.1633000e+005  1.0625619e+002  1.8921699e+002
  2.1867000e+005  1.0779796e+002  1.9067489e+002
  2.2104000e+005  1.0935953e+002  1.9214283e+002
  2.2344000e+005  1.1095361e+002  1.9362941e+002
  2.2586000e+005  1.1258009e+002  1.9513273e+002
  2.2830000e+005  1.1421574e+002  1.9663559e+002
  2.3078000e+005  1.1590092e+002  1.9816908e+002
  2.3328000e+005  1.1761088e+002  1.9971226e+002
  2.3581000e+005  1.1934918e+002  2.0126822e+002
  2.3836000e+005  1.2112614e+002  2.0284257e+002
  2.4095000e+005  1.2293419e+002  2.0443148e+002
  2.4356000e+005  1.2477662e+002  2.0603416e+002
  2.4620000e+005  1.2666398e+002  2.0765860e+002
  2.4886000e+005  1.2856867e+002  2.0928302e+002
  2.5156000e+005  1.3053187e+002  2.1093798e+002
  2.5429000e+005  1.3253299e+002  2.1260677e+002
  2.5704000e+005  1.3456532e+002  2.1428253e+002
  2.5983000e+005  1.3666036e+002  2.1598849e+002
  2.6264000e+005  1.3877882e+002  2.1769364e+002
  2.6549000e+005  1.4095839e+002  2.1942505e+002
  2.6837000e+005  1.4319169e+002  2.2117553e+002
  2.7128000e+005  1.4546135e+002  2.2293082e+002
  2.7421000e+005  1.4778639e+002  2.2470300e+002
  2.7719000e+005  1.5017458e+002  2.2649685e+002
  2.8019000e+005  1.5260725e+002  2.2829616e+002
  2.8323000e+005  1.5511696e+002  2.3012317e+002
  2.8630000e+005  1.5766764e+002  2.3194932e+002
  2.8940000e+005  1.6028815e+002  2.3379360e+002
  2.9253000e+005  1.6297485e+002  2.3565129e+002
  2.9570000e+005  1.6572229e+002  2.3751535e+002
  2.9891000e+005  1.6855839e+002  2.3940350e+002
  3.0215000e+005  1.7145508e+002  2.4129302e+002
  3.0542000e+005  1.7442285e+002  2.4318865e+002
  3.0873000e+005  1.7748730e+002  2.4510535e+002
  3.1208000e+005  1.8061548e+002  2.4701534e+002
  3.1546000e+005  1.8383563e+002  2.4893692e+002
  3.1888000e+005  1.8714901e+002  2.5086616e+002
  3.2233000e+005  1.9053516e+002  2.5278552e+002
  3.2583000e+005  1.9404340e+002  2.5472343e+002
  3.2936000e+005  1.9762982e+002  2.5664699e+002
  3.3293000e+005  2.0132206e+002  2.5856958e+002
  3.3653000e+005  2.0512514e+002  2.6049212e+002
  3.4018000e+005  2.0902379e+002  2.6239398e+002
  3.4387000e+005  2.1305267e+002  2.6429614e+002
  3.4759000e+005  2.1718728e+002  2.6617837e+002
  3.5136000e+005  2.2144323e+002  2.6803989e+002
  3.5517000e+005  2.2584158e+002  2.6989126e+002
  3.5902000e+005  2.3035079e+002  2.7170417e+002
  3.6291000e+005  2.3499789e+002  2.7348970e+002
  3.6684000e+005  2.3979521e+002  2.7524853e+002
  3.7081000e+005  2.4470479e+002  2.7694799e+002
  3.7483000e+005  2.4979037e+002  2.7861708e+002
  3.7889000e+005  2.5501920e+002  2.8022977e+002
  3.8300000e+005  2.6040265e+002  2.8177974e+002
  3.8715000e+005  2.6596300e+002  2.8327499e+002
  3.9135000e+005  2.7166972e+002  2.8468269e+002
  3.9559000e+005  2.7754943e+002  2.8601260e+002
  3.9987000e+005  2.8360802e+002  2.8725729e+002
  4.0421000e+005  2.8983316e+002  2.8838817e+002
  4.0859000e+005  2.9625451e+002  2.8941923e+002
  4.1301000e+005  3.0283946e+002  2.9032148e+002
  4.1749000e+005  3.0962195e+002  2.9108800e+002
  4.2201000e+005  3.1660958e+002  2.9171967e+002
  4.2659000e+005  3.2376840e+002  2.9217476e+002
  4.3121000e+005  3.3112472e+002  2.9246302e+002
  4.3588000e+005  3.3868754e+002  2.9256692e+002
  4.4061000e+005  3.4642606e+002  2.9245162e+002
  4.4538000e+005  3.5437171e+002  2.9212673e+002
  4.5021000e+005  3.6250389e+002  2.9155445e+002
  4.5509000e+005  3.7081548e+002  2.9072246e+002
  4.6002000e+005  3.7934187e+002  2.8962417e+002
  4.6500000e+005  3.8798387e+002  2.8821367e+002
  4.7004000e+005  3.9683673e+002  2.8649185e+002
  4.7514000e+005  4.0586863e+002  2.8442993e+002
  4.8028000e+005  4.1498523e+002  2.8200638e+002
  4.8549000e+005  4.2430407e+002  2.7920064e+002
  4.9075000e+005  4.3369979e+002  2.7598855e+002
  4.9607000e+005  4.4320350e+002  2.7234847e+002
  5.0144000e+005  4.5282013e+002  2.6826937e+002
  5.0688000e+005  4.6243607e+002  2.6370684e+002
  5.1237000e+005  4.7211372e+002  2.5866505e+002
  5.1792000e+005  4.8179661e+002  2.5311462e+002
  5.2353000e+005  4.9141191e+002  2.4704130e+002
  5.2921000e+005  5.0102820e+002  2.4041336e+002
  5.3494000e+005  5.1047572e+002  2.3325068e+002
  5.4074000e+005  5.1980389e+002  2.2551440e+002
  5.4660000e+005  5.2898611e+002  2.1720292e+002
  5.5252000e+005  5.3785024e+002  2.0834263e+002
  5.5851000e+005  5.4649954e+002  1.9888945e+002
  5.6456000e+005  5.5480951e+002  1.8888016e+002
  5.7068000e+005  5.6271962e+002  1.7832058e+002
  5.7686000e+005  5.7025242e+002  1.6721149e+002
  5.8312000e+005  5.7726800e+002  1.5558724e+002
  5.8943000e+005  5.8376433e+002  1.4349705e+002
  5.9582000e+005  5.8973960e+002  1.3090576e+002
  6.0228000e+005  5.9503268e+002  1.1793663e+002
  6.0880000e+005  5.9971833e+002  1.0457661e+002
  6.1540000e+005  6.0370658e+002  9.0878735e+001
  6.2207000e+005  6.0695450e+002  7.6923612e+001
  6.2881000e+005  6.0950087e+002  6.2708942e+001
  6.3563000e+005  6.1122481e+002  4.8374058e+001
  6.4251000e+005  6.1218965e+002  3.3942942e+001
  6.4948000e+005  6.1238502e+002  1.9417617e+001
  6.5651000e+005  6.1174556e+002  5.0113899e+000
  6.6363000e+005  6.1035668e+002 -9.3854918e+000
  6.7082000e+005  6.0818105e+002 -2.3591221e+001
  6.7809000e+005  6.0524624e+002 -3.7576296e+001
  6.8544000e+005  6.0160949e+002 -5.1351489e+001
  6.9287000e+005  5.9723971e+002 -6.4723448e+001
  7.0037000e+005  5.9223333e+002 -7.7747640e+001
  7.0796000e+005  5.8660437e+002 -9.0389644e+001
  7.1564000e+005  5.8037433e+002 -1.0252950e+002
  7.2339000e+005  5.7363662e+002 -1.1421813e+002
  7.3123000e+005  5.6640153e+002 -1.2536114e+002
  7.3915000e+005  5.5873640e+002 -1.3595442e+002
  7.4716000e+005  5.5068576e+002 -1.4605255e+002
  7.5526000e+005  5.4229008e+002 -1.5549456e+002
  7.6344000e+005  5.3361721e+002 -1.6440183e+002
  7.7172000e+005  5.2469084e+002 -1.7274893e+002
  7.8008000e+005  5.1558355e+002 -1.8046439e+002
  7.8853000e+005  5.0632087e+002 -1.8766056e+002
  7.9708000e+005  4.9694455e+002 -1.9425928e+002
  8.0572000e+005  4.8749967e+002 -2.0031168e+002
  8.1445000e+005  4.7801298e+002 -2.0587015e+002
  8.2327000e+005  4.6854766e+002 -2.1083128e+002
  8.3219000e+005  4.5909313e+002 -2.1534157e+002
  8.4121000e+005  4.4968988e+002 -2.1937133e+002
  8.5033000e+005  4.4037389e+002 -2.2291430e+002
  8.5954000e+005  4.3115156e+002 -2.2605748e+002
  8.6886000e+005  4.2205541e+002 -2.2874866e+002
  8.7827000e+005  4.1310152e+002 -2.3105504e+002
  8.8779000e+005  4.0427659e+002 -2.3301913e+002
  8.9741000e+005  3.9564434e+002 -2.3458099e+002
  9.0713000e+005  3.8716946e+002 -2.3584928e+002
  9.1696000e+005  3.7887507e+002 -2.3680376e+002
  9.2690000e+005  3.7077514e+002 -2.3745583e+002
  9.3695000e+005  3.6284578e+002 -2.3787070e+002
  9.4710000e+005  3.5514263e+002 -2.3800210e+002
  9.5736000e+005  3.4762836e+002 -2.3791644e+002
  9.6774000e+005  3.4029529e+002 -2.3763241e+002
  9.7822000e+005  3.3319726e+002 -2.3711740e+002
  9.8882000e+005  3.2627352e+002 -2.3644598e+002
  9.9954000e+005  3.1955246e+002 -2.3559708e+002
  1.0104000e+006  3.1302069e+002 -2.3458426e+002
  1.0213000e+006  3.0670720e+002 -2.3346103e+002
  1.0324000e+006  3.0056586e+002 -2.3217034e+002
  1.0436000e+006  2.9461127e+002 -2.3077775e+002
  1.0549000e+006  2.8884344e+002 -2.2928904e+002
  1.0663000e+006  2.8328935e+002 -2.2768387e+002
  1.0779000e+006  2.7785534e+002 -2.2599897e+002
  1.0896000e+006  2.7261715e+002 -2.2422752e+002
  1.1014000e+006  2.6756238e+002 -2.2238516e+002
  1.1133000e+006  2.6266222e+002 -2.2050031e+002
  1.1254000e+006  2.5792274e+002 -2.1852025e+002
  1.1376000e+006  2.5333514e+002 -2.1650688e+002
  1.1499000e+006  2.4890455e+002 -2.1445687e+002
  1.1623000e+006  2.4464930e+002 -2.1235668e+002
  1.1749000e+006  2.4049381e+002 -2.1022530e+002
  1.1877000e+006  2.3647057e+002 -2.0804048e+002
  1.2005000e+006  2.3262322e+002 -2.0585199e+002
  1.2135000e+006  2.2886726e+002 -2.0364398e+002
  1.2267000e+006  2.2525310e+002 -2.0138121e+002
  1.2400000e+006  2.2175431e+002 -1.9912227e+002
  1.2534000e+006  2.1838316e+002 -1.9685712e+002
  1.2670000e+006  2.1512756e+002 -1.9456016e+002
  1.2807000e+006  2.1197498e+002 -1.9227480e+002
  1.2946000e+006  2.0893543e+002 -1.8996104e+002
  1.3086000e+006  2.0600760e+002 -1.8765211e+002
  1.3228000e+006  2.0315500e+002 -1.8534194e+002
  1.3372000e+006  2.0042214e+002 -1.8300112e+002
  1.3517000e+006  1.9777716e+002 -1.8068025e+002
  1.3663000e+006  1.9523653e+002 -1.7836645e+002
  1.3811000e+006  1.9279109e+002 -1.7603817e+002
  1.3961000e+006  1.9040796e+002 -1.7371739e+002
  1.4112000e+006  1.8814123e+002 -1.7139395e+002
  1.4265000e+006  1.8594638e+002 -1.6907113e+002
  1.4420000e+006  1.8381452e+002 -1.6675439e+002
  1.4576000e+006  1.8180145e+002 -1.6443155e+002
  1.4734000e+006  1.7984237e+002 -1.6211951e+002
  1.4893000e+006  1.7797427e+002 -1.5981643e+002
  1.5055000e+006  1.7617817e+002 -1.5749112e+002
  1.5218000e+006  1.7444281e+002 -1.5519190e+002
  1.5383000e+006  1.7280835e+002 -1.5287375e+002
  1.5550000e+006  1.7123468e+002 -1.5056058e+002
  1.5718000e+006  1.6972808e+002 -1.4826619e+002
  1.5888000e+006  1.6832599e+002 -1.4595125e+002
  1.6061000e+006  1.6696278e+002 -1.4363391e+002
  1.6235000e+006  1.6569265e+002 -1.4131976e+002
  1.6410000e+006  1.6451416e+002 -1.3901005e+002
  1.6588000e+006  1.6337279e+002 -1.3669708e+002
  1.6768000e+006  1.6235736e+002 -1.3435657e+002
  1.6950000e+006  1.6140172e+002 -1.3202016e+002
  1.7133000e+006  1.6052024e+002 -1.2969376e+002
  1.7319000e+006  1.5976639e+002 -1.2733091e+002
  1.7507000e+006  1.5906450e+002 -1.2497413e+002
  1.7697000e+006  1.5848736e+002 -1.2259832e+002
  1.7888000e+006  1.5802734e+002 -1.2022541e+002
  1.8082000e+006  1.5761915e+002 -1.1784198e+002
  1.8278000e+006  1.5742650e+002 -1.1543199e+002
  1.8476000e+006  1.5731640e+002 -1.1302613e+002
  1.8676000e+006  1.5733301e+002 -1.1061243e+002
  1.8879000e+006  1.5758124e+002 -1.0818809e+002
  1.9083000e+006  1.5792038e+002 -1.0577995e+002
  1.9290000e+006  1.5852456e+002 -1.0337571e+002
  1.9499000e+006  1.5934494e+002 -1.0100972e+002
  1.9710000e+006  1.6029420e+002 -9.8647816e+001
  1.9924000e+006  1.6171076e+002 -9.6415933e+001
  2.0140000e+006  1.6330523e+002 -9.4248201e+001
  2.0358000e+006  1.6522414e+002 -9.2200769e+001
  2.0579000e+006  1.6759892e+002 -9.0449506e+001
  2.0802000e+006  1.7021564e+002 -8.8832497e+001
  2.1027000e+006  1.7335321e+002 -8.7740125e+001
  2.1255000e+006  1.7682286e+002 -8.7120674e+001
  2.1485000e+006  1.8062147e+002 -8.6887707e+001
  2.1718000e+006  1.8471687e+002 -8.7891344e+001
  2.1954000e+006  1.8891620e+002 -8.9519500e+001
  2.2192000e+006  1.9305973e+002 -9.2287113e+001
  2.2432000e+006  1.9660254e+002 -9.6322787e+001
  2.2675000e+006  1.9974078e+002 -1.0119726e+002
  2.2921000e+006  2.0134955e+002 -1.0727459e+002
  2.3169000e+006  2.0172185e+002 -1.1376448e+002
  2.3420000e+006  2.0078153e+002 -1.2054893e+002
  2.3674000e+006  1.9779627e+002 -1.2679799e+002
  2.3931000e+006  1.9386261e+002 -1.3250476e+002
  2.4190000e+006  1.8878885e+002 -1.3708816e+002
  2.4452000e+006  1.8312019e+002 -1.4039478e+002
  2.4717000e+006  1.7722020e+002 -1.4283828e+002
  2.4985000e+006  1.7132983e+002 -1.4385184e+002
  2.5256000e+006  1.6568653e+002 -1.4415432e+002
  2.5529000e+006  1.6036479e+002 -1.4378573e+002
  2.5806000e+006  1.5556215e+002 -1.4269700e+002
  2.6086000e+006  1.5110127e+002 -1.4133446e+002
  2.6368000e+006  1.4714193e+002 -1.3961893e+002
  2.6654000e+006  1.4358857e+002 -1.3770938e+002
  2.6943000e+006  1.4031669e+002 -1.3571661e+002
  2.7235000e+006  1.3750817e+002 -1.3359732e+002
  2.7530000e+006  1.3492599e+002 -1.3148006e+002
  2.7828000e+006  1.3259223e+002 -1.2935861e+002
  2.8130000e+006  1.3053938e+002 -1.2724392e+002
  2.8435000e+006  1.2862887e+002 -1.2516858e+002
  2.8743000e+006  1.2693484e+002 -1.2313309e+002
  2.9054000e+006  1.2539104e+002 -1.2114938e+002
  2.9369000e+006  1.2393965e+002 -1.1920629e+002
  2.9687000e+006  1.2267219e+002 -1.1732658e+002
  3.0009000e+006  1.2146987e+002 -1.1549110e+002
  3.0334000e+006  1.2036153e+002 -1.1370894e+002
  3.0663000e+006  1.1935430e+002 -1.1198186e+002
  3.0995000e+006  1.1839513e+002 -1.1029925e+002
  3.1331000e+006  1.1752196e+002 -1.0866963e+002
  3.1671000e+006  1.1670040e+002 -1.0708349e+002
  3.2014000e+006  1.1591628e+002 -1.0553759e+002
  3.2361000e+006  1.1520814e+002 -1.0404600e+002
  3.2711000e+006  1.1452514e+002 -1.0259011e+002
  3.3066000e+006  1.1388081e+002 -1.0116896e+002
  3.3424000e+006  1.1328152e+002 -9.9793223e+001
  3.3786000e+006  1.1269980e+002 -9.8444867e+001
  3.4153000e+006  1.1216003e+002 -9.7134594e+001
  3.4523000e+006  1.1164336e+002 -9.5857771e+001
  3.4897000e+006  1.1114361e+002 -9.4607096e+001
  3.5275000e+006  1.1068209e+002 -9.3396220e+001
  3.5657000e+006  1.1023057e+002 -9.2207182e+001
  3.6044000e+006  1.0980052e+002 -9.1044684e+001
  3.6434000e+006  1.0939356e+002 -8.9914803e+001
  3.6829000e+006  1.0899363e+002 -8.8801489e+001
  3.7228000e+006  1.0862023e+002 -8.7720791e+001
  3.7632000e+006  1.0825613e+002 -8.6658367e+001
  3.8039000e+006  1.0790304e+002 -8.5618760e+001
  3.8452000e+006  1.0757055e+002 -8.4603972e+001
  3.8868000e+006  1.0724383e+002 -8.3607748e+001
  3.9289000e+006  1.0693125e+002 -8.2632867e+001
  3.9715000e+006  1.0663051e+002 -8.1677822e+001
  4.0146000e+006  1.0633331e+002 -8.0735318e+001
  4.0581000e+006  1.0605469e+002 -7.9819799e+001
  4.1020000e+006  1.0578112e+002 -7.8919598e+001
  4.1465000e+006  1.0551346e+002 -7.8032073e+001
  4.1914000e+006  1.0526012e+002 -7.7167997e+001
  4.2368000e+006  1.0500890e+002 -7.6314576e+001
  4.2827000e+006  1.0476820e+002 -7.5479512e+001
  4.3292000e+006  1.0453421e+002 -7.4658147e+001
  4.3761000e+006  1.0430260e+002 -7.3848516e+001
  4.4235000e+006  1.0408470e+002 -7.3060607e+001
  4.4714000e+006  1.0386875e+002 -7.2282725e+001
  4.5199000e+006  1.0365751e+002 -7.1516250e+001
  4.5689000e+006  1.0345558e+002 -7.0767345e+001
  4.6184000e+006  1.0325483e+002 -7.0027259e+001
  4.6684000e+006  1.0306244e+002 -6.9303624e+001
  4.7190000e+006  1.0287421e+002 -6.8591015e+001
  4.7701000e+006  1.0268717e+002 -6.7886859e+001
  4.8218000e+006  1.0251055e+002 -6.7200815e+001
  4.8741000e+006  1.0233431e+002 -6.6521416e+001
  4.9269000e+006  1.0216242e+002 -6.5853985e+001
  4.9803000e+006  1.0199667e+002 -6.5200010e+001
  5.0343000e+006  1.0183130e+002 -6.4552390e+001
  5.0888000e+006  1.0167287e+002 -6.3920007e+001
  5.1440000e+006  1.0151671e+002 -6.3295597e+001
  5.1997000e+006  1.0136179e+002 -6.2679188e+001
  5.2561000e+006  1.0121423e+002 -6.2077379e+001
  5.3130000e+006  1.0106705e+002 -6.1482491e+001
  5.3706000e+006  1.0092315e+002 -6.0896815e+001
  5.4288000e+006  1.0078354e+002 -6.0322669e+001
  5.4876000e+006  1.0064408e+002 -5.9754179e+001
  5.5471000e+006  1.0051004e+002 -5.9198165e+001
  5.6072000e+006  1.0037747e+002 -5.8649777e+001
  5.6680000e+006  1.0024576e+002 -5.8107328e+001
  5.7294000e+006  1.0011965e+002 -5.7578608e+001
  5.7915000e+006  9.9993331e+001 -5.7054341e+001
  5.8542000e+006  9.9870126e+001 -5.6540028e+001
  5.9177000e+006  9.9749493e+001 -5.6034041e+001
  5.9818000e+006  9.9628908e+001 -5.5533230e+001
  6.0466000e+006  9.9512930e+001 -5.5044553e+001
  6.1121000e+006  9.9397513e+001 -5.4561517e+001
  6.1784000e+006  9.9282878e+001 -5.4083884e+001
  6.2453000e+006  9.9172306e+001 -5.3618310e+001
  6.3130000e+006  9.9061335e+001 -5.3156228e+001
  6.3814000e+006  9.8952936e+001 -5.2703220e+001
  6.4506000e+006  9.8846209e+001 -5.2257518e+001
  6.5205000e+006  9.8739309e+001 -5.1815961e+001
  6.5911000e+006  9.8636291e+001 -5.1386221e+001
  6.6625000e+006  9.8533222e+001 -5.0960631e+001
  6.7347000e+006  9.8430974e+001 -5.0540731e+001
  6.8077000e+006  9.8331337e+001 -5.0130281e+001
  6.8815000e+006  9.8231321e+001 -4.9723251e+001
  6.9561000e+006  9.8133386e+001 -4.9324663e+001
  7.0314000e+006  9.8036582e+001 -4.8932987e+001
  7.1076000e+006  9.7939320e+001 -4.8544190e+001
  7.1847000e+006  9.7845027e+001 -4.8165905e+001
  7.2625000e+006  9.7750515e+001 -4.7791618e+001
  7.3412000e+006  9.7656661e+001 -4.7422749e+001
  7.4208000e+006  9.7564442e+001 -4.7061802e+001
  7.5012000e+006  9.7471850e+001 -4.6704173e+001
  7.5825000e+006  9.7380874e+001 -4.6354499e+001
  7.6646000e+006  9.7290396e+001 -4.6010385e+001
  7.7477000e+006  9.7199476e+001 -4.5669028e+001
  7.8317000e+006  9.7110702e+001 -4.5337418e+001
  7.9165000e+006  9.7021509e+001 -4.5009018e+001
  8.0023000e+006  9.6932778e+001 -4.4685870e+001
  8.0890000e+006  9.6845026e+001 -4.4369735e+001
  8.1767000e+006  9.6756695e+001 -4.4056082e+001
  8.2653000e+006  9.6669626e+001 -4.3750345e+001
  8.3549000e+006  9.6582489e+001 -4.3448741e+001
  8.4454000e+006  9.6495121e+001 -4.3150661e+001
  8.5369000e+006  9.6409010e+001 -4.2860912e+001
  8.6294000e+006  9.6322287e+001 -4.2573617e+001
  8.7229000e+006  9.6235887e+001 -4.2291753e+001
  8.8175000e+006  9.6149774e+001 -4.2015461e+001
  8.9130000e+006  9.6063175e+001 -4.1741947e+001
  9.0096000e+006  9.5977290e+001 -4.1475629e+001
  9.1072000e+006  9.5891083e+001 -4.1212880e+001
  9.2059000e+006  9.5804488e+001 -4.0953361e+001
  9.3057000e+006  9.5718440e+001 -4.0700953e+001
  9.4065000e+006  9.5631780e+001 -4.0450979e+001
  9.5085000e+006  9.5545086e+001 -4.0205990e+001
  9.6115000e+006  9.5458385e+001 -3.9966126e+001
  9.7156000e+006  9.5371009e+001 -3.9728464e+001
  9.8209000e+006  9.5283902e+001 -3.9497620e+001
  9.9274000e+006  9.5196128e+001 -3.9269387e+001
  1.0035000e+007  9.5107929e+001 -3.9044608e+001
  1.0144000e+007  9.5019550e+001 -3.8825460e+001
  1.0254000e+007  9.4930545e+001 -3.8608694e+001
  1.0365000e+007  9.4841456e+001 -3.8397280e+001
  1.0477000e+007  9.4752068e+001 -3.8190263e+001
  1.0591000e+007  9.4661268e+001 -3.7983780e+001
  1.0705000e+007  9.4571325e+001 -3.7785942e+001
  1.0821000e+007  9.4479969e+001 -3.7588883e+001
  1.0939000e+007  9.4387399e+001 -3.7393886e+001
  1.1057000e+007  9.4295377e+001 -3.7206054e+001
  1.1177000e+007  9.4201918e+001 -3.7018837e+001
  1.1298000e+007  9.4108150e+001 -3.6836777e+001
  1.1421000e+007  9.4013093e+001 -3.6656951e+001
  1.1544000e+007  9.3918161e+001 -3.6480764e+001
  1.1669000e+007  9.3822175e+001 -3.6309520e+001
  1.1796000e+007  9.3724731e+001 -3.6139011e+001
  1.1924000e+007  9.3626739e+001 -3.5972108e+001
  1.2053000e+007  9.3528231e+001 -3.5809834e+001
  1.2183000e+007  9.3429037e+001 -3.5649541e+001
  1.2315000e+007  9.3328548e+001 -3.5492816e+001
  1.2449000e+007  9.3226638e+001 -3.5337932e+001
  1.2584000e+007  9.3124059e+001 -3.5185289e+001
  1.2720000e+007  9.3020877e+001 -3.5037923e+001
  1.2858000e+007  9.2916227e+001 -3.4891309e+001
  1.2997000e+007  9.2810906e+001 -3.4748025e+001
  1.3138000e+007  9.2704124e+001 -3.4607431e+001
  1.3281000e+007  9.2595883e+001 -3.4467656e+001
  1.3425000e+007  9.2486914e+001 -3.4332120e+001
  1.3570000e+007  9.2377213e+001 -3.4198931e+001
  1.3717000e+007  9.2266049e+001 -3.4066904e+001
  1.3866000e+007  9.2153328e+001 -3.3938155e+001
  1.4016000e+007  9.2039896e+001 -3.3810955e+001
  1.4168000e+007  9.1924942e+001 -3.3685817e+001
  1.4321000e+007  9.1809196e+001 -3.3563497e+001
  1.4477000e+007  9.1691243e+001 -3.3441059e+001
  1.4633000e+007  9.1573192e+001 -3.3322882e+001
  1.4792000e+007  9.1452899e+001 -3.3204881e+001
  1.4952000e+007  9.1331885e+001 -3.3088672e+001
  1.5114000e+007  9.1209252e+001 -3.2974747e+001
  1.5278000e+007  9.1085191e+001 -3.2861308e+001
  1.5444000e+007  9.0959581e+001 -3.2749485e+001
  1.5611000e+007  9.0833208e+001 -3.2639585e+001
  1.5780000e+007  9.0705438e+001 -3.2530088e+001
  1.5951000e+007  9.0576060e+001 -3.2422503e+001
  1.6124000e+007  9.0445290e+001 -3.2315332e+001
  1.6299000e+007  9.0313101e+001 -3.2208860e+001
  1.6475000e+007  9.0180160e+001 -3.2104222e+001
  1.6654000e+007  9.0045146e+001 -3.1999147e+001
  1.6834000e+007  8.9909458e+001 -3.1895537e+001
  1.7017000e+007  8.9771676e+001 -3.1791799e+001
  1.7201000e+007  8.9633389e+001 -3.1688678e+001
  1.7388000e+007  8.9492985e+001 -3.1585815e+001
  1.7576000e+007  8.9352147e+001 -3.1483388e+001
  1.7767000e+007  8.9209359e+001 -3.1380527e+001
  1.7959000e+007  8.9066164e+001 -3.1278342e+001
  1.8154000e+007  8.8921136e+001 -3.1175368e+001
  1.8350000e+007  8.8775806e+001 -3.1072857e+001
  1.8549000e+007  8.8628770e+001 -3.0969488e+001
  1.8750000e+007  8.8480756e+001 -3.0865746e+001
  1.8953000e+007  8.8331993e+001 -3.0761556e+001
  1.9159000e+007  8.8181651e+001 -3.0656307e+001
  1.9366000e+007  8.8031306e+001 -3.0550979e+001
  1.9576000e+007  8.7879683e+001 -3.0444376e+001
  1.9788000e+007  8.7727329e+001 -3.0337146e+001
  2.0003000e+007  8.7573888e+001 -3.0228486e+001
  2.0220000e+007  8.7419929e+001 -3.0119016e+001
  2.0439000e+007  8.7265382e+001 -3.0008821e+001
  2.0660000e+007  8.7110636e+001 -2.9897462e+001
  2.0884000e+007  8.6954527e+001 -2.9784877e+001
  2.1110000e+007  8.6797928e+001 -2.9671325e+001
  2.1339000e+007  8.6639923e+001 -2.9556158e+001
  2.1570000e+007  8.6481062e+001 -2.9440204e+001
  2.1804000e+007  8.6320297e+001 -2.9322181e+001
  2.2040000e+007  8.6158028e+001 -2.9202737e+001
  2.2279000e+007  8.5993600e+001 -2.9081426e+001
  2.2521000e+007  8.5825684e+001 -2.8956020e+001
  2.2765000e+007  8.5655938e+001 -2.8828249e+001
  2.3011000e+007  8.5483495e+001 -2.8696070e+001
  2.3261000e+007  8.5307331e+001 -2.8556546e+001
  2.3513000e+007  8.5129626e+001 -2.8413161e+001
  2.3768000e+007  8.4950000e+001 -2.8258357e+001
  2.4025000e+007  8.4770658e+001 -2.8097053e+001
  2.4286000e+007  8.4590314e+001 -2.7927234e+001
  2.4549000e+007  8.4413843e+001 -2.7744954e+001
  2.4815000e+007  8.4238620e+001 -2.7556424e+001
  2.5084000e+007  8.4067867e+001 -2.7356694e+001
  2.5356000e+007  8.3902117e+001 -2.7147497e+001
  2.5630000e+007  8.3739306e+001 -2.6933130e+001
  2.5908000e+007  8.3585365e+001 -2.6704848e+001
  2.6189000e+007  8.3435178e+001 -2.6470349e+001
  2.6473000e+007  8.3290382e+001 -2.6227911e+001
  2.6759000e+007  8.3155609e+001 -2.5975049e+001
  2.7049000e+007  8.3024060e+001 -2.5715429e+001
  2.7343000e+007  8.2901858e+001 -2.5443749e+001
  2.7639000e+007  8.2788065e+001 -2.5163753e+001
  2.7938000e+007  8.2678507e+001 -2.4877431e+001
  2.8241000e+007  8.2584629e+001 -2.4574811e+001
  2.8547000e+007  8.2496424e+001 -2.4265143e+001
  2.8856000e+007  8.2418097e+001 -2.3945120e+001
  2.9169000e+007  8.2354987e+001 -2.3610441e+001
  2.9485000e+007  8.2298654e+001 -2.3267974e+001
  2.9805000e+007  8.2260592e+001 -2.2909411e+001
  3.0128000e+007  8.2236239e+001 -2.2539506e+001
  3.0454000e+007  8.2221187e+001 -2.2160278e+001
  3.0784000e+007  8.2234671e+001 -2.1761443e+001
  3.1118000e+007  8.2259215e+001 -2.1352063e+001
  3.1455000e+007  8.2304210e+001 -2.0928766e+001
  3.1796000e+007  8.2377218e+001 -2.0488712e+001
  3.2141000e+007  8.2463873e+001 -2.0036922e+001
  3.2489000e+007  8.2587530e+001 -1.9567587e+001
  3.2841000e+007  8.2736037e+001 -1.9084451e+001
  3.3197000e+007  8.2905903e+001 -1.8587280e+001
  3.3556000e+007  8.3127609e+001 -1.8073388e+001
  3.3920000e+007  8.3372349e+001 -1.7545286e+001
  3.4288000e+007  8.3660412e+001 -1.7001455e+001
  3.4659000e+007  8.3998526e+001 -1.6445779e+001
  3.5035000e+007  8.4365890e+001 -1.5874516e+001
  3.5414000e+007  8.4806511e+001 -1.5293899e+001
  3.5798000e+007  8.5293494e+001 -1.4701202e+001
  3.6186000e+007  8.5828792e+001 -1.4095845e+001
  3.6578000e+007  8.6456738e+001 -1.3491356e+001
  3.6975000e+007  8.7133404e+001 -1.2875063e+001
  3.7375000e+007  8.7895743e+001 -1.2262254e+001
  3.7780000e+007  8.8749261e+001 -1.1657212e+001
  3.8190000e+007  8.9666887e+001 -1.1043138e+001
  3.8604000e+007  9.0720435e+001 -1.0468610e+001
  3.9022000e+007  9.1856732e+001 -9.9055735e+000
  3.9445000e+007  9.3098060e+001 -9.3609405e+000
  3.9872000e+007  9.4485717e+001 -8.8903209e+000
  4.0304000e+007  9.5973621e+001 -8.4412702e+000
  4.0741000e+007  9.7616264e+001 -8.0820493e+000
  4.1183000e+007  9.9399408e+001 -7.8162388e+000
  4.1629000e+007  1.0130672e+002 -7.6054818e+000
  4.2080000e+007  1.0339395e+002 -7.6084492e+000
  4.2536000e+007  1.0561363e+002 -7.7196489e+000
  4.2997000e+007  1.0798661e+002 -8.0039147e+000
  4.3463000e+007  1.1049620e+002 -8.5646866e+000
  4.3934000e+007  1.1313869e+002 -9.3071153e+000
  4.4410000e+007  1.1588108e+002 -1.0399181e+001
  4.4891000e+007  1.1869414e+002 -1.1808108e+001
  4.5378000e+007  1.2159652e+002 -1.3515400e+001
  4.5869000e+007  1.2440482e+002 -1.5732625e+001
  4.6366000e+007  1.2719996e+002 -1.8298895e+001
  4.6869000e+007  1.2986736e+002 -2.1316159e+001
  4.7377000e+007  1.3225848e+002 -2.4798901e+001
  4.7890000e+007  1.3444211e+002 -2.8661851e+001
  4.8409000e+007  1.3615222e+002 -3.2953408e+001
  4.8934000e+007  1.3743194e+002 -3.7565845e+001
  4.9464000e+007  1.3825993e+002 -4.2447675e+001
  5.0000000e+007  1.3844758e+002 -4.7500908e+001
