4.0000E+01	1.2122E-02	6.1465E-05
4.0748E+01	1.2015E-02	-4.0244E-04
4.1511E+01	1.2478E-02	1.5035E-05
4.2287E+01	1.2414E-02	-2.0110E-04
4.3078E+01	1.1997E-02	-1.8737E-04
4.3884E+01	1.1946E-02	-4.2157E-04
4.4705E+01	1.2089E-02	-1.9443E-04
4.5541E+01	1.2272E-02	6.2381E-05
4.6393E+01	1.2218E-02	-1.4136E-04
4.7261E+01	1.2229E-02	-1.6081E-04
4.8145E+01	1.2363E-02	-1.9553E-04
4.9046E+01	1.2443E-02	-1.1959E-04
4.9963E+01	1.2445E-02	-8.5674E-07
5.0898E+01	1.2090E-02	2.5129E-04
5.1850E+01	1.2429E-02	1.2301E-04
5.2820E+01	1.2018E-02	9.3474E-05
5.3808E+01	1.2463E-02	7.0135E-05
5.4815E+01	1.2335E-02	1.0370E-04
5.5840E+01	1.2409E-02	-9.2729E-05
5.6885E+01	1.2298E-02	9.1886E-05
5.7949E+01	1.2139E-02	-1.0993E-04
5.9033E+01	1.2147E-02	1.7261E-04
6.0137E+01	1.2163E-02	1.1687E-04
6.1262E+01	1.2371E-02	1.6639E-04
6.2408E+01	1.2437E-02	1.8294E-04
6.3575E+01	1.2053E-02	2.2375E-04
6.4765E+01	1.2410E-02	7.0064E-05
6.5976E+01	1.2094E-02	1.2361E-04
6.7210E+01	1.2230E-02	-2.9437E-05
6.8468E+01	1.2180E-02	1.4141E-04
6.9749E+01	1.2207E-02	1.4777E-04
7.1053E+01	1.2255E-02	1.3514E-04
7.2382E+01	1.2298E-02	1.5930E-04
7.3736E+01	1.2267E-02	-3.5207E-05
7.5116E+01	1.2271E-02	-1.1064E-05
7.6521E+01	1.2335E-02	-3.7453E-06
7.7952E+01	1.2185E-02	7.7623E-05
7.9411E+01	1.2277E-02	2.3092E-06
8.0896E+01	1.2345E-02	2.1035E-04
8.2410E+01	1.2189E-02	-1.3193E-05
8.3951E+01	1.2308E-02	7.6120E-05
8.5522E+01	1.2215E-02	2.1293E-04
8.7121E+01	1.2333E-02	1.5243E-05
8.8751E+01	1.2414E-02	-1.9339E-05
9.0411E+01	1.2103E-02	9.1372E-05
9.2103E+01	1.2254E-02	2.6934E-05
9.3826E+01	1.2323E-02	1.0649E-05
9.5581E+01	1.2219E-02	1.5853E-05
9.7369E+01	1.2188E-02	-1.0820E-05
9.9190E+01	1.2293E-02	1.8497E-04
1.0105E+02	1.2394E-02	1.3824E-04
1.0294E+02	1.2261E-02	6.4694E-05
1.0486E+02	1.2375E-02	1.0405E-04
1.0682E+02	1.2280E-02	-1.2982E-05
1.0882E+02	1.2271E-02	6.6448E-05
1.1086E+02	1.2256E-02	-4.6032E-05
1.1293E+02	1.2373E-02	6.3829E-05
1.1504E+02	1.2306E-02	-1.1616E-04
1.1720E+02	1.2321E-02	8.5645E-05
1.1939E+02	1.2205E-02	-2.1246E-04
1.2162E+02	1.2132E-02	-5.2860E-05
1.2390E+02	1.2256E-02	-1.1051E-04
1.2621E+02	1.2215E-02	-5.7452E-05
1.2858E+02	1.2140E-02	-2.0556E-04
1.3098E+02	1.2325E-02	-1.9650E-05
1.3343E+02	1.2321E-02	-2.7840E-05
1.3593E+02	1.2222E-02	-2.5963E-05
1.3847E+02	1.2307E-02	7.8590E-05
1.4106E+02	1.2253E-02	-8.0657E-05
1.4370E+02	1.2197E-02	1.0927E-05
1.4639E+02	1.2206E-02	2.1725E-05
1.4913E+02	1.2219E-02	1.1885E-04
1.5192E+02	1.2267E-02	-1.4622E-05
1.5476E+02	1.2215E-02	3.2713E-05
1.5765E+02	1.2187E-02	-8.1475E-06
1.6060E+02	1.2172E-02	1.0716E-04
1.6361E+02	1.2101E-02	-3.4116E-05
1.6667E+02	1.2301E-02	1.0110E-05
1.6978E+02	1.2281E-02	5.4308E-05
1.7296E+02	1.2124E-02	4.9098E-05
1.7620E+02	1.2133E-02	1.1081E-04
1.7949E+02	1.2153E-02	-5.9715E-05
1.8285E+02	1.1826E-02	3.4595E-05
1.8627E+02	1.2028E-02	7.9824E-05
1.8975E+02	1.2220E-02	2.1962E-05
1.9330E+02	1.2233E-02	2.2552E-04
1.9692E+02	1.2183E-02	-1.4155E-05
2.0060E+02	1.2034E-02	1.7097E-04
2.0436E+02	1.2366E-02	1.9060E-04
2.0818E+02	1.2152E-02	8.8522E-05
2.1207E+02	1.2205E-02	9.7286E-05
2.1604E+02	1.2111E-02	1.4933E-04
2.2008E+02	1.2162E-02	3.1083E-04
2.2420E+02	1.2073E-02	2.6557E-04
2.2839E+02	1.2411E-02	5.7178E-05
2.3267E+02	1.2085E-02	2.7632E-05
2.3702E+02	1.2182E-02	8.1811E-05
2.4145E+02	1.2268E-02	1.2620E-05
2.4597E+02	1.2248E-02	1.0204E-04
2.5057E+02	1.2188E-02	-2.1350E-05
2.5526E+02	1.2100E-02	-3.6875E-05
2.6003E+02	1.2250E-02	-1.2339E-04
2.6490E+02	1.2258E-02	3.4520E-05
2.6985E+02	1.2443E-02	-5.9479E-05
2.7490E+02	1.2347E-02	6.2624E-05
2.8004E+02	1.2101E-02	5.3824E-05
2.8528E+02	1.2298E-02	8.2721E-05
2.9062E+02	1.2236E-02	3.5081E-05
2.9605E+02	1.2242E-02	4.3901E-06
3.0159E+02	1.2416E-02	-9.3378E-06
3.0723E+02	1.2220E-02	1.8685E-04
3.1298E+02	1.2263E-02	-1.6335E-05
3.1884E+02	1.2062E-02	4.2258E-05
3.2480E+02	1.2165E-02	-3.7969E-05
3.3088E+02	1.2284E-02	-1.5803E-05
3.3707E+02	1.2259E-02	8.6536E-05
3.4337E+02	1.2168E-02	1.4301E-04
3.4979E+02	1.2261E-02	1.7528E-05
3.5634E+02	1.2155E-02	7.9556E-05
3.6300E+02	1.2155E-02	-8.0459E-05
3.6979E+02	1.2223E-02	6.5566E-05
3.7671E+02	1.2342E-02	-1.5863E-06
3.8376E+02	1.2417E-02	5.9018E-05
3.9094E+02	1.2334E-02	-4.2340E-05
3.9825E+02	1.2290E-02	-1.0209E-05
4.0570E+02	1.2212E-02	-7.5619E-05
4.1329E+02	1.2196E-02	-4.9539E-05
4.2102E+02	1.2398E-02	-5.7591E-05
4.2890E+02	1.2273E-02	-2.9845E-05
4.3692E+02	1.2407E-02	-6.3333E-05
4.4509E+02	1.2321E-02	-1.5732E-04
4.5342E+02	1.2404E-02	-3.3803E-05
4.6190E+02	1.2261E-02	2.7589E-05
4.7054E+02	1.2235E-02	-1.0212E-04
4.7935E+02	1.2300E-02	-4.2605E-05
4.8831E+02	1.2166E-02	-1.0681E-04
4.9745E+02	1.2444E-02	1.1978E-04
5.0675E+02	1.2327E-02	5.6831E-05
5.1623E+02	1.2254E-02	-8.4909E-05
5.2589E+02	1.2341E-02	-4.1957E-05
5.3573E+02	1.2434E-02	-4.6708E-05
5.4575E+02	1.2374E-02	-8.9751E-05
5.5596E+02	1.2384E-02	-6.7711E-05
5.6636E+02	1.2353E-02	-1.2078E-04
5.7695E+02	1.2383E-02	-1.6623E-04
5.8775E+02	1.2447E-02	-1.1553E-04
5.9874E+02	1.2281E-02	-7.4166E-05
6.0994E+02	1.2423E-02	-8.8702E-05
6.2135E+02	1.2367E-02	-4.6903E-05
6.3297E+02	1.2253E-02	5.5133E-05
6.4482E+02	1.2404E-02	4.0699E-05
6.5688E+02	1.2371E-02	2.6504E-05
6.6917E+02	1.2439E-02	1.1556E-05
6.8168E+02	1.2325E-02	-1.6453E-04
6.9444E+02	1.2355E-02	1.0308E-05
7.0743E+02	1.2247E-02	6.9270E-05
7.2066E+02	1.2346E-02	9.9505E-05
7.3414E+02	1.2198E-02	-7.3087E-05
7.4787E+02	1.2218E-02	1.2977E-04
7.6186E+02	1.2296E-02	8.9865E-05
7.7612E+02	1.2298E-02	9.1621E-06
7.9063E+02	1.2400E-02	2.4834E-07
8.0543E+02	1.2110E-02	9.2843E-05
8.2049E+02	1.2243E-02	5.4225E-05
8.3584E+02	1.2344E-02	8.2110E-05
8.5148E+02	1.2383E-02	1.6078E-04
8.6740E+02	1.2155E-02	1.8418E-04
8.8363E+02	1.2274E-02	1.8918E-04
9.0016E+02	1.2298E-02	1.0478E-04
9.1700E+02	1.2313E-02	1.8710E-04
9.3415E+02	1.2250E-02	1.9036E-04
9.5163E+02	1.2194E-02	9.0764E-05
9.6943E+02	1.2259E-02	2.0101E-04
9.8757E+02	1.2293E-02	1.9028E-04
1.0060E+03	1.2252E-02	9.9788E-05
1.0249E+03	1.2382E-02	2.0886E-04
1.0440E+03	1.2254E-02	3.6507E-04
1.0636E+03	1.2262E-02	1.3568E-04
1.0835E+03	1.2275E-02	2.0620E-04
1.1037E+03	1.2188E-02	1.3028E-04
1.1244E+03	1.2220E-02	1.6757E-04
1.1454E+03	1.2332E-02	9.6114E-05
1.1668E+03	1.2250E-02	1.0860E-04
1.1887E+03	1.2205E-02	1.6424E-04
1.2109E+03	1.2176E-02	1.6112E-04
1.2335E+03	1.2159E-02	1.1686E-04
1.2566E+03	1.2212E-02	2.6558E-04
1.2801E+03	1.2282E-02	1.1782E-04
1.3041E+03	1.2171E-02	1.8433E-04
1.3285E+03	1.2303E-02	1.8213E-04
1.3533E+03	1.2329E-02	1.1410E-04
1.3786E+03	1.2246E-02	2.8032E-04
1.4044E+03	1.2140E-02	2.8575E-04
1.4307E+03	1.2252E-02	1.9535E-04
1.4575E+03	1.2249E-02	3.0377E-04
1.4847E+03	1.2300E-02	2.3783E-04
1.5125E+03	1.2401E-02	1.6669E-04
1.5408E+03	1.2268E-02	2.7923E-04
1.5696E+03	1.2149E-02	3.4455E-04
1.5990E+03	1.2204E-02	1.7839E-04
1.6289E+03	1.2254E-02	1.6323E-04
1.6594E+03	1.2297E-02	2.6178E-04
1.6904E+03	1.2170E-02	8.9290E-05
1.7220E+03	1.2204E-02	3.2671E-04
1.7542E+03	1.2195E-02	3.0231E-04
1.7871E+03	1.2402E-02	1.9209E-04
1.8205E+03	1.2115E-02	3.5408E-04
1.8545E+03	1.2301E-02	2.4727E-04
1.8892E+03	1.2224E-02	3.3726E-04
1.9246E+03	1.2294E-02	2.7177E-04
1.9606E+03	1.2316E-02	1.7344E-04
1.9973E+03	1.2299E-02	3.9905E-04
2.0346E+03	1.2296E-02	1.4665E-04
2.0727E+03	1.2153E-02	2.5076E-04
2.1115E+03	1.2300E-02	3.8037E-04
2.1510E+03	1.2352E-02	2.8975E-04
2.1912E+03	1.2175E-02	3.5190E-04
2.2322E+03	1.2346E-02	3.4706E-04
2.2739E+03	1.2277E-02	3.9461E-04
2.3165E+03	1.2216E-02	3.7045E-04
2.3598E+03	1.2320E-02	2.3910E-04
2.4040E+03	1.2206E-02	2.5549E-04
2.4489E+03	1.2284E-02	4.0021E-04
2.4947E+03	1.2232E-02	4.1434E-04
2.5414E+03	1.2247E-02	2.9278E-04
2.5889E+03	1.2265E-02	4.3884E-04
2.6374E+03	1.2399E-02	4.7950E-04
2.6867E+03	1.2270E-02	3.2373E-04
2.7370E+03	1.2258E-02	1.6649E-04
2.7882E+03	1.2316E-02	3.7634E-04
2.8403E+03	1.2296E-02	3.4227E-04
2.8935E+03	1.2332E-02	3.5004E-04
2.9476E+03	1.2254E-02	4.5285E-04
3.0027E+03	1.2241E-02	3.6911E-04
3.0589E+03	1.2209E-02	4.0708E-04
3.1161E+03	1.2361E-02	4.4736E-04
3.1744E+03	1.2205E-02	4.5385E-04
3.2338E+03	1.2285E-02	4.7814E-04
3.2943E+03	1.2221E-02	3.5832E-04
3.3559E+03	1.2265E-02	6.1966E-04
3.4187E+03	1.2270E-02	4.5933E-04
3.4826E+03	1.2162E-02	4.3529E-04
3.5478E+03	1.2247E-02	6.2517E-04
3.6142E+03	1.2240E-02	5.1494E-04
3.6818E+03	1.2261E-02	5.6532E-04
3.7506E+03	1.2152E-02	4.9717E-04
3.8208E+03	1.2233E-02	4.7905E-04
3.8923E+03	1.2100E-02	5.3841E-04
3.9651E+03	1.2204E-02	5.6616E-04
4.0393E+03	1.2232E-02	5.6839E-04
4.1148E+03	1.2315E-02	5.5197E-04
4.1918E+03	1.2286E-02	5.8931E-04
4.2702E+03	1.2121E-02	6.0543E-04
4.3501E+03	1.2263E-02	4.9001E-04
4.4315E+03	1.2281E-02	6.7429E-04
4.5144E+03	1.2236E-02	5.7912E-04
4.5988E+03	1.2285E-02	5.9705E-04
4.6848E+03	1.2312E-02	5.8910E-04
4.7725E+03	1.2218E-02	6.9640E-04
4.8618E+03	1.2194E-02	6.3727E-04
4.9527E+03	1.2299E-02	7.1778E-04
5.0454E+03	1.2317E-02	6.0796E-04
5.1397E+03	1.2247E-02	6.6016E-04
5.2359E+03	1.2298E-02	8.3812E-04
5.3338E+03	1.2280E-02	7.8591E-04
5.4336E+03	1.2117E-02	6.5942E-04
5.5353E+03	1.2208E-02	7.6923E-04
5.6388E+03	1.2287E-02	8.3309E-04
5.7443E+03	1.2291E-02	8.2063E-04
5.8517E+03	1.2356E-02	7.1464E-04
5.9612E+03	1.2265E-02	8.4423E-04
6.0727E+03	1.2372E-02	8.4252E-04
6.1863E+03	1.2316E-02	8.6948E-04
6.3021E+03	1.2300E-02	1.0073E-03
6.4199E+03	1.2267E-02	8.1260E-04
6.5400E+03	1.2286E-02	1.0244E-03
6.6624E+03	1.2328E-02	1.0994E-03
6.7870E+03	1.2238E-02	1.0060E-03
6.9140E+03	1.2316E-02	1.0404E-03
7.0433E+03	1.2304E-02	9.8006E-04
7.1751E+03	1.2312E-02	1.0060E-03
7.3093E+03	1.2282E-02	9.1302E-04
7.4460E+03	1.2321E-02	1.0427E-03
7.5853E+03	1.2339E-02	1.1015E-03
7.7272E+03	1.2281E-02	1.0977E-03
7.8718E+03	1.2411E-02	1.0436E-03
8.0190E+03	1.2312E-02	1.1556E-03
8.1690E+03	1.2288E-02	1.2170E-03
8.3218E+03	1.2310E-02	1.1716E-03
8.4775E+03	1.2333E-02	1.2642E-03
8.6361E+03	1.2429E-02	1.2714E-03
8.7977E+03	1.2301E-02	1.1722E-03
8.9622E+03	1.2306E-02	1.3177E-03
9.1299E+03	1.2331E-02	1.3187E-03
9.3007E+03	1.2363E-02	1.2750E-03
9.4747E+03	1.2381E-02	1.4559E-03
9.6519E+03	1.2277E-02	1.4051E-03
9.8325E+03	1.2300E-02	1.5783E-03
1.0016E+04	1.2246E-02	1.4874E-03
1.0204E+04	1.2189E-02	1.5167E-03
1.0395E+04	1.2104E-02	1.5462E-03
1.0589E+04	1.2233E-02	1.5147E-03
1.0787E+04	1.2307E-02	1.4555E-03
1.0989E+04	1.2384E-02	1.6137E-03
1.1195E+04	1.2279E-02	1.6693E-03
1.1404E+04	1.2238E-02	1.6904E-03
1.1617E+04	1.2346E-02	1.7199E-03
1.1835E+04	1.2269E-02	1.7935E-03
1.2056E+04	1.2198E-02	1.7188E-03
1.2282E+04	1.2276E-02	1.7242E-03
1.2511E+04	1.2334E-02	1.9605E-03
1.2745E+04	1.2287E-02	1.7814E-03
1.2984E+04	1.2413E-02	1.9603E-03
1.3227E+04	1.2231E-02	1.9288E-03
1.3474E+04	1.2333E-02	1.9515E-03
1.3726E+04	1.2226E-02	1.9713E-03
1.3983E+04	1.2263E-02	1.9883E-03
1.4244E+04	1.2398E-02	2.0362E-03
1.4511E+04	1.2313E-02	2.0383E-03
1.4782E+04	1.2455E-02	2.1149E-03
1.5059E+04	1.2244E-02	2.0706E-03
1.5341E+04	1.2247E-02	2.2794E-03
1.5628E+04	1.2324E-02	2.1773E-03
1.5920E+04	1.2362E-02	2.3016E-03
1.6218E+04	1.2227E-02	2.4019E-03
1.6521E+04	1.2243E-02	2.3330E-03
1.6830E+04	1.2267E-02	2.4063E-03
1.7145E+04	1.2303E-02	2.5049E-03
1.7466E+04	1.2283E-02	2.5234E-03
1.7792E+04	1.2198E-02	2.4419E-03
1.8125E+04	1.2283E-02	2.5838E-03
1.8464E+04	1.2355E-02	2.6399E-03
1.8810E+04	1.2305E-02	2.6897E-03
1.9162E+04	1.2328E-02	2.7214E-03
1.9520E+04	1.2298E-02	2.7952E-03
1.9885E+04	1.2214E-02	2.7393E-03
2.0257E+04	1.2326E-02	2.8617E-03
2.0636E+04	1.2320E-02	2.8872E-03
2.1022E+04	1.2268E-02	2.9229E-03
2.1415E+04	1.2373E-02	3.0834E-03
2.1816E+04	1.2450E-02	2.9899E-03
2.2224E+04	1.2281E-02	3.0886E-03
2.2640E+04	1.2355E-02	3.1714E-03
2.3063E+04	1.2387E-02	3.2778E-03
2.3495E+04	1.2259E-02	3.2561E-03
2.3934E+04	1.2299E-02	3.3007E-03
2.4382E+04	1.2442E-02	3.3836E-03
2.4838E+04	1.2271E-02	3.4009E-03
2.5303E+04	1.2378E-02	3.5652E-03
2.5776E+04	1.2427E-02	3.6510E-03
2.6258E+04	1.2276E-02	3.6328E-03
2.6750E+04	1.2344E-02	3.7949E-03
2.7250E+04	1.2431E-02	3.7683E-03
2.7760E+04	1.2358E-02	3.7816E-03
2.8279E+04	1.2441E-02	3.8889E-03
2.8808E+04	1.2380E-02	3.9255E-03
2.9347E+04	1.2461E-02	4.0778E-03
2.9896E+04	1.2448E-02	4.0998E-03
3.0455E+04	1.2496E-02	4.1576E-03
3.1025E+04	1.2386E-02	4.2235E-03
3.1605E+04	1.2415E-02	4.2812E-03
3.2197E+04	1.2413E-02	4.3602E-03
3.2799E+04	1.2358E-02	4.3889E-03
3.3412E+04	1.2453E-02	4.5649E-03
3.4037E+04	1.2422E-02	4.6908E-03
3.4674E+04	1.2396E-02	4.6258E-03
3.5323E+04	1.2471E-02	4.8170E-03
3.5984E+04	1.2492E-02	4.8244E-03
3.6657E+04	1.2547E-02	5.0242E-03
3.7342E+04	1.2500E-02	5.0711E-03
3.8041E+04	1.2480E-02	5.0478E-03
3.8753E+04	1.2523E-02	5.1852E-03
3.9478E+04	1.2516E-02	5.2733E-03
4.0216E+04	1.2483E-02	5.3104E-03
4.0968E+04	1.2462E-02	5.4664E-03
4.1735E+04	1.2588E-02	5.5598E-03
4.2515E+04	1.2618E-02	5.6786E-03
4.3311E+04	1.2539E-02	5.8153E-03
4.4121E+04	1.2655E-02	5.9031E-03
4.4946E+04	1.2517E-02	6.0726E-03
4.5787E+04	1.2580E-02	6.2152E-03
4.6644E+04	1.2535E-02	6.2523E-03
4.7516E+04	1.2587E-02	6.3585E-03
4.8405E+04	1.2593E-02	6.4242E-03
4.9311E+04	1.2695E-02	6.5756E-03
5.0233E+04	1.2649E-02	6.6452E-03
5.1173E+04	1.2573E-02	6.9003E-03
5.2130E+04	1.2637E-02	6.9305E-03
5.3105E+04	1.2659E-02	7.1197E-03
5.4099E+04	1.2681E-02	7.2556E-03
5.5111E+04	1.2621E-02	7.3824E-03
5.6141E+04	1.2771E-02	7.4728E-03
5.7192E+04	1.2654E-02	7.5861E-03
5.8262E+04	1.2731E-02	7.7583E-03
5.9351E+04	1.2804E-02	7.9531E-03
6.0462E+04	1.2775E-02	8.0933E-03
6.1593E+04	1.2809E-02	8.1941E-03
6.2745E+04	1.2785E-02	8.3830E-03
6.3919E+04	1.2668E-02	8.5521E-03
6.5114E+04	1.2710E-02	8.6462E-03
6.6332E+04	1.2727E-02	8.7755E-03
6.7573E+04	1.2780E-02	9.0288E-03
6.8837E+04	1.2853E-02	9.1029E-03
7.0125E+04	1.2912E-02	9.3723E-03
7.1437E+04	1.2788E-02	9.5018E-03
7.2773E+04	1.2861E-02	9.6727E-03
7.4135E+04	1.2843E-02	9.7264E-03
7.5521E+04	1.2812E-02	9.9953E-03
7.6934E+04	1.2915E-02	1.0150E-02
7.8373E+04	1.2895E-02	1.0376E-02
7.9840E+04	1.2920E-02	1.0500E-02
8.1333E+04	1.2948E-02	1.0718E-02
8.2855E+04	1.2979E-02	1.0961E-02
8.4404E+04	1.2974E-02	1.1132E-02
8.5983E+04	1.2957E-02	1.1235E-02
8.7592E+04	1.2963E-02	1.1471E-02
8.9230E+04	1.2999E-02	1.1693E-02
9.0900E+04	1.3010E-02	1.1933E-02
9.2600E+04	1.3029E-02	1.2102E-02
9.4332E+04	1.3110E-02	1.2335E-02
9.6097E+04	1.3039E-02	1.2535E-02
9.7895E+04	1.3090E-02	1.2675E-02
9.9726E+04	1.3167E-02	1.2829E-02
1.0159E+05	1.3136E-02	1.3162E-02
1.0349E+05	1.3061E-02	1.3396E-02
1.0543E+05	1.3124E-02	1.3556E-02
1.0740E+05	1.3181E-02	1.3847E-02
1.0941E+05	1.3215E-02	1.4020E-02
1.1146E+05	1.3218E-02	1.4297E-02
1.1354E+05	1.3210E-02	1.4556E-02
1.1566E+05	1.3277E-02	1.4880E-02
1.1783E+05	1.3233E-02	1.5118E-02
1.2003E+05	1.3252E-02	1.5406E-02
1.2228E+05	1.3345E-02	1.5597E-02
1.2457E+05	1.3349E-02	1.5896E-02
1.2690E+05	1.3365E-02	1.6245E-02
1.2927E+05	1.3363E-02	1.6491E-02
1.3169E+05	1.3338E-02	1.6852E-02
1.3415E+05	1.3424E-02	1.7033E-02
1.3666E+05	1.3376E-02	1.7406E-02
1.3922E+05	1.3607E-02	1.7835E-02
1.4182E+05	1.3489E-02	1.8061E-02
1.4447E+05	1.3663E-02	1.8364E-02
1.4718E+05	1.3503E-02	1.8645E-02
1.4993E+05	1.3500E-02	1.9140E-02
1.5274E+05	1.3628E-02	1.9512E-02
1.5559E+05	1.3654E-02	1.9784E-02
1.5850E+05	1.3722E-02	1.9971E-02
1.6147E+05	1.3684E-02	2.0432E-02
1.6449E+05	1.3790E-02	2.0794E-02
1.6757E+05	1.3784E-02	2.1297E-02
1.7070E+05	1.3791E-02	2.1626E-02
1.7389E+05	1.3887E-02	2.2034E-02
1.7715E+05	1.3955E-02	2.2346E-02
1.8046E+05	1.3906E-02	2.2726E-02
1.8384E+05	1.3968E-02	2.3164E-02
1.8727E+05	1.4000E-02	2.3485E-02
1.9078E+05	1.4049E-02	2.4003E-02
1.9435E+05	1.3995E-02	2.4366E-02
1.9798E+05	1.4101E-02	2.4796E-02
2.0169E+05	1.4187E-02	2.5226E-02
2.0546E+05	1.4051E-02	2.5689E-02
2.0930E+05	1.4085E-02	2.6145E-02
2.1322E+05	1.4095E-02	2.6565E-02
2.1721E+05	1.4241E-02	2.6945E-02
2.2127E+05	1.4171E-02	2.7498E-02
2.2541E+05	1.4319E-02	2.8007E-02
2.2963E+05	1.4177E-02	2.8425E-02
2.3392E+05	1.4334E-02	2.9024E-02
2.3830E+05	1.4476E-02	2.9430E-02
2.4275E+05	1.4509E-02	3.0080E-02
2.4730E+05	1.4563E-02	3.0566E-02
2.5192E+05	1.4663E-02	3.1008E-02
2.5663E+05	1.4605E-02	3.1610E-02
2.6144E+05	1.4726E-02	3.2173E-02
2.6633E+05	1.4658E-02	3.2529E-02
2.7131E+05	1.4786E-02	3.3328E-02
2.7638E+05	1.4819E-02	3.3928E-02
2.8155E+05	1.4792E-02	3.4448E-02
2.8682E+05	1.4805E-02	3.5236E-02
2.9219E+05	1.4872E-02	3.5632E-02
2.9765E+05	1.5010E-02	3.6356E-02
3.0322E+05	1.4999E-02	3.7020E-02
3.0889E+05	1.4957E-02	3.7785E-02
3.1467E+05	1.4991E-02	3.8485E-02
3.2056E+05	1.5106E-02	3.9187E-02
3.2655E+05	1.5271E-02	3.9779E-02
3.3266E+05	1.5235E-02	4.0426E-02
3.3889E+05	1.5288E-02	4.1114E-02
3.4522E+05	1.5241E-02	4.1818E-02
3.5168E+05	1.5293E-02	4.2619E-02
3.5826E+05	1.5480E-02	4.3372E-02
3.6496E+05	1.5519E-02	4.4102E-02
3.7179E+05	1.5425E-02	4.5031E-02
3.7875E+05	1.5432E-02	4.5732E-02
3.8583E+05	1.5543E-02	4.6550E-02
3.9305E+05	1.5454E-02	4.7383E-02
4.0040E+05	1.5618E-02	4.8160E-02
4.0789E+05	1.5626E-02	4.9117E-02
4.1552E+05	1.5585E-02	4.9922E-02
4.2329E+05	1.5789E-02	5.0844E-02
4.3121E+05	1.5843E-02	5.1876E-02
4.3928E+05	1.5693E-02	5.2672E-02
4.4750E+05	1.5776E-02	5.3672E-02
4.5587E+05	1.5788E-02	5.4570E-02
4.6440E+05	1.5862E-02	5.5526E-02
4.7308E+05	1.5979E-02	5.6602E-02
4.8193E+05	1.6101E-02	5.7468E-02
4.9095E+05	1.6060E-02	5.8527E-02
5.0013E+05	1.6181E-02	5.9471E-02
5.0949E+05	1.6309E-02	6.0667E-02
5.1902E+05	1.6362E-02	6.1654E-02
5.2873E+05	1.6336E-02	6.2653E-02
5.3862E+05	1.6457E-02	6.3931E-02
5.4870E+05	1.6571E-02	6.4897E-02
5.5896E+05	1.6543E-02	6.6168E-02
5.6942E+05	1.6701E-02	6.7327E-02
5.8007E+05	1.6795E-02	6.8424E-02
5.9092E+05	1.6906E-02	6.9728E-02
6.0197E+05	1.6977E-02	7.1053E-02
6.1323E+05	1.7027E-02	7.2200E-02
6.2471E+05	1.7103E-02	7.3466E-02
6.3639E+05	1.7164E-02	7.4805E-02
6.4830E+05	1.7316E-02	7.6158E-02
6.6042E+05	1.7339E-02	7.7578E-02
6.7278E+05	1.7410E-02	7.9019E-02
6.8536E+05	1.7464E-02	8.0193E-02
6.9818E+05	1.7536E-02	8.1730E-02
7.1125E+05	1.7786E-02	8.3247E-02
7.2455E+05	1.7555E-02	8.4750E-02
7.3810E+05	1.7700E-02	8.6223E-02
7.5191E+05	1.7720E-02	8.7866E-02
7.6598E+05	1.7741E-02	8.9412E-02
7.8031E+05	1.7783E-02	9.1115E-02
7.9490E+05	1.7907E-02	9.2651E-02
8.0977E+05	1.7923E-02	9.4332E-02
8.2492E+05	1.8031E-02	9.5932E-02
8.4035E+05	1.8226E-02	9.7581E-02
8.5607E+05	1.8166E-02	9.9429E-02
8.7209E+05	1.8286E-02	1.0105E-01
8.8840E+05	1.8308E-02	1.0289E-01
9.0502E+05	1.8443E-02	1.0471E-01
9.2195E+05	1.8516E-02	1.0684E-01
9.3920E+05	1.8677E-02	1.0871E-01
9.5677E+05	1.8456E-02	1.1074E-01
9.7467E+05	1.8699E-02	1.1273E-01
9.9290E+05	1.8843E-02	1.1476E-01
1.0115E+06	1.8878E-02	1.1680E-01
1.0304E+06	1.8844E-02	1.1897E-01
1.0497E+06	1.9024E-02	1.2099E-01
1.0693E+06	1.9200E-02	1.2314E-01
1.0893E+06	1.9198E-02	1.2541E-01
1.1097E+06	1.9540E-02	1.2754E-01
1.1304E+06	1.9564E-02	1.3004E-01
1.1516E+06	1.9612E-02	1.3232E-01
1.1731E+06	1.9706E-02	1.3471E-01
1.1951E+06	1.9696E-02	1.3705E-01
1.2174E+06	1.9862E-02	1.3952E-01
1.2402E+06	1.9898E-02	1.4218E-01
1.2634E+06	2.0057E-02	1.4446E-01
1.2870E+06	2.0095E-02	1.4739E-01
1.3111E+06	2.0061E-02	1.5001E-01
1.3356E+06	2.0139E-02	1.5285E-01
1.3606E+06	2.0259E-02	1.5541E-01
1.3861E+06	2.0424E-02	1.5842E-01
1.4120E+06	2.0377E-02	1.6125E-01
1.4384E+06	2.0534E-02	1.6417E-01
1.4653E+06	2.0842E-02	1.6699E-01
1.4927E+06	2.1038E-02	1.6989E-01
1.5207E+06	2.1131E-02	1.7312E-01
1.5491E+06	2.1050E-02	1.7622E-01
1.5781E+06	2.1386E-02	1.7946E-01
1.6076E+06	2.1379E-02	1.8259E-01
1.6377E+06	2.1509E-02	1.8583E-01
1.6683E+06	2.1572E-02	1.8932E-01
1.6995E+06	2.1702E-02	1.9268E-01
1.7313E+06	2.1778E-02	1.9632E-01
1.7637E+06	2.1965E-02	1.9985E-01
1.7967E+06	2.2202E-02	2.0346E-01
1.8303E+06	2.2249E-02	2.0709E-01
1.8646E+06	2.2280E-02	2.1061E-01
1.8994E+06	2.2595E-02	2.1477E-01
1.9350E+06	2.2644E-02	2.1861E-01
1.9712E+06	2.2765E-02	2.2265E-01
2.0080E+06	2.2828E-02	2.2653E-01
2.0456E+06	2.3033E-02	2.3086E-01
2.0839E+06	2.3162E-02	2.3502E-01
2.1229E+06	2.3158E-02	2.3915E-01
2.1626E+06	2.3421E-02	2.4353E-01
2.2030E+06	2.3517E-02	2.4780E-01
2.2442E+06	2.3832E-02	2.5240E-01
2.2862E+06	2.3755E-02	2.5699E-01
2.3290E+06	2.4056E-02	2.6176E-01
2.3725E+06	2.4181E-02	2.6648E-01
2.4169E+06	2.4346E-02	2.7138E-01
2.4621E+06	2.4508E-02	2.7619E-01
2.5082E+06	2.4676E-02	2.8138E-01
2.5551E+06	2.4795E-02	2.8646E-01
2.6029E+06	2.4876E-02	2.9151E-01
2.6516E+06	2.5142E-02	2.9705E-01
2.7012E+06	2.5315E-02	3.0225E-01
2.7517E+06	2.5395E-02	3.0790E-01
2.8032E+06	2.5621E-02	3.1347E-01
2.8557E+06	2.5649E-02	3.1913E-01
2.9091E+06	2.5577E-02	3.2500E-01
2.9635E+06	2.5963E-02	3.3076E-01
3.0189E+06	2.5986E-02	3.3715E-01
3.0754E+06	2.6029E-02	3.4320E-01
3.1329E+06	2.6275E-02	3.4944E-01
3.1916E+06	2.6425E-02	3.5566E-01
3.2513E+06	2.6553E-02	3.6218E-01
3.3121E+06	2.6671E-02	3.6888E-01
3.3740E+06	2.6817E-02	3.7548E-01
3.4372E+06	2.7071E-02	3.8245E-01
3.5014E+06	2.7303E-02	3.8927E-01
3.5669E+06	2.7487E-02	3.9661E-01
3.6337E+06	2.7597E-02	4.0392E-01
3.7016E+06	2.7766E-02	4.1120E-01
3.7709E+06	2.7889E-02	4.1876E-01
3.8414E+06	2.8117E-02	4.2641E-01
3.9133E+06	2.8291E-02	4.3426E-01
3.9865E+06	2.8504E-02	4.4216E-01
4.0611E+06	2.8644E-02	4.5038E-01
4.1370E+06	2.8685E-02	4.5847E-01
4.2144E+06	2.9019E-02	4.6689E-01
4.2933E+06	2.9040E-02	4.7550E-01
4.3736E+06	2.9337E-02	4.8432E-01
4.4554E+06	2.9507E-02	4.9304E-01
4.5387E+06	2.9689E-02	5.0219E-01
4.6237E+06	2.9893E-02	5.1136E-01
4.7101E+06	3.0140E-02	5.2052E-01
4.7983E+06	3.0158E-02	5.3024E-01
4.8880E+06	3.0210E-02	5.3976E-01
4.9795E+06	3.0678E-02	5.4975E-01
5.0726E+06	3.0870E-02	5.5974E-01
5.1675E+06	3.1220E-02	5.7000E-01
5.2642E+06	3.1312E-02	5.8040E-01
5.3626E+06	3.1568E-02	5.9104E-01
5.4630E+06	3.1639E-02	6.0180E-01
5.5652E+06	3.1923E-02	6.1294E-01
5.6693E+06	3.2194E-02	6.2418E-01
5.7753E+06	3.2342E-02	6.3563E-01
5.8833E+06	3.2599E-02	6.4724E-01
5.9934E+06	3.2807E-02	6.5920E-01
6.1055E+06	3.3044E-02	6.7125E-01
6.2197E+06	3.3105E-02	6.8370E-01
6.3361E+06	3.3305E-02	6.9632E-01
6.4546E+06	3.3546E-02	7.0923E-01
6.5754E+06	3.3911E-02	7.2222E-01
6.6984E+06	3.3940E-02	7.3548E-01
6.8237E+06	3.4222E-02	7.4892E-01
6.9513E+06	3.4505E-02	7.6277E-01
7.0814E+06	3.4572E-02	7.7688E-01
7.2138E+06	3.4845E-02	7.9119E-01
7.3488E+06	3.5020E-02	8.0578E-01
7.4862E+06	3.5183E-02	8.2047E-01
7.6263E+06	3.5494E-02	8.3578E-01
7.7689E+06	3.5840E-02	8.5094E-01
7.9143E+06	3.6014E-02	8.6680E-01
8.0623E+06	3.6189E-02	8.8264E-01
8.2131E+06	3.6556E-02	8.9887E-01
8.3668E+06	3.6799E-02	9.1547E-01
8.5233E+06	3.7012E-02	9.3229E-01
8.6827E+06	3.7386E-02	9.4954E-01
8.8452E+06	3.7413E-02	9.6716E-01
9.0106E+06	3.7677E-02	9.8477E-01
9.1792E+06	3.7889E-02	1.0031E+00
9.3509E+06	3.8218E-02	1.0215E+00
9.5258E+06	3.8517E-02	1.0401E+00
9.7040E+06	3.8865E-02	1.0596E+00
9.8856E+06	3.8953E-02	1.0790E+00
1.0070E+07	3.9320E-02	1.0990E+00
1.0259E+07	3.9491E-02	1.1193E+00
1.0451E+07	3.9774E-02	1.1399E+00
1.0646E+07	4.0104E-02	1.1611E+00
1.0845E+07	4.0472E-02	1.1826E+00
1.1048E+07	4.0846E-02	1.2044E+00
1.1255E+07	4.0970E-02	1.2267E+00
1.1466E+07	4.1264E-02	1.2493E+00
1.1680E+07	4.1625E-02	1.2725E+00
1.1899E+07	4.1802E-02	1.2959E+00
1.2121E+07	4.1996E-02	1.3200E+00
1.2348E+07	4.2409E-02	1.3442E+00
1.2579E+07	4.2713E-02	1.3692E+00
1.2814E+07	4.2912E-02	1.3946E+00
1.3054E+07	4.3140E-02	1.4204E+00
1.3298E+07	4.3402E-02	1.4467E+00
1.3547E+07	4.4032E-02	1.4735E+00
1.3800E+07	4.4102E-02	1.5007E+00
1.4058E+07	4.4449E-02	1.5285E+00
1.4321E+07	4.4853E-02	1.5566E+00
1.4589E+07	4.4943E-02	1.5855E+00
1.4862E+07	4.5408E-02	1.6148E+00
1.5140E+07	4.5807E-02	1.6447E+00
1.5423E+07	4.6181E-02	1.6752E+00
1.5712E+07	4.6437E-02	1.7062E+00
1.6006E+07	4.6703E-02	1.7379E+00
1.6305E+07	4.7002E-02	1.7702E+00
1.6610E+07	4.7353E-02	1.8030E+00
1.6921E+07	4.7707E-02	1.8365E+00
1.7238E+07	4.7963E-02	1.8706E+00
1.7560E+07	4.8581E-02	1.9052E+00
1.7889E+07	4.8577E-02	1.9407E+00
1.8223E+07	4.8943E-02	1.9765E+00
1.8564E+07	4.9221E-02	2.0131E+00
1.8911E+07	4.9580E-02	2.0505E+00
1.9265E+07	4.9827E-02	2.0885E+00
1.9625E+07	5.0202E-02	2.1272E+00
1.9993E+07	5.0549E-02	2.1667E+00
2.0367E+07	5.1234E-02	2.2068E+00
2.0748E+07	5.1456E-02	2.2478E+00
2.1136E+07	5.1910E-02	2.2897E+00
2.1531E+07	5.2364E-02	2.3324E+00
2.1934E+07	5.2512E-02	2.3756E+00
2.2344E+07	5.3099E-02	2.4197E+00
2.2762E+07	5.3345E-02	2.4646E+00
2.3188E+07	5.3468E-02	2.5103E+00
2.3622E+07	5.3957E-02	2.5571E+00
2.4064E+07	5.4401E-02	2.6046E+00
2.4514E+07	5.4689E-02	2.6532E+00
2.4972E+07	5.5215E-02	2.7025E+00
2.5440E+07	5.5567E-02	2.7525E+00
2.5915E+07	5.5862E-02	2.8040E+00
2.6400E+07	5.5927E-02	2.8558E+00
2.6894E+07	5.6328E-02	2.9090E+00
2.7397E+07	5.6562E-02	2.9631E+00
2.7910E+07	5.7125E-02	3.0182E+00
2.8432E+07	5.7566E-02	3.0745E+00
2.8964E+07	5.8027E-02	3.1318E+00
2.9505E+07	5.8216E-02	3.1900E+00
3.0057E+07	5.8562E-02	3.2493E+00
3.0620E+07	5.9166E-02	3.3102E+00
3.1192E+07	5.9466E-02	3.3718E+00
3.1776E+07	5.9830E-02	3.4345E+00
3.2370E+07	6.0150E-02	3.4985E+00
3.2976E+07	6.0671E-02	3.5638E+00
3.3593E+07	6.0951E-02	3.6304E+00
3.4221E+07	6.1345E-02	3.6982E+00
3.4861E+07	6.1412E-02	3.7671E+00
3.5514E+07	6.1637E-02	3.8374E+00
3.6178E+07	6.2093E-02	3.9093E+00
3.6855E+07	6.2482E-02	3.9820E+00
3.7544E+07	6.2681E-02	4.0565E+00
3.8246E+07	6.3029E-02	4.1319E+00
3.8962E+07	6.3559E-02	4.2094E+00
3.9691E+07	6.3862E-02	4.2880E+00
4.0433E+07	6.4224E-02	4.3681E+00
4.1190E+07	6.4277E-02	4.4499E+00
4.1960E+07	6.4689E-02	4.5330E+00
4.2745E+07	6.4674E-02	4.6178E+00
4.3545E+07	6.4711E-02	4.7044E+00
4.4359E+07	6.4792E-02	4.7926E+00
4.5189E+07	6.4731E-02	4.8824E+00
4.6034E+07	6.4699E-02	4.9738E+00
4.6895E+07	6.4185E-02	5.0672E+00
4.7773E+07	6.3970E-02	5.1621E+00
4.8666E+07	6.3609E-02	5.2593E+00
4.9577E+07	6.3430E-02	5.3580E+00
5.0504E+07	6.2887E-02	5.4589E+00
5.1449E+07	6.2472E-02	5.5613E+00
5.2411E+07	6.2189E-02	5.6661E+00
5.3392E+07	6.1438E-02	5.7727E+00
5.4391E+07	6.0896E-02	5.8815E+00
5.5408E+07	6.0113E-02	5.9925E+00
5.6445E+07	5.9610E-02	6.1058E+00
5.7501E+07	5.8847E-02	6.2210E+00
5.8576E+07	5.8093E-02	6.3385E+00
5.9672E+07	5.7186E-02	6.4585E+00
6.0788E+07	5.6531E-02	6.5808E+00
6.1925E+07	5.5532E-02	6.7051E+00
6.3084E+07	5.4578E-02	6.8321E+00
6.4264E+07	5.3744E-02	6.9615E+00
6.5466E+07	5.2758E-02	7.0937E+00
6.6691E+07	5.1929E-02	7.2283E+00
6.7938E+07	5.0902E-02	7.3656E+00
6.9209E+07	5.0055E-02	7.5055E+00
7.0504E+07	4.9111E-02	7.6481E+00
7.1823E+07	4.8113E-02	7.7933E+00
7.3166E+07	4.7286E-02	7.9418E+00
7.4535E+07	4.6370E-02	8.0931E+00
7.5929E+07	4.5279E-02	8.2477E+00
7.7350E+07	4.4924E-02	8.4055E+00
7.8797E+07	4.4082E-02	8.5663E+00
8.0271E+07	4.3596E-02	8.7300E+00
8.1772E+07	4.2742E-02	8.8971E+00
8.3302E+07	4.2156E-02	9.0677E+00
8.4860E+07	4.1431E-02	9.2420E+00
8.6448E+07	4.2145E-02	9.4196E+00
8.8065E+07	4.1933E-02	9.6010E+00
8.9712E+07	4.1513E-02	9.7858E+00
9.1390E+07	4.1842E-02	9.9751E+00
9.3100E+07	4.2562E-02	1.0168E+01
9.4842E+07	4.3200E-02	1.0365E+01
9.6616E+07	4.4278E-02	1.0566E+01
9.8423E+07	4.5257E-02	1.0771E+01
1.0026E+08	4.5802E-02	1.0980E+01
1.0214E+08	4.6637E-02	1.1194E+01
1.0405E+08	4.7830E-02	1.1413E+01
1.0600E+08	4.9128E-02	1.1636E+01
1.0798E+08	5.0132E-02	1.1863E+01
1.1000E+08	5.2274E-02	1.2095E+01
