  4.0000000e+001  1.0000000e+000  0.0000000e+000  8.3336583e+004  3.7344119e+001
  4.0748000e+001  1.0000000e+000  0.0000000e+000  8.7490720e+004  3.7344119e+001
  4.1511000e+001  1.0000000e+000  0.0000000e+000  8.4441571e+004  3.7344119e+001
  4.2287000e+001  1.0000000e+000  0.0000000e+000  8.4950321e+004  3.7344119e+001
  4.3078000e+001  1.0000000e+000  0.0000000e+000  8.5870998e+004  3.7344119e+001
  4.3884000e+001  1.0000000e+000  0.0000000e+000  8.6240950e+004  3.7344119e+001
  4.4705000e+001  1.0000000e+000  0.0000000e+000  8.6068570e+004  3.7344119e+001
  4.5541000e+001  1.0000000e+000  0.0000000e+000  8.3624063e+004  3.7344119e+001
  4.6393000e+001  1.0000000e+000  0.0000000e+000  8.4827737e+004  3.7344119e+001
  4.7261000e+001  1.0000000e+000  0.0000000e+000  8.5444677e+004  3.7344119e+001
  4.8145000e+001  1.0000000e+000  0.0000000e+000  8.6233988e+004  3.7344119e+001
  4.9046000e+001  1.0000000e+000  0.0000000e+000  8.4900916e+004  3.7344119e+001
  4.9963000e+001  1.0000000e+000  0.0000000e+000  8.3418596e+004  3.7344119e+001
  5.0898000e+001  1.0000000e+000  0.0000000e+000  8.4047220e+004  3.7344119e+001
  5.1850000e+001  1.0000000e+000  0.0000000e+000  8.5318107e+004  3.7344119e+001
  5.2820000e+001  1.0000000e+000  0.0000000e+000  8.5228359e+004  3.7344119e+001
  5.3808000e+001  1.0000000e+000  0.0000000e+000  8.5155792e+004  3.7344119e+001
  5.4815000e+001  1.0000000e+000  0.0000000e+000  8.4624021e+004  3.7344119e+001
  5.5840000e+001  1.0000000e+000  0.0000000e+000  8.5540417e+004  3.7344119e+001
  5.6885000e+001  1.0000000e+000  0.0000000e+000  8.4694317e+004  3.7344119e+001
  5.7949000e+001  1.0000000e+000  0.0000000e+000  8.5381844e+004  3.7344119e+001
  5.9033000e+001  1.0000000e+000  0.0000000e+000  8.5023624e+004  3.7344119e+001
  6.0137000e+001  1.0000000e+000  0.0000000e+000  8.5098716e+004  3.7344119e+001
  6.1262000e+001  1.0000000e+000  0.0000000e+000  8.3930333e+004  3.7344119e+001
  6.2408000e+001  1.0000000e+000  0.0000000e+000  8.4867585e+004  3.7344119e+001
  6.3575000e+001  1.0000000e+000  0.0000000e+000  8.4866903e+004  3.7344119e+001
  6.4765000e+001  1.0000000e+000  0.0000000e+000  8.5459693e+004  3.7344119e+001
  6.5976000e+001  1.0000000e+000  0.0000000e+000  8.4865266e+004  3.7344119e+001
  6.7210000e+001  1.0000000e+000  0.0000000e+000  8.5233351e+004  3.7344119e+001
  6.8468000e+001  1.0000000e+000  0.0000000e+000  8.4860490e+004  3.7344119e+001
  6.9749000e+001  1.0000000e+000  0.0000000e+000  8.4584392e+004  3.7344119e+001
  7.1053000e+001  1.0000000e+000  0.0000000e+000  8.5166762e+004  3.7344119e+001
  7.2382000e+001  1.0000000e+000  0.0000000e+000  8.5208821e+004  3.7344119e+001
  7.3736000e+001  1.0000000e+000  0.0000000e+000  8.5253510e+004  3.7344119e+001
  7.5116000e+001  1.0000000e+000  0.0000000e+000  8.5085113e+004  3.7344119e+001
  7.6521000e+001  1.0000000e+000  0.0000000e+000  8.5672927e+004  3.7344119e+001
  7.7952000e+001  1.0000000e+000  0.0000000e+000  8.4986891e+004  3.7344119e+001
  7.9411000e+001  1.0000000e+000  0.0000000e+000  8.5287612e+004  3.7344119e+001
  8.0896000e+001  1.0000000e+000  0.0000000e+000  8.4991537e+004  3.7344119e+001
  8.2410000e+001  1.0000000e+000  0.0000000e+000  8.4986999e+004  3.7344119e+001
  8.3951000e+001  1.0000000e+000  0.0000000e+000  8.4607268e+004  3.7344119e+001
  8.5522000e+001  1.0000000e+000  0.0000000e+000  8.4990414e+004  3.7344119e+001
  8.7121000e+001  1.0000000e+000  0.0000000e+000  8.5476590e+004  3.7344119e+001
  8.8751000e+001  1.0000000e+000  0.0000000e+000  8.5573464e+004  3.7344119e+001
  9.0411000e+001  1.0000000e+000  0.0000000e+000  8.4939675e+004  3.7344119e+001
  9.2103000e+001  1.0000000e+000  0.0000000e+000  8.4671439e+004  3.7344119e+001
  9.3826000e+001  1.0000000e+000  0.0000000e+000  8.4474020e+004  3.7344119e+001
  9.5581000e+001  1.0000000e+000  0.0000000e+000  8.5508234e+004  3.7344119e+001
  9.7369000e+001  1.0000000e+000  0.0000000e+000  8.5603921e+004  3.7344119e+001
  9.9190000e+001  1.0000000e+000  0.0000000e+000  8.4570240e+004  3.7344119e+001
  1.0105000e+002  1.0000000e+000  0.0000000e+000  8.5345885e+004  3.7344119e+001
  1.0294000e+002  1.0000000e+000  0.0000000e+000  8.5039172e+004  3.7344119e+001
  1.0486000e+002  1.0000000e+000  0.0000000e+000  8.4583404e+004  3.7344119e+001
  1.0682000e+002  1.0000000e+000  0.0000000e+000  8.4936109e+004  3.7344119e+001
  1.0882000e+002  1.0000000e+000  0.0000000e+000  8.4891707e+004  3.7344119e+001
  1.1086000e+002  1.0000000e+000  0.0000000e+000  8.4814932e+004  3.7344119e+001
  1.1293000e+002  1.0000000e+000  0.0000000e+000  8.5013144e+004  3.7344119e+001
  1.1504000e+002  1.0000000e+000  0.0000000e+000  8.4786866e+004  3.7344119e+001
  1.1720000e+002  1.0000000e+000  0.0000000e+000  8.4916372e+004  3.7344119e+001
  1.1939000e+002  1.0000000e+000  0.0000000e+000  8.5349753e+004  3.7344119e+001
  1.2162000e+002  1.0000000e+000  0.0000000e+000  8.4892326e+004  3.7344119e+001
  1.2390000e+002  1.0000000e+000  0.0000000e+000  8.5242281e+004  3.7344119e+001
  1.2621000e+002  1.0000000e+000  0.0000000e+000  8.4639923e+004  3.7344119e+001
  1.2858000e+002  1.0000000e+000  0.0000000e+000  8.5187880e+004  3.7344119e+001
  1.3098000e+002  1.0000000e+000  0.0000000e+000  8.4882256e+004  3.7344119e+001
  1.3343000e+002  1.0000000e+000  0.0000000e+000  8.4842048e+004  3.7344119e+001
  1.3593000e+002  1.0000000e+000  0.0000000e+000  8.4802179e+004  3.7344119e+001
  1.3847000e+002  1.0000000e+000  0.0000000e+000  8.4688174e+004  3.7344119e+001
  1.4106000e+002  1.0000000e+000  0.0000000e+000  8.5096651e+004  3.7344119e+001
  1.4370000e+002  1.0000000e+000  0.0000000e+000  8.4762264e+004  3.7344119e+001
  1.4639000e+002  1.0000000e+000  0.0000000e+000  8.4954090e+004  3.7344119e+001
  1.4913000e+002  1.0000000e+000  0.0000000e+000  8.4802771e+004  3.7344119e+001
  1.5192000e+002  1.0000000e+000  0.0000000e+000  8.4970127e+004  3.7344119e+001
  1.5476000e+002  1.0000000e+000  0.0000000e+000  8.4803448e+004  3.7344119e+001
  1.5765000e+002  1.0000000e+000  0.0000000e+000  8.4807300e+004  3.7344119e+001
  1.6060000e+002  1.0000000e+000  0.0000000e+000  8.4654791e+004  3.7344119e+001
  1.6361000e+002  1.0000000e+000  0.0000000e+000  8.5050689e+004  3.7344119e+001
  1.6667000e+002  1.0000000e+000  0.0000000e+000  8.4722491e+004  3.7344119e+001
  1.6978000e+002  1.0000000e+000  0.0000000e+000  8.4826601e+004  3.7344119e+001
  1.7296000e+002  1.0000000e+000  0.0000000e+000  8.4586828e+004  3.7344119e+001
  1.7620000e+002  1.0000000e+000  0.0000000e+000  8.4922108e+004  3.7344119e+001
  1.7949000e+002  1.0000000e+000  0.0000000e+000  8.4818439e+004  3.7344119e+001
  1.8285000e+002  1.0000000e+000  0.0000000e+000  8.4692082e+004  3.7344119e+001
  1.8627000e+002  1.0000000e+000  0.0000000e+000  8.4797754e+004  3.7344119e+001
  1.8975000e+002  1.0000000e+000  0.0000000e+000  8.4588124e+004  3.7344119e+001
  1.9330000e+002  1.0000000e+000  0.0000000e+000  8.4762823e+004  3.7344119e+001
  1.9692000e+002  1.0000000e+000  0.0000000e+000  8.4823368e+004  3.7344119e+001
  2.0060000e+002  1.0000000e+000  0.0000000e+000  8.4681407e+004  3.7344119e+001
  2.0436000e+002  1.0000000e+000  0.0000000e+000  8.4799832e+004  3.7344119e+001
  2.0818000e+002  1.0000000e+000  0.0000000e+000  8.4764203e+004  3.7344119e+001
  2.1207000e+002  1.0000000e+000  0.0000000e+000  8.4807124e+004  3.7344119e+001
  2.1604000e+002  1.0000000e+000  0.0000000e+000  8.4633619e+004  3.7344119e+001
  2.2008000e+002  1.0000000e+000  0.0000000e+000  8.4569585e+004  3.7344119e+001
  2.2420000e+002  1.0000000e+000  0.0000000e+000  8.4475127e+004  3.7344119e+001
  2.2839000e+002  1.0000000e+000  0.0000000e+000  8.4680759e+004  3.7344119e+001
  2.3267000e+002  1.0000000e+000  0.0000000e+000  8.4824044e+004  3.7344119e+001
  2.3702000e+002  1.0000000e+000  0.0000000e+000  8.4543062e+004  3.7344119e+001
  2.4145000e+002  1.0000000e+000  0.0000000e+000  8.4704643e+004  3.7344119e+001
  2.4597000e+002  1.0000000e+000  0.0000000e+000  8.4612880e+004  3.7344119e+001
  2.5057000e+002  1.0000000e+000  0.0000000e+000  8.4705813e+004  3.7344119e+001
  2.5526000e+002  1.0000000e+000  0.0000000e+000  8.4780959e+004  3.7344119e+001
  2.6003000e+002  1.0000000e+000  0.0000000e+000  8.4834825e+004  3.7344119e+001
  2.6490000e+002  1.0000000e+000  0.0000000e+000  8.4710372e+004  3.7344119e+001
  2.6985000e+002  1.0000000e+000  0.0000000e+000  8.4916807e+004  3.7344119e+001
  2.7490000e+002  1.0000000e+000  0.0000000e+000  8.4873321e+004  3.7344119e+001
  2.8004000e+002  1.0000000e+000  0.0000000e+000  8.4804716e+004  3.7344119e+001
  2.8528000e+002  1.0000000e+000  0.0000000e+000  8.4685318e+004  3.7344119e+001
  2.9062000e+002  1.0000000e+000  0.0000000e+000  8.4680120e+004  3.7344119e+001
  2.9605000e+002  1.0000000e+000  0.0000000e+000  8.4681321e+004  3.7344119e+001
  3.0159000e+002  1.0000000e+000  0.0000000e+000  8.4677037e+004  3.7344119e+001
  3.0723000e+002  1.0000000e+000  0.0000000e+000  8.4581555e+004  3.7344119e+001
  3.1298000e+002  1.0000000e+000  0.0000000e+000  8.4704442e+004  3.7344119e+001
  3.1884000e+002  1.0000000e+000  0.0000000e+000  8.4636049e+004  3.7344119e+001
  3.2480000e+002  1.0000000e+000  0.0000000e+000  8.4653236e+004  3.7344119e+001
  3.3088000e+002  1.0000000e+000  0.0000000e+000  8.4675530e+004  3.7344119e+001
  3.3707000e+002  1.0000000e+000  0.0000000e+000  8.4669288e+004  3.7344119e+001
  3.4337000e+002  1.0000000e+000  0.0000000e+000  8.4582072e+004  3.7344119e+001
  3.4979000e+002  1.0000000e+000  0.0000000e+000  8.4663719e+004  3.7344119e+001
  3.5634000e+002  1.0000000e+000  0.0000000e+000  8.4592659e+004  3.7344119e+001
  3.6300000e+002  1.0000000e+000  0.0000000e+000  8.4779545e+004  3.7344119e+001
  3.6979000e+002  1.0000000e+000  0.0000000e+000  8.4613492e+004  3.7344119e+001
  3.7671000e+002  1.0000000e+000  0.0000000e+000  8.4652988e+004  3.7344119e+001
  3.8376000e+002  1.0000000e+000  0.0000000e+000  8.4621596e+004  3.7344119e+001
  3.9094000e+002  1.0000000e+000  0.0000000e+000  8.4682689e+004  3.7344119e+001
  3.9825000e+002  1.0000000e+000  0.0000000e+000  8.4533261e+004  3.7344119e+001
  4.0570000e+002  1.0000000e+000  0.0000000e+000  8.4631516e+004  3.7344119e+001
  4.1329000e+002  1.0000000e+000  0.0000000e+000  8.4576081e+004  3.7344119e+001
  4.2102000e+002  1.0000000e+000  0.0000000e+000  8.4542876e+004  3.7344119e+001
  4.2890000e+002  1.0000000e+000  0.0000000e+000  8.4611939e+004  3.7344119e+001
  4.3692000e+002  1.0000000e+000  0.0000000e+000  8.4627395e+004  3.7344119e+001
  4.4509000e+002  1.0000000e+000  0.0000000e+000  8.4670054e+004  3.7344119e+001
  4.5342000e+002  1.0000000e+000  0.0000000e+000  8.4513165e+004  3.7344119e+001
  4.6190000e+002  1.0000000e+000  0.0000000e+000  8.4582424e+004  3.7344119e+001
  4.7054000e+002  1.0000000e+000  0.0000000e+000  8.4609452e+004  3.7344119e+001
  4.7935000e+002  1.0000000e+000  0.0000000e+000  8.4549980e+004  3.7344119e+001
  4.8831000e+002  1.0000000e+000  0.0000000e+000  8.4581258e+004  3.7344119e+001
  4.9745000e+002  1.0000000e+000  0.0000000e+000  8.4415622e+004  3.7344119e+001
  5.0675000e+002  1.0000000e+000  0.0000000e+000  8.4538844e+004  3.7344119e+001
  5.1623000e+002  1.0000000e+000  0.0000000e+000  8.4600056e+004  3.7344119e+001
  5.2589000e+002  1.0000000e+000  0.0000000e+000  8.4536945e+004  3.7344119e+001
  5.3573000e+002  1.0000000e+000  0.0000000e+000  8.4533502e+004  3.7344119e+001
  5.4575000e+002  1.0000000e+000  0.0000000e+000  8.4570357e+004  3.6919899e+001
  5.5596000e+002  1.0000000e+000  0.0000000e+000  8.4546474e+004  9.4613753e+001
  5.6636000e+002  1.0000000e+000  0.0000000e+000  8.4581711e+004  1.9897582e+002
  5.7695000e+002  1.0000000e+000  0.0000000e+000  8.4545280e+004  2.4353638e+002
  5.8775000e+002  1.0000000e+000  0.0000000e+000  8.4556981e+004  3.1065841e+002
  5.9874000e+002  1.0000000e+000  0.0000000e+000  8.4517400e+004  4.2884467e+002
  6.0994000e+002  1.0000000e+000  0.0000000e+000  8.4530818e+004  4.8177681e+002
  6.2135000e+002  1.0000000e+000  0.0000000e+000  8.4487532e+004  5.4180310e+002
  6.3297000e+002  1.0000000e+000  0.0000000e+000  8.4485334e+004  6.9214618e+002
  6.4482000e+002  1.0000000e+000  0.0000000e+000  8.4465932e+004  6.7721425e+002
  6.5688000e+002  1.0000000e+000  0.0000000e+000  8.4471743e+004  7.6304580e+002
  6.6917000e+002  1.0000000e+000  0.0000000e+000  8.4480486e+004  9.1317380e+002
  6.8168000e+002  1.0000000e+000  0.0000000e+000  8.4522107e+004  9.5710075e+002
  6.9444000e+002  1.0000000e+000  0.0000000e+000  8.4462220e+004  9.9138164e+002
  7.0743000e+002  1.0000000e+000  0.0000000e+000  8.4406261e+004  1.1188644e+003
  7.2066000e+002  1.0000000e+000  0.0000000e+000  8.4477317e+004  1.1982843e+003
  7.3414000e+002  1.0000000e+000  0.0000000e+000  8.4464273e+004  1.2841218e+003
  7.4787000e+002  1.0000000e+000  0.0000000e+000  8.4386406e+004  1.3339814e+003
  7.6186000e+002  1.0000000e+000  0.0000000e+000  8.4409606e+004  1.3593373e+003
  7.7612000e+002  1.0000000e+000  0.0000000e+000  8.4439539e+004  1.4846151e+003
  7.9063000e+002  1.0000000e+000  0.0000000e+000  8.4418727e+004  1.5060831e+003
  8.0543000e+002  1.0000000e+000  0.0000000e+000  8.4396723e+004  1.6459967e+003
  8.2049000e+002  1.0000000e+000  0.0000000e+000  8.4368598e+004  1.6822850e+003
  8.3584000e+002  1.0000000e+000  0.0000000e+000  8.4362037e+004  1.7461089e+003
  8.5148000e+002  1.0000000e+000  0.0000000e+000  8.4370795e+004  1.8038741e+003
  8.6740000e+002  1.0000000e+000  0.0000000e+000  8.4322248e+004  1.9580391e+003
  8.8363000e+002  1.0000000e+000  0.0000000e+000  8.4350494e+004  1.9692945e+003
  9.0016000e+002  1.0000000e+000  0.0000000e+000  8.4343539e+004  2.0636709e+003
  9.1700000e+002  1.0000000e+000  0.0000000e+000  8.4316740e+004  2.1202756e+003
  9.3415000e+002  1.0000000e+000  0.0000000e+000  8.4323838e+004  2.1722082e+003
  9.5163000e+002  1.0000000e+000  0.0000000e+000  8.4309467e+004  2.2835182e+003
  9.6943000e+002  1.0000000e+000  0.0000000e+000  8.4277015e+004  2.3491906e+003
  9.8757000e+002  1.0000000e+000  0.0000000e+000  8.4272878e+004  2.4503028e+003
  1.0060000e+003  1.0000000e+000  0.0000000e+000  8.4276460e+004  2.5223958e+003
  1.0249000e+003  1.0000000e+000  0.0000000e+000  8.4291794e+004  2.5444281e+003
  1.0440000e+003  1.0000000e+000  0.0000000e+000  8.4239673e+004  2.6464694e+003
  1.0636000e+003  1.0000000e+000  0.0000000e+000  8.4273169e+004  2.7076772e+003
  1.0835000e+003  1.0000000e+000  0.0000000e+000  8.4231109e+004  2.7861458e+003
  1.1037000e+003  1.0000000e+000  0.0000000e+000  8.4220421e+004  2.9102809e+003
  1.1244000e+003  1.0000000e+000  0.0000000e+000  8.4227665e+004  2.9566101e+003
  1.1454000e+003  1.0000000e+000  0.0000000e+000  8.4215504e+004  3.0270986e+003
  1.1668000e+003  1.0000000e+000  0.0000000e+000  8.4215573e+004  3.0938351e+003
  1.1887000e+003  1.0000000e+000  0.0000000e+000  8.4154243e+004  3.2150409e+003
  1.2109000e+003  1.0000000e+000  0.0000000e+000  8.4163940e+004  3.2831784e+003
  1.2335000e+003  1.0000000e+000  0.0000000e+000  8.4153385e+004  3.3791451e+003
  1.2566000e+003  1.0000000e+000  0.0000000e+000  8.4124916e+004  3.4190518e+003
  1.2801000e+003  1.0000000e+000  0.0000000e+000  8.4130602e+004  3.5189802e+003
  1.3041000e+003  1.0000000e+000  0.0000000e+000  8.4100508e+004  3.6054424e+003
  1.3285000e+003  1.0000000e+000  0.0000000e+000  8.4097018e+004  3.6823003e+003
  1.3533000e+003  1.0000000e+000  0.0000000e+000  8.4089330e+004  3.7780700e+003
  1.3786000e+003  1.0000000e+000  0.0000000e+000  8.4058635e+004  3.8493291e+003
  1.4044000e+003  1.0000000e+000  0.0000000e+000  8.4043668e+004  3.9590314e+003
  1.4307000e+003  1.0000000e+000  0.0000000e+000  8.4026775e+004  4.0204820e+003
  1.4575000e+003  1.0000000e+000  0.0000000e+000  8.3969581e+004  4.0958092e+003
  1.4847000e+003  1.0000000e+000  0.0000000e+000  8.3994453e+004  4.1896314e+003
  1.5125000e+003  1.0000000e+000  0.0000000e+000  8.3963315e+004  4.2584564e+003
  1.5408000e+003  1.0000000e+000  0.0000000e+000  8.3947299e+004  4.3559125e+003
  1.5696000e+003  1.0000000e+000  0.0000000e+000  8.3910489e+004  4.4720649e+003
  1.5990000e+003  1.0000000e+000  0.0000000e+000  8.3910606e+004  4.5518684e+003
  1.6289000e+003  1.0000000e+000  0.0000000e+000  8.3896894e+004  4.6479491e+003
  1.6594000e+003  1.0000000e+000  0.0000000e+000  8.3869067e+004  4.7279992e+003
  1.6904000e+003  1.0000000e+000  0.0000000e+000  8.3865021e+004  4.8410796e+003
  1.7220000e+003  1.0000000e+000  0.0000000e+000  8.3820521e+004  4.9230967e+003
  1.7542000e+003  1.0000000e+000  0.0000000e+000  8.3814210e+004  5.0256556e+003
  1.7871000e+003  1.0000000e+000  0.0000000e+000  8.3787853e+004  5.0971668e+003
  1.8205000e+003  1.0000000e+000  0.0000000e+000  8.3750980e+004  5.2245185e+003
  1.8545000e+003  1.0000000e+000  0.0000000e+000  8.3748811e+004  5.3138219e+003
  1.8892000e+003  1.0000000e+000  0.0000000e+000  8.3709385e+004  5.4178239e+003
  1.9246000e+003  1.0000000e+000  0.0000000e+000  8.3688707e+004  5.5087482e+003
  1.9606000e+003  1.0000000e+000  0.0000000e+000  8.3682537e+004  5.6153202e+003
  1.9973000e+003  1.0000000e+000  0.0000000e+000  8.3620129e+004  5.7032788e+003
  2.0346000e+003  1.0000000e+000  0.0000000e+000  8.3622796e+004  5.8128232e+003
  2.0727000e+003  1.0000000e+000  0.0000000e+000  8.3593391e+004  5.9316241e+003
  2.1115000e+003  1.0000000e+000  0.0000000e+000  8.3556302e+004  6.0323093e+003
  2.1510000e+003  1.0000000e+000  0.0000000e+000  8.3536498e+004  6.1150148e+003
  2.1912000e+003  1.0000000e+000  0.0000000e+000  8.3504336e+004  6.2482566e+003
  2.2322000e+003  1.0000000e+000  0.0000000e+000  8.3464745e+004  6.3424599e+003
  2.2739000e+003  1.0000000e+000  0.0000000e+000  8.3443841e+004  6.4559856e+003
  2.3165000e+003  1.0000000e+000  0.0000000e+000  8.3396799e+004  6.5699533e+003
  2.3598000e+003  1.0000000e+000  0.0000000e+000  8.3387723e+004  6.6856820e+003
  2.4040000e+003  1.0000000e+000  0.0000000e+000  8.3336802e+004  6.8182081e+003
  2.4489000e+003  1.0000000e+000  0.0000000e+000  8.3312818e+004  6.9154210e+003
  2.4947000e+003  1.0000000e+000  0.0000000e+000  8.3268984e+004  7.0566376e+003
  2.5414000e+003  1.0000000e+000  0.0000000e+000  8.3234843e+004  7.1651674e+003
  2.5889000e+003  1.0000000e+000  0.0000000e+000  8.3185342e+004  7.2852349e+003
  2.6374000e+003  1.0000000e+000  0.0000000e+000  8.3140271e+004  7.4065532e+003
  2.6867000e+003  1.0000000e+000  0.0000000e+000  8.3111668e+004  7.5333951e+003
  2.7370000e+003  1.0000000e+000  0.0000000e+000  8.3066867e+004  7.6621851e+003
  2.7882000e+003  1.0000000e+000  0.0000000e+000  8.3024569e+004  7.7921270e+003
  2.8403000e+003  1.0000000e+000  0.0000000e+000  8.2991648e+004  7.9172596e+003
  2.8935000e+003  1.0000000e+000  0.0000000e+000  8.2938122e+004  8.0480161e+003
  2.9476000e+003  1.0000000e+000  0.0000000e+000  8.2903866e+004  8.1996244e+003
  3.0027000e+003  1.0000000e+000  0.0000000e+000  8.2860263e+004  8.3254702e+003
  3.0589000e+003  1.0000000e+000  0.0000000e+000  8.2798842e+004  8.4605896e+003
  3.1161000e+003  1.0000000e+000  0.0000000e+000  8.2753009e+004  8.6021534e+003
  3.1744000e+003  1.0000000e+000  0.0000000e+000  8.2704535e+004  8.7354732e+003
  3.2338000e+003  1.0000000e+000  0.0000000e+000  8.2645254e+004  8.8777315e+003
  3.2943000e+003  1.0000000e+000  0.0000000e+000  8.2606223e+004  9.0283024e+003
  3.3559000e+003  1.0000000e+000  0.0000000e+000  8.2537223e+004  9.1652286e+003
  3.4187000e+003  1.0000000e+000  0.0000000e+000  8.2484620e+004  9.3189385e+003
  3.4826000e+003  1.0000000e+000  0.0000000e+000  8.2441859e+004  9.4734825e+003
  3.5478000e+003  1.0000000e+000  0.0000000e+000  8.2364720e+004  9.6192834e+003
  3.6142000e+003  1.0000000e+000  0.0000000e+000  8.2307452e+004  9.7759213e+003
  3.6818000e+003  1.0000000e+000  0.0000000e+000  8.2246721e+004  9.9329706e+003
  3.7506000e+003  1.0000000e+000  0.0000000e+000  8.2200799e+004  1.0094917e+004
  3.8208000e+003  1.0000000e+000  0.0000000e+000  8.2124093e+004  1.0249141e+004
  3.8923000e+003  1.0000000e+000  0.0000000e+000  8.2060432e+004  1.0425661e+004
  3.9651000e+003  1.0000000e+000  0.0000000e+000  8.1987096e+004  1.0582580e+004
  4.0393000e+003  1.0000000e+000  0.0000000e+000  8.1911212e+004  1.0737449e+004
  4.1148000e+003  1.0000000e+000  0.0000000e+000  8.1847685e+004  1.0909508e+004
  4.1918000e+003  1.0000000e+000  0.0000000e+000  8.1767656e+004  1.1090631e+004
  4.2702000e+003  1.0000000e+000  0.0000000e+000  8.1693847e+004  1.1268876e+004
  4.3501000e+003  1.0000000e+000  0.0000000e+000  8.1620442e+004  1.1442610e+004
  4.4315000e+003  1.0000000e+000  0.0000000e+000  8.1530141e+004  1.1613953e+004
  4.5144000e+003  1.0000000e+000  0.0000000e+000  8.1446824e+004  1.1790329e+004
  4.5988000e+003  1.0000000e+000  0.0000000e+000  8.1366606e+004  1.1976450e+004
  4.6848000e+003  1.0000000e+000  0.0000000e+000  8.1281532e+004  1.2165489e+004
  4.7725000e+003  1.0000000e+000  0.0000000e+000  8.1184977e+004  1.2346340e+004
  4.8618000e+003  1.0000000e+000  0.0000000e+000  8.1093329e+004  1.2534883e+004
  4.9527000e+003  1.0000000e+000  0.0000000e+000  8.0998993e+004  1.2722632e+004
  5.0454000e+003  1.0000000e+000  0.0000000e+000  8.0907124e+004  1.2908447e+004
  5.1397000e+003  1.0000000e+000  0.0000000e+000  8.0805136e+004  1.3118106e+004
  5.2359000e+003  1.0000000e+000  0.0000000e+000  8.0697093e+004  1.3307850e+004
  5.3338000e+003  1.0000000e+000  0.0000000e+000  8.0601701e+004  1.3518173e+004
  5.4336000e+003  1.0000000e+000  0.0000000e+000  8.0493878e+004  1.3722844e+004
  5.5353000e+003  1.0000000e+000  0.0000000e+000  8.0386952e+004  1.3919413e+004
  5.6388000e+003  1.0000000e+000  0.0000000e+000  8.0269197e+004  1.4127532e+004
  5.7443000e+003  1.0000000e+000  0.0000000e+000  8.0154980e+004  1.4332008e+004
  5.8517000e+003  1.0000000e+000  0.0000000e+000  8.0036980e+004  1.4547823e+004
  5.9612000e+003  1.0000000e+000  0.0000000e+000  7.9908969e+004  1.4752335e+004
  6.0727000e+003  1.0000000e+000  0.0000000e+000  7.9783710e+004  1.4976023e+004
  6.1863000e+003  1.0000000e+000  0.0000000e+000  7.9661039e+004  1.5192628e+004
  6.3021000e+003  1.0000000e+000  0.0000000e+000  7.9514719e+004  1.5423206e+004
  6.4199000e+003  1.0000000e+000  0.0000000e+000  7.9391516e+004  1.5646061e+004
  6.5400000e+003  1.0000000e+000  0.0000000e+000  7.9244698e+004  1.5867522e+004
  6.6624000e+003  1.0000000e+000  0.0000000e+000  7.9103615e+004  1.6097309e+004
  6.7870000e+003  1.0000000e+000  0.0000000e+000  7.8959587e+004  1.6336426e+004
  6.9140000e+003  1.0000000e+000  0.0000000e+000  7.8797832e+004  1.6557096e+004
  7.0433000e+003  1.0000000e+000  0.0000000e+000  7.8654073e+004  1.6802556e+004
  7.1751000e+003  1.0000000e+000  0.0000000e+000  7.8490967e+004  1.7033976e+004
  7.3093000e+003  1.0000000e+000  0.0000000e+000  7.8332881e+004  1.7275726e+004
  7.4460000e+003  1.0000000e+000  0.0000000e+000  7.8168073e+004  1.7516315e+004
  7.5853000e+003  1.0000000e+000  0.0000000e+000  7.7995887e+004  1.7748987e+004
  7.7272000e+003  1.0000000e+000  0.0000000e+000  7.7816707e+004  1.8011663e+004
  7.8718000e+003  1.0000000e+000  0.0000000e+000  7.7634353e+004  1.8247774e+004
  8.0190000e+003  1.0000000e+000  0.0000000e+000  7.7454230e+004  1.8503152e+004
  8.1690000e+003  1.0000000e+000  0.0000000e+000  7.7263948e+004  1.8746063e+004
  8.3218000e+003  1.0000000e+000  0.0000000e+000  7.7074023e+004  1.9003482e+004
  8.4775000e+003  1.0000000e+000  0.0000000e+000  7.6874361e+004  1.9244801e+004
  8.6361000e+003  1.0000000e+000  0.0000000e+000  7.6668239e+004  1.9507359e+004
  8.7977000e+003  1.0000000e+000  0.0000000e+000  7.6461846e+004  1.9769194e+004
  8.9622000e+003  1.0000000e+000  0.0000000e+000  7.6245291e+004  2.0024992e+004
  9.1299000e+003  1.0000000e+000  0.0000000e+000  7.6016620e+004  2.0291417e+004
  9.3007000e+003  1.0000000e+000  0.0000000e+000  7.5794798e+004  2.0541247e+004
  9.4747000e+003  1.0000000e+000  0.0000000e+000  7.5558750e+004  2.0814832e+004
  9.6519000e+003  1.0000000e+000  0.0000000e+000  7.5330843e+004  2.1088595e+004
  9.8325000e+003  1.0000000e+000  0.0000000e+000  7.5093813e+004  2.1346428e+004
  1.0016000e+004  1.0000000e+000  0.0000000e+000  7.4832337e+004  2.1620342e+004
  1.0204000e+004  1.0000000e+000  0.0000000e+000  7.4587218e+004  2.1871306e+004
  1.0395000e+004  1.0000000e+000  0.0000000e+000  7.4331222e+004  2.2148457e+004
  1.0589000e+004  1.0000000e+000  0.0000000e+000  7.4076290e+004  2.2415756e+004
  1.0787000e+004  1.0000000e+000  0.0000000e+000  7.3816836e+004  2.2682469e+004
  1.0989000e+004  1.0000000e+000  0.0000000e+000  7.3525071e+004  2.2957130e+004
  1.1195000e+004  1.0000000e+000  0.0000000e+000  7.3244787e+004  2.3230812e+004
  1.1404000e+004  1.0000000e+000  0.0000000e+000  7.2959102e+004  2.3484295e+004
  1.1617000e+004  1.0000000e+000  0.0000000e+000  7.2667754e+004  2.3768850e+004
  1.1835000e+004  1.0000000e+000  0.0000000e+000  7.2366198e+004  2.4029760e+004
  1.2056000e+004  1.0000000e+000  0.0000000e+000  7.2079036e+004  2.4298766e+004
  1.2282000e+004  1.0000000e+000  0.0000000e+000  7.1757301e+004  2.4579318e+004
  1.2511000e+004  1.0000000e+000  0.0000000e+000  7.1442448e+004  2.4856884e+004
  1.2745000e+004  1.0000000e+000  0.0000000e+000  7.1118216e+004  2.5124479e+004
  1.2984000e+004  1.0000000e+000  0.0000000e+000  7.0783106e+004  2.5390875e+004
  1.3227000e+004  1.0000000e+000  0.0000000e+000  7.0444334e+004  2.5661561e+004
  1.3474000e+004  1.0000000e+000  0.0000000e+000  7.0100223e+004  2.5929554e+004
  1.3726000e+004  1.0000000e+000  0.0000000e+000  6.9752218e+004  2.6184971e+004
  1.3983000e+004  1.0000000e+000  0.0000000e+000  6.9388150e+004  2.6451771e+004
  1.4244000e+004  1.0000000e+000  0.0000000e+000  6.9027463e+004  2.6713984e+004
  1.4511000e+004  1.0000000e+000  0.0000000e+000  6.8656838e+004  2.6977974e+004
  1.4782000e+004  1.0000000e+000  0.0000000e+000  6.8277812e+004  2.7240411e+004
  1.5059000e+004  1.0000000e+000  0.0000000e+000  6.7897464e+004  2.7487809e+004
  1.5341000e+004  1.0000000e+000  0.0000000e+000  6.7498930e+004  2.7744966e+004
  1.5628000e+004  1.0000000e+000  0.0000000e+000  6.7100281e+004  2.7997871e+004
  1.5920000e+004  1.0000000e+000  0.0000000e+000  6.6699242e+004  2.8247783e+004
  1.6218000e+004  1.0000000e+000  0.0000000e+000  6.6287281e+004  2.8497645e+004
  1.6521000e+004  1.0000000e+000  0.0000000e+000  6.5876388e+004  2.8737878e+004
  1.6830000e+004  1.0000000e+000  0.0000000e+000  6.5448029e+004  2.8988710e+004
  1.7145000e+004  1.0000000e+000  0.0000000e+000  6.5020413e+004  2.9222223e+004
  1.7466000e+004  1.0000000e+000  0.0000000e+000  6.4577663e+004  2.9463289e+004
  1.7792000e+004  1.0000000e+000  0.0000000e+000  6.4143889e+004  2.9694976e+004
  1.8125000e+004  1.0000000e+000  0.0000000e+000  6.3688095e+004  2.9911984e+004
  1.8464000e+004  1.0000000e+000  0.0000000e+000  6.3232886e+004  3.0141437e+004
  1.8810000e+004  1.0000000e+000  0.0000000e+000  6.2770782e+004  3.0355317e+004
  1.9162000e+004  1.0000000e+000  0.0000000e+000  6.2300442e+004  3.0559598e+004
  1.9520000e+004  1.0000000e+000  0.0000000e+000  6.1827676e+004  3.0768549e+004
  1.9885000e+004  1.0000000e+000  0.0000000e+000  6.1343427e+004  3.0971212e+004
  2.0257000e+004  1.0000000e+000  0.0000000e+000  6.0857550e+004  3.1170799e+004
  2.0636000e+004  1.0000000e+000  0.0000000e+000  6.0361773e+004  3.1367394e+004
  2.1022000e+004  1.0000000e+000  0.0000000e+000  5.9868092e+004  3.1552717e+004
  2.1415000e+004  1.0000000e+000  0.0000000e+000  5.9360105e+004  3.1740495e+004
  2.1816000e+004  1.0000000e+000  0.0000000e+000  5.8856637e+004  3.1912479e+004
  2.2224000e+004  1.0000000e+000  0.0000000e+000  5.8340985e+004  3.2085369e+004
  2.2640000e+004  1.0000000e+000  0.0000000e+000  5.7818886e+004  3.2247379e+004
  2.3063000e+004  1.0000000e+000  0.0000000e+000  5.7294183e+004  3.2411814e+004
  2.3495000e+004  1.0000000e+000  0.0000000e+000  5.6769877e+004  3.2556788e+004
  2.3934000e+004  1.0000000e+000  0.0000000e+000  5.6230419e+004  3.2703592e+004
  2.4382000e+004  1.0000000e+000  0.0000000e+000  5.5693207e+004  3.2843931e+004
  2.4838000e+004  1.0000000e+000  0.0000000e+000  5.5154490e+004  3.2969403e+004
  2.5303000e+004  1.0000000e+000  0.0000000e+000  5.4614025e+004  3.3091421e+004
  2.5776000e+004  1.0000000e+000  0.0000000e+000  5.4058142e+004  3.3216423e+004
  2.6258000e+004  1.0000000e+000  0.0000000e+000  5.3508050e+004  3.3320061e+004
  2.6750000e+004  1.0000000e+000  0.0000000e+000  5.2948784e+004  3.3422007e+004
  2.7250000e+004  1.0000000e+000  0.0000000e+000  5.2396877e+004  3.3505726e+004
  2.7760000e+004  1.0000000e+000  0.0000000e+000  5.1829861e+004  3.3609400e+004
  2.8279000e+004  1.0000000e+000  0.0000000e+000  5.1268911e+004  3.3682489e+004
  2.8808000e+004  1.0000000e+000  0.0000000e+000  5.0702963e+004  3.3755116e+004
  2.9347000e+004  1.0000000e+000  0.0000000e+000  5.0140239e+004  3.3821849e+004
  2.9896000e+004  1.0000000e+000  0.0000000e+000  4.9567089e+004  3.3872419e+004
  3.0455000e+004  1.0000000e+000  0.0000000e+000  4.9000648e+004  3.3920794e+004
  3.1025000e+004  1.0000000e+000  0.0000000e+000  4.8424757e+004  3.3961462e+004
  3.1605000e+004  1.0000000e+000  0.0000000e+000  4.7856238e+004  3.3989121e+004
  3.2197000e+004  1.0000000e+000  0.0000000e+000  4.7278829e+004  3.4007153e+004
  3.2799000e+004  1.0000000e+000  0.0000000e+000  4.6707212e+004  3.4023691e+004
  3.3412000e+004  1.0000000e+000  0.0000000e+000  4.6132747e+004  3.4029760e+004
  3.4037000e+004  1.0000000e+000  0.0000000e+000  4.5557412e+004  3.4026891e+004
  3.4674000e+004  1.0000000e+000  0.0000000e+000  4.4984119e+004  3.4019524e+004
  3.5323000e+004  1.0000000e+000  0.0000000e+000  4.4414112e+004  3.4000862e+004
  3.5984000e+004  1.0000000e+000  0.0000000e+000  4.3836587e+004  3.3973791e+004
  3.6657000e+004  1.0000000e+000  0.0000000e+000  4.3265279e+004  3.3938850e+004
  3.7342000e+004  1.0000000e+000  0.0000000e+000  4.2695367e+004  3.3898581e+004
  3.8041000e+004  1.0000000e+000  0.0000000e+000  4.2130337e+004  3.3847175e+004
  3.8753000e+004  1.0000000e+000  0.0000000e+000  4.1560426e+004  3.3787836e+004
  3.9478000e+004  1.0000000e+000  0.0000000e+000  4.0994634e+004  3.3725178e+004
  4.0216000e+004  1.0000000e+000  0.0000000e+000  4.0435070e+004  3.3654012e+004
  4.0968000e+004  1.0000000e+000  0.0000000e+000  3.9878476e+004  3.3573011e+004
  4.1735000e+004  1.0000000e+000  0.0000000e+000  3.9319956e+004  3.3483118e+004
  4.2515000e+004  1.0000000e+000  0.0000000e+000  3.8768792e+004  3.3389596e+004
  4.3311000e+004  1.0000000e+000  0.0000000e+000  3.8215878e+004  3.3285533e+004
  4.4121000e+004  1.0000000e+000  0.0000000e+000  3.7672777e+004  3.3177141e+004
  4.4946000e+004  1.0000000e+000  0.0000000e+000  3.7129396e+004  3.3063421e+004
  4.5787000e+004  1.0000000e+000  0.0000000e+000  3.6590580e+004  3.2940333e+004
  4.6644000e+004  1.0000000e+000  0.0000000e+000  3.6054262e+004  3.2808164e+004
  4.7516000e+004  1.0000000e+000  0.0000000e+000  3.5523566e+004  3.2671960e+004
  4.8405000e+004  1.0000000e+000  0.0000000e+000  3.4993589e+004  3.2529774e+004
  4.9311000e+004  1.0000000e+000  0.0000000e+000  3.4471976e+004  3.2380841e+004
  5.0233000e+004  1.0000000e+000  0.0000000e+000  3.3954397e+004  3.2226829e+004
  5.1173000e+004  1.0000000e+000  0.0000000e+000  3.3442712e+004  3.2066144e+004
  5.2130000e+004  1.0000000e+000  0.0000000e+000  3.2934723e+004  3.1902081e+004
  5.3105000e+004  1.0000000e+000  0.0000000e+000  3.2434525e+004  3.1727942e+004
  5.4099000e+004  1.0000000e+000  0.0000000e+000  3.1938350e+004  3.1553613e+004
  5.5111000e+004  1.0000000e+000  0.0000000e+000  3.1447246e+004  3.1372029e+004
  5.6141000e+004  1.0000000e+000  0.0000000e+000  3.0963403e+004  3.1181561e+004
  5.7192000e+004  1.0000000e+000  0.0000000e+000  3.0480737e+004  3.0992706e+004
  5.8262000e+004  1.0000000e+000  0.0000000e+000  3.0013478e+004  3.0792374e+004
  5.9351000e+004  1.0000000e+000  0.0000000e+000  2.9543928e+004  3.0596694e+004
  6.0462000e+004  1.0000000e+000  0.0000000e+000  2.9083528e+004  3.0388455e+004
  6.1593000e+004  1.0000000e+000  0.0000000e+000  2.8629690e+004  3.0177746e+004
  6.2745000e+004  1.0000000e+000  0.0000000e+000  2.8178269e+004  2.9967610e+004
  6.3919000e+004  1.0000000e+000  0.0000000e+000  2.7735307e+004  2.9755067e+004
  6.5114000e+004  1.0000000e+000  0.0000000e+000  2.7299447e+004  2.9537485e+004
  6.6332000e+004  1.0000000e+000  0.0000000e+000  2.6866926e+004  2.9314956e+004
  6.7573000e+004  1.0000000e+000  0.0000000e+000  2.6444103e+004  2.9087813e+004
  6.8837000e+004  1.0000000e+000  0.0000000e+000  2.6028296e+004  2.8861756e+004
  7.0125000e+004  1.0000000e+000  0.0000000e+000  2.5618216e+004  2.8631540e+004
  7.1437000e+004  1.0000000e+000  0.0000000e+000  2.5212309e+004  2.8398045e+004
  7.2773000e+004  1.0000000e+000  0.0000000e+000  2.4817655e+004  2.8160748e+004
  7.4135000e+004  1.0000000e+000  0.0000000e+000  2.4424133e+004  2.7929644e+004
  7.5521000e+004  1.0000000e+000  0.0000000e+000  2.4039021e+004  2.7691022e+004
  7.6934000e+004  1.0000000e+000  0.0000000e+000  2.3657431e+004  2.7451053e+004
  7.8373000e+004  1.0000000e+000  0.0000000e+000  2.3286267e+004  2.7208713e+004
  7.9840000e+004  1.0000000e+000  0.0000000e+000  2.2920674e+004  2.6967786e+004
  8.1333000e+004  1.0000000e+000  0.0000000e+000  2.2558662e+004  2.6722614e+004
  8.2855000e+004  1.0000000e+000  0.0000000e+000  2.2204025e+004  2.6481308e+004
  8.4404000e+004  1.0000000e+000  0.0000000e+000  2.1855341e+004  2.6236162e+004
  8.5983000e+004  1.0000000e+000  0.0000000e+000  2.1516006e+004  2.5992879e+004
  8.7592000e+004  1.0000000e+000  0.0000000e+000  2.1181382e+004  2.5747465e+004
  8.9230000e+004  1.0000000e+000  0.0000000e+000  2.0854077e+004  2.5502554e+004
  9.0900000e+004  1.0000000e+000  0.0000000e+000  2.0531306e+004  2.5257627e+004
  9.2600000e+004  1.0000000e+000  0.0000000e+000  2.0211842e+004  2.5013415e+004
  9.4332000e+004  1.0000000e+000  0.0000000e+000  1.9900805e+004  2.4769486e+004
  9.6097000e+004  1.0000000e+000  0.0000000e+000  1.9596169e+004  2.4524354e+004
  9.7895000e+004  1.0000000e+000  0.0000000e+000  1.9296125e+004  2.4277833e+004
  9.9726000e+004  1.0000000e+000  0.0000000e+000  1.9000589e+004  2.4035779e+004
  1.0159000e+005  1.0000000e+000  0.0000000e+000  1.8712827e+004  2.3791400e+004
  1.0349000e+005  1.0000000e+000  0.0000000e+000  1.8427469e+004  2.3551155e+004
  1.0543000e+005  1.0000000e+000  0.0000000e+000  1.8149022e+004  2.3307110e+004
  1.0740000e+005  1.0000000e+000  0.0000000e+000  1.7877085e+004  2.3068769e+004
  1.0941000e+005  1.0000000e+000  0.0000000e+000  1.7608697e+004  2.2830701e+004
  1.1146000e+005  1.0000000e+000  0.0000000e+000  1.7345200e+004  2.2591562e+004
  1.1354000e+005  1.0000000e+000  0.0000000e+000  1.7089874e+004  2.2356740e+004
  1.1566000e+005  1.0000000e+000  0.0000000e+000  1.6836268e+004  2.2122598e+004
  1.1783000e+005  1.0000000e+000  0.0000000e+000  1.6587908e+004  2.1886248e+004
  1.2003000e+005  1.0000000e+000  0.0000000e+000  1.6342884e+004  2.1654424e+004
  1.2228000e+005  1.0000000e+000  0.0000000e+000  1.6104612e+004  2.1422075e+004
  1.2457000e+005  1.0000000e+000  0.0000000e+000  1.5869698e+004  2.1192873e+004
  1.2690000e+005  1.0000000e+000  0.0000000e+000  1.5639669e+004  2.0965319e+004
  1.2927000e+005  1.0000000e+000  0.0000000e+000  1.5413306e+004  2.0740956e+004
  1.3169000e+005  1.0000000e+000  0.0000000e+000  1.5190524e+004  2.0516909e+004
  1.3415000e+005  1.0000000e+000  0.0000000e+000  1.4974215e+004  2.0294748e+004
  1.3666000e+005  1.0000000e+000  0.0000000e+000  1.4761348e+004  2.0074720e+004
  1.3922000e+005  1.0000000e+000  0.0000000e+000  1.4550860e+004  1.9853857e+004
  1.4182000e+005  1.0000000e+000  0.0000000e+000  1.4344182e+004  1.9639641e+004
  1.4447000e+005  1.0000000e+000  0.0000000e+000  1.4142424e+004  1.9424818e+004
  1.4718000e+005  1.0000000e+000  0.0000000e+000  1.3945910e+004  1.9211516e+004
  1.4993000e+005  1.0000000e+000  0.0000000e+000  1.3751388e+004  1.9001859e+004
  1.5274000e+005  1.0000000e+000  0.0000000e+000  1.3557522e+004  1.8793383e+004
  1.5559000e+005  1.0000000e+000  0.0000000e+000  1.3371922e+004  1.8587777e+004
  1.5850000e+005  1.0000000e+000  0.0000000e+000  1.3185851e+004  1.8384809e+004
  1.6147000e+005  1.0000000e+000  0.0000000e+000  1.3004666e+004  1.8180309e+004
  1.6449000e+005  1.0000000e+000  0.0000000e+000  1.2824066e+004  1.7981910e+004
  1.6757000e+005  1.0000000e+000  0.0000000e+000  1.2648492e+004  1.7783350e+004
  1.7070000e+005  1.0000000e+000  0.0000000e+000  1.2475781e+004  1.7587835e+004
  1.7389000e+005  1.0000000e+000  0.0000000e+000  1.2307014e+004  1.7395317e+004
  1.7715000e+005  1.0000000e+000  0.0000000e+000  1.2138618e+004  1.7201957e+004
  1.8046000e+005  1.0000000e+000  0.0000000e+000  1.1974900e+004  1.7012962e+004
  1.8384000e+005  1.0000000e+000  0.0000000e+000  1.1813493e+004  1.6825228e+004
  1.8727000e+005  1.0000000e+000  0.0000000e+000  1.1653009e+004  1.6641763e+004
  1.9078000e+005  1.0000000e+000  0.0000000e+000  1.1497032e+004  1.6457042e+004
  1.9435000e+005  1.0000000e+000  0.0000000e+000  1.1342412e+004  1.6274982e+004
  1.9798000e+005  1.0000000e+000  0.0000000e+000  1.1190819e+004  1.6096268e+004
  2.0169000e+005  1.0000000e+000  0.0000000e+000  1.1041188e+004  1.5918574e+004
  2.0546000e+005  1.0000000e+000  0.0000000e+000  1.0892884e+004  1.5743762e+004
  2.0930000e+005  1.0000000e+000  0.0000000e+000  1.0749743e+004  1.5569896e+004
  2.1322000e+005  1.0000000e+000  0.0000000e+000  1.0606136e+004  1.5399044e+004
  2.1721000e+005  1.0000000e+000  0.0000000e+000  1.0462733e+004  1.5230161e+004
  2.2127000e+005  1.0000000e+000  0.0000000e+000  1.0325126e+004  1.5063583e+004
  2.2541000e+005  1.0000000e+000  0.0000000e+000  1.0190479e+004  1.4896756e+004
  2.2963000e+005  1.0000000e+000  0.0000000e+000  1.0053371e+004  1.4734144e+004
  2.3392000e+005  1.0000000e+000  0.0000000e+000  9.9203925e+003  1.4572048e+004
  2.3830000e+005  1.0000000e+000  0.0000000e+000  9.7893982e+003  1.4411854e+004
  2.4275000e+005  1.0000000e+000  0.0000000e+000  9.6601669e+003  1.4254880e+004
  2.4730000e+005  1.0000000e+000  0.0000000e+000  9.5318512e+003  1.4098561e+004
  2.5192000e+005  1.0000000e+000  0.0000000e+000  9.4062969e+003  1.3944690e+004
  2.5663000e+005  1.0000000e+000  0.0000000e+000  9.2805080e+003  1.3792326e+004
  2.6144000e+005  1.0000000e+000  0.0000000e+000  9.1591869e+003  1.3640114e+004
  2.6633000e+005  1.0000000e+000  0.0000000e+000  9.0376636e+003  1.3492152e+004
  2.7131000e+005  1.0000000e+000  0.0000000e+000  8.9179295e+003  1.3344312e+004
  2.7638000e+005  1.0000000e+000  0.0000000e+000  8.8010644e+003  1.3199499e+004
  2.8155000e+005  1.0000000e+000  0.0000000e+000  8.6834748e+003  1.3055935e+004
  2.8682000e+005  1.0000000e+000  0.0000000e+000  8.5669716e+003  1.2914264e+004
  2.9219000e+005  1.0000000e+000  0.0000000e+000  8.4532389e+003  1.2772689e+004
  2.9765000e+005  1.0000000e+000  0.0000000e+000  8.3402931e+003  1.2633558e+004
  3.0322000e+005  1.0000000e+000  0.0000000e+000  8.2290540e+003  1.2495582e+004
  3.0889000e+005  1.0000000e+000  0.0000000e+000  8.1191406e+003  1.2360330e+004
  3.1467000e+005  1.0000000e+000  0.0000000e+000  8.0098589e+003  1.2225636e+004
  3.2056000e+005  1.0000000e+000  0.0000000e+000  7.9018063e+003  1.2092717e+004
  3.2655000e+005  1.0000000e+000  0.0000000e+000  7.7958714e+003  1.1960904e+004
  3.3266000e+005  1.0000000e+000  0.0000000e+000  7.6904123e+003  1.1830750e+004
  3.3889000e+005  1.0000000e+000  0.0000000e+000  7.5855227e+003  1.1701100e+004
  3.4522000e+005  1.0000000e+000  0.0000000e+000  7.4827606e+003  1.1574894e+004
  3.5168000e+005  1.0000000e+000  0.0000000e+000  7.3809209e+003  1.1447936e+004
  3.5826000e+005  1.0000000e+000  0.0000000e+000  7.2803399e+003  1.1322693e+004
  3.6496000e+005  1.0000000e+000  0.0000000e+000  7.1815252e+003  1.1198356e+004
  3.7179000e+005  1.0000000e+000  0.0000000e+000  7.0822615e+003  1.1076131e+004
  3.7875000e+005  1.0000000e+000  0.0000000e+000  6.9847596e+003  1.0954977e+004
  3.8583000e+005  1.0000000e+000  0.0000000e+000  6.8890416e+003  1.0834315e+004
  3.9305000e+005  1.0000000e+000  0.0000000e+000  6.7934385e+003  1.0715635e+004
  4.0040000e+005  1.0000000e+000  0.0000000e+000  6.6991339e+003  1.0597683e+004
  4.0789000e+005  1.0000000e+000  0.0000000e+000  6.6058826e+003  1.0480889e+004
  4.1552000e+005  1.0000000e+000  0.0000000e+000  6.5147226e+003  1.0364406e+004
  4.2329000e+005  1.0000000e+000  0.0000000e+000  6.4242543e+003  1.0249473e+004
  4.3121000e+005  1.0000000e+000  0.0000000e+000  6.3339709e+003  1.0135631e+004
  4.3928000e+005  1.0000000e+000  0.0000000e+000  6.2457190e+003  1.0022961e+004
  4.4750000e+005  1.0000000e+000  0.0000000e+000  6.1581067e+003  9.9109399e+003
  4.5587000e+005  1.0000000e+000  0.0000000e+000  6.0724790e+003  9.8005444e+003
  4.6440000e+005  1.0000000e+000  0.0000000e+000  5.9863175e+003  9.6907660e+003
  4.7308000e+005  1.0000000e+000  0.0000000e+000  5.9032320e+003  9.5822692e+003
  4.8193000e+005  1.0000000e+000  0.0000000e+000  5.8196844e+003  9.4739670e+003
  4.9095000e+005  1.0000000e+000  0.0000000e+000  5.7374561e+003  9.3667487e+003
  5.0013000e+005  1.0000000e+000  0.0000000e+000  5.6571390e+003  9.2614473e+003
  5.0949000e+005  1.0000000e+000  0.0000000e+000  5.5773082e+003  9.1570534e+003
  5.1902000e+005  1.0000000e+000  0.0000000e+000  5.4986282e+003  9.0531418e+003
  5.2873000e+005  1.0000000e+000  0.0000000e+000  5.4205983e+003  8.9509678e+003
  5.3862000e+005  1.0000000e+000  0.0000000e+000  5.3444976e+003  8.8498029e+003
  5.4870000e+005  1.0000000e+000  0.0000000e+000  5.2694176e+003  8.7489328e+003
  5.5896000e+005  1.0000000e+000  0.0000000e+000  5.1952759e+003  8.6495991e+003
  5.6942000e+005  1.0000000e+000  0.0000000e+000  5.1217295e+003  8.5510969e+003
  5.8007000e+005  1.0000000e+000  0.0000000e+000  5.0492014e+003  8.4540130e+003
  5.9092000e+005  1.0000000e+000  0.0000000e+000  4.9784464e+003  8.3578966e+003
  6.0197000e+005  1.0000000e+000  0.0000000e+000  4.9071245e+003  8.2628083e+003
  6.1323000e+005  1.0000000e+000  0.0000000e+000  4.8379321e+003  8.1689374e+003
  6.2471000e+005  1.0000000e+000  0.0000000e+000  4.7686647e+003  8.0753138e+003
  6.3639000e+005  1.0000000e+000  0.0000000e+000  4.7006796e+003  7.9836846e+003
  6.4830000e+005  1.0000000e+000  0.0000000e+000  4.6334971e+003  7.8925321e+003
  6.6042000e+005  1.0000000e+000  0.0000000e+000  4.5667279e+003  7.8022215e+003
  6.7278000e+005  1.0000000e+000  0.0000000e+000  4.5012841e+003  7.7129310e+003
  6.8536000e+005  1.0000000e+000  0.0000000e+000  4.4360660e+003  7.6246785e+003
  6.9818000e+005  1.0000000e+000  0.0000000e+000  4.3718588e+003  7.5372664e+003
  7.1125000e+005  1.0000000e+000  0.0000000e+000  4.3087081e+003  7.4505930e+003
  7.2455000e+005  1.0000000e+000  0.0000000e+000  4.2459996e+003  7.3643351e+003
  7.3810000e+005  1.0000000e+000  0.0000000e+000  4.1846249e+003  7.2793546e+003
  7.5191000e+005  1.0000000e+000  0.0000000e+000  4.1232850e+003  7.1952160e+003
  7.6598000e+005  1.0000000e+000  0.0000000e+000  4.0632667e+003  7.1114646e+003
  7.8031000e+005  1.0000000e+000  0.0000000e+000  4.0045004e+003  7.0286155e+003
  7.9490000e+005  1.0000000e+000  0.0000000e+000  3.9461515e+003  6.9471362e+003
  8.0977000e+005  1.0000000e+000  0.0000000e+000  3.8880889e+003  6.8664630e+003
  8.2492000e+005  1.0000000e+000  0.0000000e+000  3.8319181e+003  6.7861589e+003
  8.4035000e+005  1.0000000e+000  0.0000000e+000  3.7760802e+003  6.7067097e+003
  8.5607000e+005  1.0000000e+000  0.0000000e+000  3.7205372e+003  6.6283491e+003
  8.7209000e+005  1.0000000e+000  0.0000000e+000  3.6666005e+003  6.5505236e+003
  8.8840000e+005  1.0000000e+000  0.0000000e+000  3.6129846e+003  6.4738130e+003
  9.0502000e+005  1.0000000e+000  0.0000000e+000  3.5604804e+003  6.3976538e+003
  9.2195000e+005  1.0000000e+000  0.0000000e+000  3.5086299e+003  6.3225137e+003
  9.3920000e+005  1.0000000e+000  0.0000000e+000  3.4579005e+003  6.2485069e+003
  9.5677000e+005  1.0000000e+000  0.0000000e+000  3.4070858e+003  6.1751747e+003
  9.7467000e+005  1.0000000e+000  0.0000000e+000  3.3567914e+003  6.1034332e+003
  9.9290000e+005  1.0000000e+000  0.0000000e+000  3.3073843e+003  6.0317528e+003
  1.0115000e+006  1.0000000e+000  0.0000000e+000  3.2585649e+003  5.9608477e+003
  1.0304000e+006  1.0000000e+000  0.0000000e+000  3.2102052e+003  5.8914918e+003
  1.0497000e+006  1.0000000e+000  0.0000000e+000  3.1625778e+003  5.8223785e+003
  1.0693000e+006  1.0000000e+000  0.0000000e+000  3.1152742e+003  5.7539798e+003
  1.0893000e+006  1.0000000e+000  0.0000000e+000  3.0693454e+003  5.6863113e+003
  1.1097000e+006  1.0000000e+000  0.0000000e+000  3.0228804e+003  5.6199655e+003
  1.1304000e+006  1.0000000e+000  0.0000000e+000  2.9778754e+003  5.5542751e+003
  1.1516000e+006  1.0000000e+000  0.0000000e+000  2.9327850e+003  5.4885596e+003
  1.1731000e+006  1.0000000e+000  0.0000000e+000  2.8887213e+003  5.4238254e+003
  1.1951000e+006  1.0000000e+000  0.0000000e+000  2.8447624e+003  5.3590446e+003
  1.2174000e+006  1.0000000e+000  0.0000000e+000  2.8018298e+003  5.2955677e+003
  1.2402000e+006  1.0000000e+000  0.0000000e+000  2.7591581e+003  5.2322829e+003
  1.2634000e+006  1.0000000e+000  0.0000000e+000  2.7176439e+003  5.1697694e+003
  1.2870000e+006  1.0000000e+000  0.0000000e+000  2.6760122e+003  5.1082162e+003
  1.3111000e+006  1.0000000e+000  0.0000000e+000  2.6353252e+003  5.0469642e+003
  1.3356000e+006  1.0000000e+000  0.0000000e+000  2.5957008e+003  4.9868150e+003
  1.3606000e+006  1.0000000e+000  0.0000000e+000  2.5558149e+003  4.9271472e+003
  1.3861000e+006  1.0000000e+000  0.0000000e+000  2.5166600e+003  4.8681273e+003
  1.4120000e+006  1.0000000e+000  0.0000000e+000  2.4783667e+003  4.8099036e+003
  1.4384000e+006  1.0000000e+000  0.0000000e+000  2.4404695e+003  4.7524716e+003
  1.4653000e+006  1.0000000e+000  0.0000000e+000  2.4031306e+003  4.6959753e+003
  1.4927000e+006  1.0000000e+000  0.0000000e+000  2.3660969e+003  4.6397357e+003
  1.5207000e+006  1.0000000e+000  0.0000000e+000  2.3293232e+003  4.5840782e+003
  1.5491000e+006  1.0000000e+000  0.0000000e+000  2.2931870e+003  4.5293985e+003
  1.5781000e+006  1.0000000e+000  0.0000000e+000  2.2574779e+003  4.4749384e+003
  1.6076000e+006  1.0000000e+000  0.0000000e+000  2.2221568e+003  4.4213282e+003
  1.6377000e+006  1.0000000e+000  0.0000000e+000  2.1871865e+003  4.3681432e+003
  1.6683000e+006  1.0000000e+000  0.0000000e+000  2.1526997e+003  4.3154843e+003
  1.6995000e+006  1.0000000e+000  0.0000000e+000  2.1189309e+003  4.2632098e+003
  1.7313000e+006  1.0000000e+000  0.0000000e+000  2.0853190e+003  4.2115715e+003
  1.7637000e+006  1.0000000e+000  0.0000000e+000  2.0522327e+003  4.1604701e+003
  1.7967000e+006  1.0000000e+000  0.0000000e+000  2.0197571e+003  4.1098344e+003
  1.8303000e+006  1.0000000e+000  0.0000000e+000  1.9877020e+003  4.0599073e+003
  1.8646000e+006  1.0000000e+000  0.0000000e+000  1.9561745e+003  4.0103713e+003
  1.8994000e+006  1.0000000e+000  0.0000000e+000  1.9249376e+003  3.9616489e+003
  1.9350000e+006  1.0000000e+000  0.0000000e+000  1.8942555e+003  3.9134544e+003
  1.9712000e+006  1.0000000e+000  0.0000000e+000  1.8637348e+003  3.8657272e+003
  2.0080000e+006  1.0000000e+000  0.0000000e+000  1.8339588e+003  3.8187628e+003
  2.0456000e+006  1.0000000e+000  0.0000000e+000  1.8044227e+003  3.7720878e+003
  2.0839000e+006  1.0000000e+000  0.0000000e+000  1.7751999e+003  3.7259378e+003
  2.1229000e+006  1.0000000e+000  0.0000000e+000  1.7462067e+003  3.6805029e+003
  2.1626000e+006  1.0000000e+000  0.0000000e+000  1.7178480e+003  3.6353431e+003
  2.2030000e+006  1.0000000e+000  0.0000000e+000  1.6897410e+003  3.5910074e+003
  2.2442000e+006  1.0000000e+000  0.0000000e+000  1.6620277e+003  3.5469864e+003
  2.2862000e+006  1.0000000e+000  0.0000000e+000  1.6344306e+003  3.5033567e+003
  2.3290000e+006  1.0000000e+000  0.0000000e+000  1.6075696e+003  3.4600833e+003
  2.3725000e+006  1.0000000e+000  0.0000000e+000  1.5809149e+003  3.4174515e+003
  2.4169000e+006  1.0000000e+000  0.0000000e+000  1.5547017e+003  3.3752421e+003
  2.4621000e+006  1.0000000e+000  0.0000000e+000  1.5289442e+003  3.3333999e+003
  2.5082000e+006  1.0000000e+000  0.0000000e+000  1.5034779e+003  3.2920265e+003
  2.5551000e+006  1.0000000e+000  0.0000000e+000  1.4783361e+003  3.2512712e+003
  2.6029000e+006  1.0000000e+000  0.0000000e+000  1.4536004e+003  3.2108771e+003
  2.6516000e+006  1.0000000e+000  0.0000000e+000  1.4293061e+003  3.1711198e+003
  2.7012000e+006  1.0000000e+000  0.0000000e+000  1.4052444e+003  3.1315609e+003
  2.7517000e+006  1.0000000e+000  0.0000000e+000  1.3813104e+003  3.0927467e+003
  2.8032000e+006  1.0000000e+000  0.0000000e+000  1.3579507e+003  3.0541688e+003
  2.8557000e+006  1.0000000e+000  0.0000000e+000  1.3347113e+003  3.0160010e+003
  2.9091000e+006  1.0000000e+000  0.0000000e+000  1.3117697e+003  2.9782958e+003
  2.9635000e+006  1.0000000e+000  0.0000000e+000  1.2891669e+003  2.9408694e+003
  3.0189000e+006  1.0000000e+000  0.0000000e+000  1.2669812e+003  2.9040287e+003
  3.0754000e+006  1.0000000e+000  0.0000000e+000  1.2451117e+003  2.8674886e+003
  3.1329000e+006  1.0000000e+000  0.0000000e+000  1.2235732e+003  2.8314652e+003
  3.1916000e+006  1.0000000e+000  0.0000000e+000  1.2023044e+003  2.7956381e+003
  3.2513000e+006  1.0000000e+000  0.0000000e+000  1.1812597e+003  2.7604217e+003
  3.3121000e+006  1.0000000e+000  0.0000000e+000  1.1605789e+003  2.7255702e+003
  3.3740000e+006  1.0000000e+000  0.0000000e+000  1.1402246e+003  2.6911489e+003
  3.4372000e+006  1.0000000e+000  0.0000000e+000  1.1201092e+003  2.6570608e+003
  3.5014000e+006  1.0000000e+000  0.0000000e+000  1.1003119e+003  2.6235571e+003
  3.5669000e+006  1.0000000e+000  0.0000000e+000  1.0807078e+003  2.5901678e+003
  3.6337000e+006  1.0000000e+000  0.0000000e+000  1.0613836e+003  2.5571694e+003
  3.7016000e+006  1.0000000e+000  0.0000000e+000  1.0424008e+003  2.5247053e+003
  3.7709000e+006  1.0000000e+000  0.0000000e+000  1.0236142e+003  2.4924400e+003
  3.8414000e+006  1.0000000e+000  0.0000000e+000  1.0051412e+003  2.4606583e+003
  3.9133000e+006  1.0000000e+000  0.0000000e+000  9.8697210e+002  2.4292008e+003
  3.9865000e+006  1.0000000e+000  0.0000000e+000  9.6900637e+002  2.3980496e+003
  4.0611000e+006  1.0000000e+000  0.0000000e+000  9.5143454e+002  2.3672965e+003
  4.1370000e+006  1.0000000e+000  0.0000000e+000  9.3407959e+002  2.3368363e+003
  4.2144000e+006  1.0000000e+000  0.0000000e+000  9.1696756e+002  2.3068092e+003
  4.2933000e+006  1.0000000e+000  0.0000000e+000  8.9994293e+002  2.2770823e+003
  4.3736000e+006  1.0000000e+000  0.0000000e+000  8.8332322e+002  2.2476973e+003
  4.4554000e+006  1.0000000e+000  0.0000000e+000  8.6689507e+002  2.2186298e+003
  4.5387000e+006  1.0000000e+000  0.0000000e+000  8.5076145e+002  2.1899645e+003
  4.6237000e+006  1.0000000e+000  0.0000000e+000  8.3474763e+002  2.1616137e+003
  4.7101000e+006  1.0000000e+000  0.0000000e+000  8.1906910e+002  2.1336505e+003
  4.7983000e+006  1.0000000e+000  0.0000000e+000  8.0359623e+002  2.1058014e+003
  4.8880000e+006  1.0000000e+000  0.0000000e+000  7.8837453e+002  2.0785008e+003
  4.9795000e+006  1.0000000e+000  0.0000000e+000  7.7333368e+002  2.0513917e+003
  5.0726000e+006  1.0000000e+000  0.0000000e+000  7.5824505e+002  2.0244208e+003
  5.1675000e+006  1.0000000e+000  0.0000000e+000  7.4367383e+002  1.9978585e+003
  5.2642000e+006  1.0000000e+000  0.0000000e+000  7.2930652e+002  1.9716564e+003
  5.3626000e+006  1.0000000e+000  0.0000000e+000  7.1518980e+002  1.9458436e+003
  5.4630000e+006  1.0000000e+000  0.0000000e+000  7.0128878e+002  1.9202637e+003
  5.5652000e+006  1.0000000e+000  0.0000000e+000  6.8755902e+002  1.8949231e+003
  5.6693000e+006  1.0000000e+000  0.0000000e+000  6.7412709e+002  1.8700273e+003
  5.7753000e+006  1.0000000e+000  0.0000000e+000  6.6077062e+002  1.8453948e+003
  5.8833000e+006  1.0000000e+000  0.0000000e+000  6.4767084e+002  1.8210277e+003
  5.9934000e+006  1.0000000e+000  0.0000000e+000  6.3475126e+002  1.7969701e+003
  6.1055000e+006  1.0000000e+000  0.0000000e+000  6.2203324e+002  1.7731987e+003
  6.2197000e+006  1.0000000e+000  0.0000000e+000  6.0947079e+002  1.7497558e+003
  6.3361000e+006  1.0000000e+000  0.0000000e+000  5.9712136e+002  1.7265266e+003
  6.4546000e+006  1.0000000e+000  0.0000000e+000  5.8490889e+002  1.7036074e+003
  6.5754000e+006  1.0000000e+000  0.0000000e+000  5.7298870e+002  1.6809231e+003
  6.6984000e+006  1.0000000e+000  0.0000000e+000  5.6114759e+002  1.6585214e+003
  6.8237000e+006  1.0000000e+000  0.0000000e+000  5.4951772e+002  1.6364214e+003
  6.9513000e+006  1.0000000e+000  0.0000000e+000  5.3811895e+002  1.6145326e+003
  7.0814000e+006  1.0000000e+000  0.0000000e+000  5.2683811e+002  1.5928759e+003
  7.2138000e+006  1.0000000e+000  0.0000000e+000  5.1581988e+002  1.5715931e+003
  7.3488000e+006  1.0000000e+000  0.0000000e+000  5.0489232e+002  1.5505068e+003
  7.4862000e+006  1.0000000e+000  0.0000000e+000  4.9417463e+002  1.5296910e+003
  7.6263000e+006  1.0000000e+000  0.0000000e+000  4.8356431e+002  1.5090175e+003
  7.7689000e+006  1.0000000e+000  0.0000000e+000  4.7316528e+002  1.4886787e+003
  7.9143000e+006  1.0000000e+000  0.0000000e+000  4.6291680e+002  1.4685347e+003
  8.0623000e+006  1.0000000e+000  0.0000000e+000  4.5280429e+002  1.4486281e+003
  8.2131000e+006  1.0000000e+000  0.0000000e+000  4.4287547e+002  1.4289910e+003
  8.3668000e+006  1.0000000e+000  0.0000000e+000  4.3308303e+002  1.4095760e+003
  8.5233000e+006  1.0000000e+000  0.0000000e+000  4.2345858e+002  1.3903842e+003
  8.6827000e+006  1.0000000e+000  0.0000000e+000  4.1399330e+002  1.3714846e+003
  8.8452000e+006  1.0000000e+000  0.0000000e+000  4.0461949e+002  1.3527587e+003
  9.0106000e+006  1.0000000e+000  0.0000000e+000  3.9543730e+002  1.3342743e+003
  9.1792000e+006  1.0000000e+000  0.0000000e+000  3.8639888e+002  1.3160178e+003
  9.3509000e+006  1.0000000e+000  0.0000000e+000  3.7748401e+002  1.2979108e+003
  9.5258000e+006  1.0000000e+000  0.0000000e+000  3.6874457e+002  1.2801021e+003
  9.7040000e+006  1.0000000e+000  0.0000000e+000  3.6010804e+002  1.2625236e+003
  9.8856000e+006  1.0000000e+000  0.0000000e+000  3.5159200e+002  1.2451553e+003
  1.0070000e+007  1.0000000e+000  0.0000000e+000  3.4327737e+002  1.2280494e+003
  1.0259000e+007  1.0000000e+000  0.0000000e+000  3.3503716e+002  1.2110537e+003
  1.0451000e+007  1.0000000e+000  0.0000000e+000  3.2699634e+002  1.1943109e+003
  1.0646000e+007  1.0000000e+000  0.0000000e+000  3.1904542e+002  1.1778394e+003
  1.0845000e+007  1.0000000e+000  0.0000000e+000  3.1124467e+002  1.1615477e+003
  1.1048000e+007  1.0000000e+000  0.0000000e+000  3.0356218e+002  1.1453798e+003
  1.1255000e+007  1.0000000e+000  0.0000000e+000  2.9598073e+002  1.1294294e+003
  1.1466000e+007  1.0000000e+000  0.0000000e+000  2.8852144e+002  1.1136483e+003
  1.1680000e+007  1.0000000e+000  0.0000000e+000  2.8120476e+002  1.0981544e+003
  1.1899000e+007  1.0000000e+000  0.0000000e+000  2.7398864e+002  1.0827656e+003
  1.2121000e+007  1.0000000e+000  0.0000000e+000  2.6686894e+002  1.0676537e+003
  1.2348000e+007  1.0000000e+000  0.0000000e+000  2.5989902e+002  1.0526414e+003
  1.2579000e+007  1.0000000e+000  0.0000000e+000  2.5301833e+002  1.0378283e+003
  1.2814000e+007  1.0000000e+000  0.0000000e+000  2.4628972e+002  1.0232175e+003
  1.3054000e+007  1.0000000e+000  0.0000000e+000  2.3965189e+002  1.0087598e+003
  1.3298000e+007  1.0000000e+000  0.0000000e+000  2.3308330e+002  9.9452429e+002
  1.3547000e+007  1.0000000e+000  0.0000000e+000  2.2666151e+002  9.8043498e+002
  1.3800000e+007  1.0000000e+000  0.0000000e+000  2.2035107e+002  9.6654247e+002
  1.4058000e+007  1.0000000e+000  0.0000000e+000  2.1413364e+002  9.5283304e+002
  1.4321000e+007  1.0000000e+000  0.0000000e+000  2.0800201e+002  9.3925162e+002
  1.4589000e+007  1.0000000e+000  0.0000000e+000  2.0198838e+002  9.2583424e+002
  1.4862000e+007  1.0000000e+000  0.0000000e+000  1.9609724e+002  9.1260130e+002
  1.5140000e+007  1.0000000e+000  0.0000000e+000  1.9027835e+002  8.9951401e+002
  1.5423000e+007  1.0000000e+000  0.0000000e+000  1.8456812e+002  8.8663456e+002
  1.5712000e+007  1.0000000e+000  0.0000000e+000  1.7893327e+002  8.7384135e+002
  1.6006000e+007  1.0000000e+000  0.0000000e+000  1.7340685e+002  8.6122989e+002
  1.6305000e+007  1.0000000e+000  0.0000000e+000  1.6796731e+002  8.4884545e+002
  1.6610000e+007  1.0000000e+000  0.0000000e+000  1.6263843e+002  8.3659343e+002
  1.6921000e+007  1.0000000e+000  0.0000000e+000  1.5738616e+002  8.2446968e+002
  1.7238000e+007  1.0000000e+000  0.0000000e+000  1.5221287e+002  8.1249132e+002
  1.7560000e+007  1.0000000e+000  0.0000000e+000  1.4717971e+002  8.0068336e+002
  1.7889000e+007  1.0000000e+000  0.0000000e+000  1.4217383e+002  7.8900796e+002
  1.8223000e+007  1.0000000e+000  0.0000000e+000  1.3730840e+002  7.7749809e+002
  1.8564000e+007  1.0000000e+000  0.0000000e+000  1.3249357e+002  7.6611440e+002
  1.8911000e+007  1.0000000e+000  0.0000000e+000  1.2775750e+002  7.5488217e+002
  1.9265000e+007  1.0000000e+000  0.0000000e+000  1.2311438e+002  7.4378540e+002
  1.9625000e+007  1.0000000e+000  0.0000000e+000  1.1856015e+002  7.3280019e+002
  1.9993000e+007  1.0000000e+000  0.0000000e+000  1.1407299e+002  7.2193984e+002
  2.0367000e+007  1.0000000e+000  0.0000000e+000  1.0963194e+002  7.1121574e+002
  2.0748000e+007  1.0000000e+000  0.0000000e+000  1.0531670e+002  7.0068888e+002
  2.1136000e+007  1.0000000e+000  0.0000000e+000  1.0104884e+002  6.9029414e+002
  2.1531000e+007  1.0000000e+000  0.0000000e+000  9.6880467e+001  6.8002814e+002
  2.1934000e+007  1.0000000e+000  0.0000000e+000  9.2767806e+001  6.6984945e+002
  2.2344000e+007  1.0000000e+000  0.0000000e+000  8.8705014e+001  6.5981978e+002
  2.2762000e+007  1.0000000e+000  0.0000000e+000  8.4752920e+001  6.4991789e+002
  2.3188000e+007  1.0000000e+000  0.0000000e+000  8.0878869e+001  6.4011468e+002
  2.3622000e+007  1.0000000e+000  0.0000000e+000  7.7050116e+001  6.3044883e+002
  2.4064000e+007  1.0000000e+000  0.0000000e+000  7.3308041e+001  6.2091818e+002
  2.4514000e+007  1.0000000e+000  0.0000000e+000  6.9626890e+001  6.1150372e+002
  2.4972000e+007  1.0000000e+000  0.0000000e+000  6.6016902e+001  6.0219829e+002
  2.5440000e+007  1.0000000e+000  0.0000000e+000  6.2472807e+001  5.9300307e+002
  2.5915000e+007  1.0000000e+000  0.0000000e+000  5.8996347e+001  5.8396203e+002
  2.6400000e+007  1.0000000e+000  0.0000000e+000  5.5581784e+001  5.7500985e+002
  2.6894000e+007  1.0000000e+000  0.0000000e+000  5.2230820e+001  5.6614911e+002
  2.7397000e+007  1.0000000e+000  0.0000000e+000  4.8940064e+001  5.5743895e+002
  2.7910000e+007  1.0000000e+000  0.0000000e+000  4.5700813e+001  5.4879930e+002
  2.8432000e+007  1.0000000e+000  0.0000000e+000  4.2537735e+001  5.4028867e+002
  2.8964000e+007  1.0000000e+000  0.0000000e+000  3.9429865e+001  5.3188876e+002
  2.9505000e+007  1.0000000e+000  0.0000000e+000  3.6388243e+001  5.2360956e+002
  3.0057000e+007  1.0000000e+000  0.0000000e+000  3.3398597e+001  5.1542700e+002
  3.0620000e+007  1.0000000e+000  0.0000000e+000  3.0449691e+001  5.0732080e+002
  3.1192000e+007  1.0000000e+000  0.0000000e+000  2.7579012e+001  4.9934777e+002
  3.1776000e+007  1.0000000e+000  0.0000000e+000  2.4749421e+001  4.9147025e+002
  3.2370000e+007  1.0000000e+000  0.0000000e+000  2.1996737e+001  4.8367824e+002
  3.2976000e+007  1.0000000e+000  0.0000000e+000  1.9287377e+001  4.7598728e+002
  3.3593000e+007  1.0000000e+000  0.0000000e+000  1.6616526e+001  4.6840051e+002
  3.4221000e+007  1.0000000e+000  0.0000000e+000  1.4019066e+001  4.6092817e+002
  3.4861000e+007  1.0000000e+000  0.0000000e+000  1.1466080e+001  4.5352460e+002
  3.5514000e+007  1.0000000e+000  0.0000000e+000  8.9575262e+000  4.4621374e+002
  3.6178000e+007  1.0000000e+000  0.0000000e+000  6.4999219e+000  4.3899770e+002
  3.6855000e+007  1.0000000e+000  0.0000000e+000  4.1148014e+000  4.3187034e+002
  3.7544000e+007  1.0000000e+000  0.0000000e+000  1.7484994e+000  4.2484618e+002
  3.8246000e+007  1.0000000e+000  0.0000000e+000  1.7484994e+000  4.1791373e+002
  3.8962000e+007  1.0000000e+000  0.0000000e+000  1.7484994e+000  4.1104597e+002
  3.9691000e+007  1.0000000e+000  0.0000000e+000  1.7484994e+000  4.0427217e+002
  4.0433000e+007  1.0000000e+000  0.0000000e+000  1.7484994e+000  3.9759693e+002
  4.1190000e+007  1.0000000e+000  0.0000000e+000  1.7484994e+000  3.9099519e+002
  4.1960000e+007  1.0000000e+000  0.0000000e+000  1.7484994e+000  3.8447279e+002
  4.2745000e+007  1.0000000e+000  0.0000000e+000  1.7484994e+000  3.7803366e+002
  4.3545000e+007  1.0000000e+000  0.0000000e+000  1.7484994e+000  3.7167392e+002
  4.4359000e+007  1.0000000e+000  0.0000000e+000  1.7484994e+000  3.6538789e+002
  4.5189000e+007  1.0000000e+000  0.0000000e+000  1.7484994e+000  3.5918596e+002
  4.6034000e+007  1.0000000e+000  0.0000000e+000  1.7484994e+000  3.5307317e+002
  4.6895000e+007  1.0000000e+000  0.0000000e+000  1.7484994e+000  3.4702231e+002
  4.7773000e+007  1.0000000e+000  0.0000000e+000  1.7484994e+000  3.4104844e+002
  4.8666000e+007  1.0000000e+000  0.0000000e+000  1.7484994e+000  3.3515440e+002
  4.9577000e+007  1.0000000e+000  0.0000000e+000  1.7484994e+000  3.2931653e+002
  5.0504000e+007  1.0000000e+000  0.0000000e+000  1.7484994e+000  3.2357395e+002
  5.1449000e+007  1.0000000e+000  0.0000000e+000  1.7484994e+000  3.1788161e+002
  5.2411000e+007  1.0000000e+000  0.0000000e+000  1.7484994e+000  3.1226902e+002
  5.3392000e+007  1.0000000e+000  0.0000000e+000  1.7484994e+000  3.0671438e+002
  5.4391000e+007  1.0000000e+000  0.0000000e+000  1.7484994e+000  3.0123681e+002
  5.5408000e+007  1.0000000e+000  0.0000000e+000  1.7484994e+000  2.9581962e+002
  5.6445000e+007  1.0000000e+000  0.0000000e+000  1.7484994e+000  2.9047175e+002
  5.7501000e+007  1.0000000e+000  0.0000000e+000  1.7484994e+000  2.8518614e+002
  5.8576000e+007  1.0000000e+000  0.0000000e+000  1.7484994e+000  2.7996377e+002
  5.9672000e+007  1.0000000e+000  0.0000000e+000  1.7484994e+000  2.7480644e+002
  6.0788000e+007  1.0000000e+000  0.0000000e+000  1.7484994e+000  2.6970162e+002
  6.1925000e+007  1.0000000e+000  0.0000000e+000  1.7484994e+000  2.6466614e+002
  6.3084000e+007  1.0000000e+000  0.0000000e+000  1.7484994e+000  2.5968476e+002
  6.4264000e+007  1.0000000e+000  0.0000000e+000  1.7484994e+000  2.5476065e+002
  6.5466000e+007  1.0000000e+000  0.0000000e+000  1.7484994e+000  2.4990327e+002
  6.6691000e+007  1.0000000e+000  0.0000000e+000  1.7484994e+000  2.4509328e+002
  6.7938000e+007  1.0000000e+000  0.0000000e+000  1.7484994e+000  2.4034533e+002
  6.9209000e+007  1.0000000e+000  0.0000000e+000  1.7484994e+000  2.3565025e+002
  7.0504000e+007  1.0000000e+000  0.0000000e+000  1.7484994e+000  2.3100561e+002
  7.1823000e+007  1.0000000e+000  0.0000000e+000  1.7484994e+000  2.2641571e+002
  7.3166000e+007  1.0000000e+000  0.0000000e+000  1.7484994e+000  2.2187913e+002
  7.4535000e+007  1.0000000e+000  0.0000000e+000  1.7484994e+000  2.1739694e+002
  7.5929000e+007  1.0000000e+000  0.0000000e+000  1.7484994e+000  2.1297145e+002
  7.7350000e+007  1.0000000e+000  0.0000000e+000  1.7484994e+000  2.0859180e+002
  7.8797000e+007  1.0000000e+000  0.0000000e+000  1.7484994e+000  2.0426310e+002
  8.0271000e+007  1.0000000e+000  0.0000000e+000  1.7484994e+000  1.9998466e+002
  8.1772000e+007  1.0000000e+000  0.0000000e+000  1.7484994e+000  1.9575739e+002
  8.3302000e+007  1.0000000e+000  0.0000000e+000  1.7484994e+000  1.9157668e+002
  8.4860000e+007  1.0000000e+000  0.0000000e+000  1.7484994e+000  1.8745577e+002
  8.6448000e+007  1.0000000e+000  0.0000000e+000  1.7484994e+000  1.8336524e+002
  8.8065000e+007  1.0000000e+000  0.0000000e+000  1.7484994e+000  1.7932863e+002
  8.9712000e+007  1.0000000e+000  0.0000000e+000  1.7484994e+000  1.7535150e+002
  9.1390000e+007  1.0000000e+000  0.0000000e+000  1.7484994e+000  1.7141325e+002
  9.3100000e+007  1.0000000e+000  0.0000000e+000  1.7484994e+000  1.6751651e+002
  9.4842000e+007  1.0000000e+000  0.0000000e+000  1.7484994e+000  1.6367140e+002
  9.6616000e+007  1.0000000e+000  0.0000000e+000  1.7484994e+000  1.5987244e+002
  9.8423000e+007  1.0000000e+000  0.0000000e+000  1.7484994e+000  1.5612205e+002
  1.0026000e+008  1.0000000e+000  0.0000000e+000  1.7484994e+000  1.5242645e+002
  1.0214000e+008  1.0000000e+000  0.0000000e+000  1.7484994e+000  1.4875876e+002
  1.0405000e+008  1.0000000e+000  0.0000000e+000  1.7484994e+000  1.4515032e+002
  1.0600000e+008  1.0000000e+000  0.0000000e+000  1.7484994e+000  1.4157964e+002
  1.0798000e+008  1.0000000e+000  0.0000000e+000  1.7484994e+000  1.3806209e+002
  1.1000000e+008  1.0000000e+000  0.0000000e+000  1.7484994e+000  1.3458797e+002
