4.0000E+01	4.4298E-03	1.8756E-02
4.0748E+01	4.3546E-03	1.9591E-02
4.1511E+01	4.4039E-03	1.9673E-02
4.2287E+01	4.0628E-03	1.9945E-02
4.3078E+01	4.2216E-03	2.0558E-02
4.3884E+01	4.4837E-03	2.0803E-02
4.4705E+01	4.6246E-03	2.1384E-02
4.5541E+01	4.2029E-03	2.1420E-02
4.6393E+01	3.9442E-03	2.1929E-02
4.7261E+01	4.2536E-03	2.2486E-02
4.8145E+01	4.3609E-03	2.3088E-02
4.9046E+01	4.2665E-03	2.3233E-02
4.9963E+01	4.6035E-03	2.3373E-02
5.0898E+01	4.1434E-03	2.4242E-02
5.1850E+01	4.4756E-03	2.4932E-02
5.2820E+01	4.3078E-03	2.5340E-02
5.3808E+01	4.2886E-03	2.5767E-02
5.4815E+01	4.3723E-03	2.6118E-02
5.5840E+01	4.4612E-03	2.6695E-02
5.6885E+01	4.2246E-03	2.7111E-02
5.7949E+01	4.2436E-03	2.7638E-02
5.9033E+01	4.2281E-03	2.8321E-02
6.0137E+01	4.3927E-03	2.8817E-02
6.1262E+01	4.3635E-03	2.9002E-02
6.2408E+01	4.3275E-03	2.9886E-02
6.3575E+01	4.2015E-03	3.0482E-02
6.4765E+01	4.3155E-03	3.1110E-02
6.5976E+01	4.5674E-03	3.1524E-02
6.7210E+01	4.5167E-03	3.2097E-02
6.8468E+01	4.5581E-03	3.2726E-02
6.9749E+01	4.3248E-03	3.3234E-02
7.1053E+01	4.5345E-03	3.4072E-02
7.2382E+01	4.4960E-03	3.4748E-02
7.3736E+01	4.4602E-03	3.5219E-02
7.5116E+01	4.5498E-03	3.5832E-02
7.6521E+01	4.6037E-03	3.6762E-02
7.7952E+01	4.5756E-03	3.7231E-02
7.9411E+01	4.5923E-03	3.7985E-02
8.0896E+01	4.6289E-03	3.8769E-02
8.2410E+01	4.5915E-03	3.9265E-02
8.3951E+01	4.5926E-03	3.9910E-02
8.5522E+01	4.6591E-03	4.0976E-02
8.7121E+01	4.5356E-03	4.1778E-02
8.8751E+01	4.6527E-03	4.2573E-02
9.0411E+01	4.7750E-03	4.3159E-02
9.2103E+01	4.6380E-03	4.3762E-02
9.3826E+01	4.7653E-03	4.4460E-02
9.5581E+01	4.8317E-03	4.5851E-02
9.7369E+01	4.7605E-03	4.6734E-02
9.9190E+01	4.8320E-03	4.7229E-02
1.0105E+02	4.7334E-03	4.8504E-02
1.0294E+02	4.7410E-03	4.9158E-02
1.0486E+02	4.9098E-03	4.9845E-02
1.0682E+02	4.9509E-03	5.0869E-02
1.0882E+02	4.9698E-03	5.1874E-02
1.1086E+02	5.0219E-03	5.2685E-02
1.1293E+02	5.2646E-03	5.3905E-02
1.1504E+02	4.8372E-03	5.4585E-02
1.1720E+02	5.0593E-03	5.5899E-02
1.1939E+02	5.0894E-03	5.6934E-02
1.2162E+02	5.0237E-03	5.7849E-02
1.2390E+02	5.2076E-03	5.9120E-02
1.2621E+02	5.2384E-03	5.9851E-02
1.2858E+02	5.2712E-03	6.1223E-02
1.3098E+02	5.1079E-03	6.2331E-02
1.3343E+02	5.3044E-03	6.3459E-02
1.3593E+02	5.2254E-03	6.4620E-02
1.3847E+02	5.3068E-03	6.5844E-02
1.4106E+02	5.1928E-03	6.7238E-02
1.4370E+02	5.1572E-03	6.8320E-02
1.4639E+02	5.3489E-03	6.9767E-02
1.4913E+02	5.4144E-03	7.1043E-02
1.5192E+02	5.4037E-03	7.2379E-02
1.5476E+02	5.3470E-03	7.3635E-02
1.5765E+02	5.2992E-03	7.4972E-02
1.6060E+02	5.4518E-03	7.6353E-02
1.6361E+02	5.5519E-03	7.8004E-02
1.6667E+02	5.3938E-03	7.9201E-02
1.6978E+02	5.4415E-03	8.0822E-02
1.7296E+02	5.4212E-03	8.2097E-02
1.7620E+02	5.5397E-03	8.4027E-02
1.7949E+02	5.8882E-03	8.5319E-02
1.8285E+02	5.5798E-03	8.6882E-02
1.8627E+02	5.8284E-03	8.8662E-02
1.8975E+02	5.7414E-03	9.0036E-02
1.9330E+02	5.8825E-03	9.2113E-02
1.9692E+02	5.7508E-03	9.3661E-02
2.0060E+02	5.8610E-03	9.5437E-02
2.0436E+02	5.9185E-03	9.7378E-02
2.0818E+02	5.8998E-03	9.9051E-02
2.1207E+02	6.0502E-03	1.0096E-01
2.1604E+02	6.3059E-03	1.0269E-01
2.2008E+02	6.2383E-03	1.0469E-01
2.2420E+02	6.2660E-03	1.0648E-01
2.2839E+02	6.1384E-03	1.0852E-01
2.3267E+02	6.1784E-03	1.1071E-01
2.3702E+02	6.4405E-03	1.1246E-01
2.4145E+02	6.5016E-03	1.1471E-01
2.4597E+02	6.7157E-03	1.1682E-01
2.5057E+02	6.7259E-03	1.1901E-01
2.5526E+02	6.8474E-03	1.2133E-01
2.6003E+02	6.8457E-03	1.2359E-01
2.6490E+02	7.0186E-03	1.2588E-01
2.6985E+02	7.0338E-03	1.2845E-01
2.7490E+02	7.0655E-03	1.3091E-01
2.8004E+02	7.2373E-03	1.3324E-01
2.8528E+02	7.1178E-03	1.3557E-01
2.9062E+02	7.3161E-03	1.3805E-01
2.9605E+02	7.4994E-03	1.4060E-01
3.0159E+02	7.4066E-03	1.4321E-01
3.0723E+02	7.7243E-03	1.4592E-01
3.1298E+02	7.8089E-03	1.4866E-01
3.1884E+02	7.8147E-03	1.5138E-01
3.2480E+02	7.9713E-03	1.5416E-01
3.3088E+02	8.1398E-03	1.5711E-01
3.3707E+02	8.0082E-03	1.6014E-01
3.4337E+02	8.3092E-03	1.6302E-01
3.4979E+02	8.3795E-03	1.6610E-01
3.5634E+02	8.4718E-03	1.6913E-01
3.6300E+02	8.6273E-03	1.7251E-01
3.6979E+02	8.6982E-03	1.7554E-01
3.7671E+02	8.8848E-03	1.7884E-01
3.8376E+02	8.8621E-03	1.8218E-01
3.9094E+02	9.3226E-03	1.8562E-01
3.9825E+02	9.2749E-03	1.8879E-01
4.0570E+02	9.4473E-03	1.9248E-01
4.1329E+02	9.5042E-03	1.9598E-01
4.2102E+02	9.8133E-03	1.9956E-01
4.2890E+02	9.9166E-03	2.0349E-01
4.3692E+02	1.0133E-02	2.0730E-01
4.4509E+02	1.0256E-02	2.1119E-01
4.5342E+02	1.0335E-02	2.1487E-01
4.6190E+02	1.0515E-02	2.1913E-01
4.7054E+02	1.0723E-02	2.2317E-01
4.7935E+02	1.1089E-02	2.2725E-01
4.8831E+02	1.1041E-02	2.3152E-01
4.9745E+02	1.1302E-02	2.3562E-01
5.0675E+02	1.1543E-02	2.4031E-01
5.1623E+02	1.1628E-02	2.4484E-01
5.2589E+02	1.2031E-02	2.4928E-01
5.3573E+02	1.2223E-02	2.5393E-01
5.4575E+02	1.2487E-02	2.5875E-01
5.5596E+02	1.2679E-02	2.6354E-01
5.6636E+02	1.2985E-02	2.6853E-01
5.7695E+02	1.3171E-02	2.7339E-01
5.8775E+02	1.3471E-02	2.7860E-01
5.9874E+02	1.3721E-02	2.8372E-01
6.0994E+02	1.4071E-02	2.8906E-01
6.2135E+02	1.4255E-02	2.9436E-01
6.3297E+02	1.4710E-02	2.9996E-01
6.4482E+02	1.4853E-02	3.0549E-01
6.5688E+02	1.5182E-02	3.1121E-01
6.6917E+02	1.5866E-02	3.1705E-01
6.8168E+02	1.5984E-02	3.2296E-01
6.9444E+02	1.6216E-02	3.2895E-01
7.0743E+02	1.6686E-02	3.3494E-01
7.2066E+02	1.7189E-02	3.4152E-01
7.3414E+02	1.7485E-02	3.4768E-01
7.4787E+02	1.7813E-02	3.5406E-01
7.6186E+02	1.8104E-02	3.6074E-01
7.7612E+02	1.8760E-02	3.6754E-01
7.9063E+02	1.9078E-02	3.7431E-01
8.0543E+02	1.9545E-02	3.8131E-01
8.2049E+02	1.9984E-02	3.8827E-01
8.3584E+02	2.0529E-02	3.9553E-01
8.5148E+02	2.0997E-02	4.0305E-01
8.6740E+02	2.1680E-02	4.1037E-01
8.8363E+02	2.2033E-02	4.1819E-01
9.0016E+02	2.2716E-02	4.2589E-01
9.1700E+02	2.3217E-02	4.3380E-01
9.3415E+02	2.3630E-02	4.4195E-01
9.5163E+02	2.4381E-02	4.5004E-01
9.6943E+02	2.5031E-02	4.5839E-01
9.8757E+02	2.5864E-02	4.6693E-01
1.0060E+03	2.6483E-02	4.7557E-01
1.0249E+03	2.7007E-02	4.8470E-01
1.0440E+03	2.7749E-02	4.9358E-01
1.0636E+03	2.8413E-02	5.0281E-01
1.0835E+03	2.9205E-02	5.1203E-01
1.1037E+03	3.0202E-02	5.2143E-01
1.1244E+03	3.0864E-02	5.3129E-01
1.1454E+03	3.1777E-02	5.4106E-01
1.1668E+03	3.2495E-02	5.5118E-01
1.1887E+03	3.3638E-02	5.6117E-01
1.2109E+03	3.4472E-02	5.7171E-01
1.2335E+03	3.5535E-02	5.8226E-01
1.2566E+03	3.6307E-02	5.9311E-01
1.2801E+03	3.7545E-02	6.0409E-01
1.3041E+03	3.8540E-02	6.1526E-01
1.3285E+03	3.9738E-02	6.2674E-01
1.3533E+03	4.1003E-02	6.3831E-01
1.3786E+03	4.2007E-02	6.5017E-01
1.4044E+03	4.3322E-02	6.6222E-01
1.4307E+03	4.4511E-02	6.7439E-01
1.4575E+03	4.5728E-02	6.8666E-01
1.4847E+03	4.7185E-02	6.9961E-01
1.5125E+03	4.8523E-02	7.1237E-01
1.5408E+03	4.9908E-02	7.2567E-01
1.5696E+03	5.1515E-02	7.3897E-01
1.5990E+03	5.3023E-02	7.5264E-01
1.6289E+03	5.4714E-02	7.6657E-01
1.6594E+03	5.6297E-02	7.8076E-01
1.6904E+03	5.8064E-02	7.9513E-01
1.7220E+03	5.9748E-02	8.0980E-01
1.7542E+03	6.1637E-02	8.2485E-01
1.7871E+03	6.3488E-02	8.3994E-01
1.8205E+03	6.5456E-02	8.5542E-01
1.8545E+03	6.7567E-02	8.7126E-01
1.8892E+03	6.9626E-02	8.8723E-01
1.9246E+03	7.1753E-02	9.0356E-01
1.9606E+03	7.4059E-02	9.2029E-01
1.9973E+03	7.6183E-02	9.3704E-01
2.0346E+03	7.8623E-02	9.5431E-01
2.0727E+03	8.1103E-02	9.7194E-01
2.1115E+03	8.3733E-02	9.8982E-01
2.1510E+03	8.6119E-02	1.0080E+00
2.1912E+03	8.8958E-02	1.0265E+00
2.2322E+03	9.1745E-02	1.0452E+00
2.2739E+03	9.4607E-02	1.0645E+00
2.3165E+03	9.7569E-02	1.0838E+00
2.3598E+03	1.0080E-01	1.1038E+00
2.4040E+03	1.0413E-01	1.1238E+00
2.4489E+03	1.0726E-01	1.1446E+00
2.4947E+03	1.1096E-01	1.1654E+00
2.5414E+03	1.1437E-01	1.1866E+00
2.5889E+03	1.1804E-01	1.2082E+00
2.6374E+03	1.2195E-01	1.2302E+00
2.6867E+03	1.2578E-01	1.2526E+00
2.7370E+03	1.2987E-01	1.2752E+00
2.7882E+03	1.3416E-01	1.2986E+00
2.8403E+03	1.3841E-01	1.3223E+00
2.8935E+03	1.4293E-01	1.3462E+00
2.9476E+03	1.4780E-01	1.3709E+00
3.0027E+03	1.5244E-01	1.3957E+00
3.0589E+03	1.5735E-01	1.4208E+00
3.1161E+03	1.6269E-01	1.4466E+00
3.1744E+03	1.6772E-01	1.4728E+00
3.2338E+03	1.7329E-01	1.4993E+00
3.2943E+03	1.7902E-01	1.5265E+00
3.3559E+03	1.8476E-01	1.5540E+00
3.4187E+03	1.9094E-01	1.5819E+00
3.4826E+03	1.9719E-01	1.6106E+00
3.5478E+03	2.0364E-01	1.6394E+00
3.6142E+03	2.1039E-01	1.6688E+00
3.6818E+03	2.1736E-01	1.6988E+00
3.7506E+03	2.2449E-01	1.7295E+00
3.8208E+03	2.3185E-01	1.7602E+00
3.8923E+03	2.3968E-01	1.7918E+00
3.9651E+03	2.4753E-01	1.8237E+00
4.0393E+03	2.5547E-01	1.8561E+00
4.1148E+03	2.6407E-01	1.8893E+00
4.1918E+03	2.7301E-01	1.9228E+00
4.2702E+03	2.8199E-01	1.9570E+00
4.3501E+03	2.9142E-01	1.9917E+00
4.4315E+03	3.0092E-01	2.0269E+00
4.5144E+03	3.1074E-01	2.0626E+00
4.5988E+03	3.2117E-01	2.0991E+00
4.6848E+03	3.3194E-01	2.1361E+00
4.7725E+03	3.4267E-01	2.1736E+00
4.8618E+03	3.5397E-01	2.2117E+00
4.9527E+03	3.6568E-01	2.2505E+00
5.0454E+03	3.7757E-01	2.2899E+00
5.1397E+03	3.9037E-01	2.3298E+00
5.2359E+03	4.0307E-01	2.3704E+00
5.3338E+03	4.1665E-01	2.4118E+00
5.4336E+03	4.3029E-01	2.4535E+00
5.5353E+03	4.4431E-01	2.4962E+00
5.6388E+03	4.5905E-01	2.5392E+00
5.7443E+03	4.7400E-01	2.5830E+00
5.8517E+03	4.8978E-01	2.6273E+00
5.9612E+03	5.0546E-01	2.6723E+00
6.0727E+03	5.2241E-01	2.7180E+00
6.1863E+03	5.3941E-01	2.7646E+00
6.3021E+03	5.5741E-01	2.8113E+00
6.4199E+03	5.7559E-01	2.8592E+00
6.5400E+03	5.9427E-01	2.9075E+00
6.6624E+03	6.1379E-01	2.9567E+00
6.7870E+03	6.3405E-01	3.0064E+00
6.9140E+03	6.5432E-01	3.0564E+00
7.0433E+03	6.7601E-01	3.1078E+00
7.1751E+03	6.9775E-01	3.1594E+00
7.3093E+03	7.2045E-01	3.2119E+00
7.4460E+03	7.4378E-01	3.2652E+00
7.5853E+03	7.6738E-01	3.3190E+00
7.7272E+03	7.9283E-01	3.3733E+00
7.8718E+03	8.1799E-01	3.4283E+00
8.0190E+03	8.4444E-01	3.4844E+00
8.1690E+03	8.7111E-01	3.5409E+00
8.3218E+03	8.9921E-01	3.5982E+00
8.4775E+03	9.2730E-01	3.6561E+00
8.6361E+03	9.5723E-01	3.7145E+00
8.7977E+03	9.8770E-01	3.7737E+00
8.9622E+03	1.0188E+00	3.8335E+00
9.1299E+03	1.0513E+00	3.8935E+00
9.3007E+03	1.0838E+00	3.9547E+00
9.4747E+03	1.1184E+00	4.0163E+00
9.6519E+03	1.1538E+00	4.0790E+00
9.8325E+03	1.1894E+00	4.1424E+00
1.0016E+04	1.2267E+00	4.2049E+00
1.0204E+04	1.2638E+00	4.2698E+00
1.0395E+04	1.3033E+00	4.3348E+00
1.0589E+04	1.3434E+00	4.4005E+00
1.0787E+04	1.3845E+00	4.4670E+00
1.0989E+04	1.4272E+00	4.5328E+00
1.1195E+04	1.4708E+00	4.6002E+00
1.1404E+04	1.5142E+00	4.6678E+00
1.1617E+04	1.5609E+00	4.7360E+00
1.1835E+04	1.6072E+00	4.8049E+00
1.2056E+04	1.6551E+00	4.8751E+00
1.2282E+04	1.7053E+00	4.9443E+00
1.2511E+04	1.7564E+00	5.0146E+00
1.2745E+04	1.8081E+00	5.0850E+00
1.2984E+04	1.8613E+00	5.1561E+00
1.3227E+04	1.9158E+00	5.2274E+00
1.3474E+04	1.9717E+00	5.2990E+00
1.3726E+04	2.0279E+00	5.3713E+00
1.3983E+04	2.0866E+00	5.4433E+00
1.4244E+04	2.1464E+00	5.5161E+00
1.4511E+04	2.2078E+00	5.5893E+00
1.4782E+04	2.2707E+00	5.6623E+00
1.5059E+04	2.3337E+00	5.7362E+00
1.5341E+04	2.3993E+00	5.8095E+00
1.5628E+04	2.4662E+00	5.8831E+00
1.5920E+04	2.5344E+00	5.9573E+00
1.6218E+04	2.6042E+00	6.0314E+00
1.6521E+04	2.6749E+00	6.1059E+00
1.6830E+04	2.7484E+00	6.1797E+00
1.7145E+04	2.8221E+00	6.2543E+00
1.7466E+04	2.8983E+00	6.3280E+00
1.7792E+04	2.9752E+00	6.4027E+00
1.8125E+04	3.0528E+00	6.4763E+00
1.8464E+04	3.1335E+00	6.5503E+00
1.8810E+04	3.2145E+00	6.6243E+00
1.9162E+04	3.2964E+00	6.6977E+00
1.9520E+04	3.3806E+00	6.7711E+00
1.9885E+04	3.4661E+00	6.8436E+00
2.0257E+04	3.5535E+00	6.9165E+00
2.0636E+04	3.6425E+00	6.9885E+00
2.1022E+04	3.7322E+00	7.0610E+00
2.1415E+04	3.8244E+00	7.1321E+00
2.1816E+04	3.9169E+00	7.2039E+00
2.2224E+04	4.0113E+00	7.2744E+00
2.2640E+04	4.1068E+00	7.3443E+00
2.3063E+04	4.2046E+00	7.4137E+00
2.3495E+04	4.3021E+00	7.4834E+00
2.3934E+04	4.4020E+00	7.5508E+00
2.4382E+04	4.5035E+00	7.6187E+00
2.4838E+04	4.6048E+00	7.6861E+00
2.5303E+04	4.7082E+00	7.7534E+00
2.5776E+04	4.8141E+00	7.8180E+00
2.6258E+04	4.9190E+00	7.8831E+00
2.6750E+04	5.0263E+00	7.9470E+00
2.7250E+04	5.1329E+00	8.0111E+00
2.7760E+04	5.2448E+00	8.0727E+00
2.8279E+04	5.3543E+00	8.1347E+00
2.8808E+04	5.4659E+00	8.1954E+00
2.9347E+04	5.5790E+00	8.2562E+00
2.9896E+04	5.6916E+00	8.3145E+00
3.0455E+04	5.8061E+00	8.3732E+00
3.1025E+04	5.9215E+00	8.4297E+00
3.1605E+04	6.0369E+00	8.4865E+00
3.2197E+04	6.1530E+00	8.5412E+00
3.2799E+04	6.2708E+00	8.5957E+00
3.3412E+04	6.3890E+00	8.6488E+00
3.4037E+04	6.5077E+00	8.7008E+00
3.4674E+04	6.6278E+00	8.7520E+00
3.5323E+04	6.7480E+00	8.8030E+00
3.5984E+04	6.8686E+00	8.8511E+00
3.6657E+04	6.9897E+00	8.8993E+00
3.7342E+04	7.1116E+00	8.9462E+00
3.8041E+04	7.2335E+00	8.9930E+00
3.8753E+04	7.3558E+00	9.0375E+00
3.9478E+04	7.4793E+00	9.0813E+00
4.0216E+04	7.6028E+00	9.1248E+00
4.0968E+04	7.7261E+00	9.1676E+00
4.1735E+04	7.8496E+00	9.2085E+00
4.2515E+04	7.9738E+00	9.2492E+00
4.3311E+04	8.0975E+00	9.2881E+00
4.4121E+04	8.2220E+00	9.3274E+00
4.4946E+04	8.3467E+00	9.3649E+00
4.5787E+04	8.4711E+00	9.4018E+00
4.6644E+04	8.5948E+00	9.4374E+00
4.7516E+04	8.7190E+00	9.4724E+00
4.8405E+04	8.8433E+00	9.5057E+00
4.9311E+04	8.9675E+00	9.5394E+00
5.0233E+04	9.0915E+00	9.5719E+00
5.1173E+04	9.2152E+00	9.6043E+00
5.2130E+04	9.3394E+00	9.6353E+00
5.3105E+04	9.4620E+00	9.6666E+00
5.4099E+04	9.5860E+00	9.6970E+00
5.5111E+04	9.7089E+00	9.7266E+00
5.6141E+04	9.8303E+00	9.7560E+00
5.7192E+04	9.9534E+00	9.7838E+00
5.8262E+04	1.0074E+01	9.8142E+00
5.9351E+04	1.0197E+01	9.8414E+00
6.0462E+04	1.0317E+01	9.8695E+00
6.1593E+04	1.0437E+01	9.8973E+00
6.2745E+04	1.0558E+01	9.9236E+00
6.3919E+04	1.0679E+01	9.9505E+00
6.5114E+04	1.0799E+01	9.9773E+00
6.6332E+04	1.0918E+01	1.0003E+01
6.7573E+04	1.1036E+01	1.0030E+01
6.8837E+04	1.1155E+01	1.0057E+01
7.0125E+04	1.1273E+01	1.0084E+01
7.1437E+04	1.1390E+01	1.0110E+01
7.2773E+04	1.1506E+01	1.0138E+01
7.4135E+04	1.1625E+01	1.0164E+01
7.5521E+04	1.1741E+01	1.0191E+01
7.6934E+04	1.1857E+01	1.0217E+01
7.8373E+04	1.1972E+01	1.0245E+01
7.9840E+04	1.2088E+01	1.0273E+01
8.1333E+04	1.2202E+01	1.0300E+01
8.2855E+04	1.2318E+01	1.0328E+01
8.4404E+04	1.2432E+01	1.0356E+01
8.5983E+04	1.2547E+01	1.0386E+01
8.7592E+04	1.2661E+01	1.0416E+01
8.9230E+04	1.2775E+01	1.0447E+01
9.0900E+04	1.2889E+01	1.0478E+01
9.2600E+04	1.3003E+01	1.0508E+01
9.4332E+04	1.3117E+01	1.0540E+01
9.6097E+04	1.3230E+01	1.0573E+01
9.7895E+04	1.3342E+01	1.0606E+01
9.9726E+04	1.3456E+01	1.0639E+01
1.0159E+05	1.3568E+01	1.0674E+01
1.0349E+05	1.3682E+01	1.0708E+01
1.0543E+05	1.3794E+01	1.0744E+01
1.0740E+05	1.3908E+01	1.0781E+01
1.0941E+05	1.4022E+01	1.0818E+01
1.1146E+05	1.4135E+01	1.0856E+01
1.1354E+05	1.4249E+01	1.0896E+01
1.1566E+05	1.4363E+01	1.0935E+01
1.1783E+05	1.4476E+01	1.0976E+01
1.2003E+05	1.4590E+01	1.1016E+01
1.2228E+05	1.4704E+01	1.1059E+01
1.2457E+05	1.4819E+01	1.1102E+01
1.2690E+05	1.4934E+01	1.1146E+01
1.2927E+05	1.5050E+01	1.1190E+01
1.3169E+05	1.5166E+01	1.1235E+01
1.3415E+05	1.5282E+01	1.1282E+01
1.3666E+05	1.5399E+01	1.1330E+01
1.3922E+05	1.5515E+01	1.1378E+01
1.4182E+05	1.5634E+01	1.1426E+01
1.4447E+05	1.5752E+01	1.1476E+01
1.4718E+05	1.5871E+01	1.1529E+01
1.4993E+05	1.5991E+01	1.1581E+01
1.5274E+05	1.6112E+01	1.1632E+01
1.5559E+05	1.6233E+01	1.1687E+01
1.5850E+05	1.6356E+01	1.1740E+01
1.6147E+05	1.6477E+01	1.1796E+01
1.6449E+05	1.6602E+01	1.1850E+01
1.6757E+05	1.6726E+01	1.1907E+01
1.7070E+05	1.6851E+01	1.1964E+01
1.7389E+05	1.6978E+01	1.2023E+01
1.7715E+05	1.7104E+01	1.2081E+01
1.8046E+05	1.7232E+01	1.2141E+01
1.8384E+05	1.7361E+01	1.2202E+01
1.8727E+05	1.7492E+01	1.2261E+01
1.9078E+05	1.7622E+01	1.2324E+01
1.9435E+05	1.7753E+01	1.2386E+01
1.9798E+05	1.7886E+01	1.2449E+01
2.0169E+05	1.8020E+01	1.2513E+01
2.0546E+05	1.8155E+01	1.2576E+01
2.0930E+05	1.8290E+01	1.2643E+01
2.1322E+05	1.8428E+01	1.2708E+01
2.1721E+05	1.8567E+01	1.2771E+01
2.2127E+05	1.8707E+01	1.2839E+01
2.2541E+05	1.8846E+01	1.2909E+01
2.2963E+05	1.8989E+01	1.2974E+01
2.3392E+05	1.9131E+01	1.3042E+01
2.3830E+05	1.9275E+01	1.3111E+01
2.4275E+05	1.9421E+01	1.3180E+01
2.4730E+05	1.9568E+01	1.3249E+01
2.5192E+05	1.9716E+01	1.3319E+01
2.5663E+05	1.9865E+01	1.3387E+01
2.6144E+05	2.0014E+01	1.3460E+01
2.6633E+05	2.0167E+01	1.3530E+01
2.7131E+05	2.0319E+01	1.3601E+01
2.7638E+05	2.0474E+01	1.3674E+01
2.8155E+05	2.0630E+01	1.3744E+01
2.8682E+05	2.0788E+01	1.3814E+01
2.9219E+05	2.0945E+01	1.3886E+01
2.9765E+05	2.1104E+01	1.3957E+01
3.0322E+05	2.1264E+01	1.4029E+01
3.0889E+05	2.1427E+01	1.4101E+01
3.1467E+05	2.1590E+01	1.4172E+01
3.2056E+05	2.1755E+01	1.4243E+01
3.2655E+05	2.1920E+01	1.4315E+01
3.3266E+05	2.2087E+01	1.4386E+01
3.3889E+05	2.2254E+01	1.4456E+01
3.4522E+05	2.2425E+01	1.4527E+01
3.5168E+05	2.2594E+01	1.4598E+01
3.5826E+05	2.2765E+01	1.4669E+01
3.6496E+05	2.2936E+01	1.4741E+01
3.7179E+05	2.3110E+01	1.4810E+01
3.7875E+05	2.3285E+01	1.4880E+01
3.8583E+05	2.3459E+01	1.4951E+01
3.9305E+05	2.3636E+01	1.5020E+01
4.0040E+05	2.3813E+01	1.5089E+01
4.0789E+05	2.3991E+01	1.5158E+01
4.1552E+05	2.4168E+01	1.5229E+01
4.2329E+05	2.4347E+01	1.5299E+01
4.3121E+05	2.4527E+01	1.5367E+01
4.3928E+05	2.4708E+01	1.5437E+01
4.4750E+05	2.4889E+01	1.5506E+01
4.5587E+05	2.5072E+01	1.5577E+01
4.6440E+05	2.5255E+01	1.5644E+01
4.7308E+05	2.5439E+01	1.5716E+01
4.8193E+05	2.5622E+01	1.5784E+01
4.9095E+05	2.5806E+01	1.5853E+01
5.0013E+05	2.5993E+01	1.5924E+01
5.0949E+05	2.6181E+01	1.5994E+01
5.1902E+05	2.6368E+01	1.6064E+01
5.2873E+05	2.6558E+01	1.6133E+01
5.3862E+05	2.6749E+01	1.6205E+01
5.4870E+05	2.6939E+01	1.6277E+01
5.5896E+05	2.7131E+01	1.6349E+01
5.6942E+05	2.7324E+01	1.6420E+01
5.8007E+05	2.7519E+01	1.6491E+01
5.9092E+05	2.7715E+01	1.6565E+01
6.0197E+05	2.7912E+01	1.6634E+01
6.1323E+05	2.8111E+01	1.6707E+01
6.2471E+05	2.8309E+01	1.6777E+01
6.3639E+05	2.8511E+01	1.6848E+01
6.4830E+05	2.8713E+01	1.6919E+01
6.6042E+05	2.8915E+01	1.6988E+01
6.7278E+05	2.9119E+01	1.7059E+01
6.8536E+05	2.9324E+01	1.7127E+01
6.9818E+05	2.9530E+01	1.7196E+01
7.1125E+05	2.9737E+01	1.7266E+01
7.2455E+05	2.9942E+01	1.7334E+01
7.3810E+05	3.0150E+01	1.7404E+01
7.5191E+05	3.0359E+01	1.7471E+01
7.6598E+05	3.0567E+01	1.7540E+01
7.8031E+05	3.0776E+01	1.7611E+01
7.9490E+05	3.0988E+01	1.7680E+01
8.0977E+05	3.1201E+01	1.7747E+01
8.2492E+05	3.1413E+01	1.7819E+01
8.4035E+05	3.1626E+01	1.7889E+01
8.5607E+05	3.1841E+01	1.7957E+01
8.7209E+05	3.2056E+01	1.8029E+01
8.8840E+05	3.2273E+01	1.8099E+01
9.0502E+05	3.2490E+01	1.8171E+01
9.2195E+05	3.2709E+01	1.8243E+01
9.3920E+05	3.2931E+01	1.8317E+01
9.5677E+05	3.3153E+01	1.8387E+01
9.7467E+05	3.3381E+01	1.8456E+01
9.9290E+05	3.3606E+01	1.8526E+01
1.0115E+06	3.3833E+01	1.8596E+01
1.0304E+06	3.4064E+01	1.8664E+01
1.0497E+06	3.4295E+01	1.8733E+01
1.0693E+06	3.4525E+01	1.8799E+01
1.0893E+06	3.4757E+01	1.8870E+01
1.1097E+06	3.4995E+01	1.8934E+01
1.1304E+06	3.5231E+01	1.9002E+01
1.1516E+06	3.5467E+01	1.9067E+01
1.1731E+06	3.5703E+01	1.9133E+01
1.1951E+06	3.5938E+01	1.9197E+01
1.2174E+06	3.6175E+01	1.9262E+01
1.2402E+06	3.6412E+01	1.9326E+01
1.2634E+06	3.6650E+01	1.9393E+01
1.2870E+06	3.6890E+01	1.9455E+01
1.3111E+06	3.7130E+01	1.9520E+01
1.3356E+06	3.7373E+01	1.9588E+01
1.3606E+06	3.7617E+01	1.9650E+01
1.3861E+06	3.7863E+01	1.9714E+01
1.4120E+06	3.8109E+01	1.9779E+01
1.4384E+06	3.8358E+01	1.9843E+01
1.4653E+06	3.8611E+01	1.9907E+01
1.4927E+06	3.8862E+01	1.9969E+01
1.5207E+06	3.9116E+01	2.0030E+01
1.5491E+06	3.9371E+01	2.0090E+01
1.5781E+06	3.9626E+01	2.0150E+01
1.6076E+06	3.9883E+01	2.0208E+01
1.6377E+06	4.0141E+01	2.0265E+01
1.6683E+06	4.0398E+01	2.0321E+01
1.6995E+06	4.0655E+01	2.0379E+01
1.7313E+06	4.0914E+01	2.0434E+01
1.7637E+06	4.1174E+01	2.0489E+01
1.7967E+06	4.1434E+01	2.0545E+01
1.8303E+06	4.1696E+01	2.0600E+01
1.8646E+06	4.1959E+01	2.0656E+01
1.8994E+06	4.2223E+01	2.0709E+01
1.9350E+06	4.2491E+01	2.0764E+01
1.9712E+06	4.2758E+01	2.0815E+01
2.0080E+06	4.3027E+01	2.0868E+01
2.0456E+06	4.3297E+01	2.0920E+01
2.0839E+06	4.3568E+01	2.0970E+01
2.1229E+06	4.3842E+01	2.1017E+01
2.1626E+06	4.4114E+01	2.1066E+01
2.2030E+06	4.4390E+01	2.1112E+01
2.2442E+06	4.4666E+01	2.1158E+01
2.2862E+06	4.4942E+01	2.1200E+01
2.3290E+06	4.5218E+01	2.1246E+01
2.3725E+06	4.5495E+01	2.1288E+01
2.4169E+06	4.5774E+01	2.1331E+01
2.4621E+06	4.6052E+01	2.1374E+01
2.5082E+06	4.6332E+01	2.1416E+01
2.5551E+06	4.6614E+01	2.1456E+01
2.6029E+06	4.6896E+01	2.1496E+01
2.6516E+06	4.7182E+01	2.1537E+01
2.7012E+06	4.7465E+01	2.1575E+01
2.7517E+06	4.7753E+01	2.1609E+01
2.8032E+06	4.8040E+01	2.1646E+01
2.8557E+06	4.8328E+01	2.1679E+01
2.9091E+06	4.8616E+01	2.1710E+01
2.9635E+06	4.8903E+01	2.1740E+01
3.0189E+06	4.9193E+01	2.1771E+01
3.0754E+06	4.9483E+01	2.1801E+01
3.1329E+06	4.9775E+01	2.1830E+01
3.1916E+06	5.0066E+01	2.1858E+01
3.2513E+06	5.0360E+01	2.1883E+01
3.3121E+06	5.0654E+01	2.1908E+01
3.3740E+06	5.0949E+01	2.1932E+01
3.4372E+06	5.1246E+01	2.1955E+01
3.5014E+06	5.1545E+01	2.1976E+01
3.5669E+06	5.1841E+01	2.1995E+01
3.6337E+06	5.2139E+01	2.2013E+01
3.7016E+06	5.2439E+01	2.2030E+01
3.7709E+06	5.2738E+01	2.2045E+01
3.8414E+06	5.3039E+01	2.2059E+01
3.9133E+06	5.3341E+01	2.2073E+01
3.9865E+06	5.3642E+01	2.2084E+01
4.0611E+06	5.3945E+01	2.2097E+01
4.1370E+06	5.4246E+01	2.2107E+01
4.2144E+06	5.4551E+01	2.2116E+01
4.2933E+06	5.4856E+01	2.2120E+01
4.3736E+06	5.5161E+01	2.2126E+01
4.4554E+06	5.5466E+01	2.2129E+01
4.5387E+06	5.5773E+01	2.2132E+01
4.6237E+06	5.6082E+01	2.2131E+01
4.7101E+06	5.6391E+01	2.2130E+01
4.7983E+06	5.6697E+01	2.2128E+01
4.8880E+06	5.7008E+01	2.2124E+01
4.9795E+06	5.7318E+01	2.2118E+01
5.0726E+06	5.7622E+01	2.2102E+01
5.1675E+06	5.7930E+01	2.2093E+01
5.2642E+06	5.8240E+01	2.2082E+01
5.3626E+06	5.8552E+01	2.2070E+01
5.4630E+06	5.8864E+01	2.2057E+01
5.5652E+06	5.9174E+01	2.2041E+01
5.6693E+06	5.9489E+01	2.2026E+01
5.7753E+06	5.9803E+01	2.2005E+01
5.8833E+06	6.0117E+01	2.1984E+01
5.9934E+06	6.0433E+01	2.1961E+01
6.1055E+06	6.0749E+01	2.1936E+01
6.2197E+06	6.1067E+01	2.1908E+01
6.3361E+06	6.1384E+01	2.1879E+01
6.4546E+06	6.1702E+01	2.1846E+01
6.5754E+06	6.2020E+01	2.1815E+01
6.6984E+06	6.2338E+01	2.1778E+01
6.8237E+06	6.2658E+01	2.1740E+01
6.9513E+06	6.2976E+01	2.1702E+01
7.0814E+06	6.3294E+01	2.1660E+01
7.2138E+06	6.3616E+01	2.1619E+01
7.3488E+06	6.3937E+01	2.1573E+01
7.4862E+06	6.4258E+01	2.1526E+01
7.6263E+06	6.4576E+01	2.1475E+01
7.7689E+06	6.4897E+01	2.1423E+01
7.9143E+06	6.5217E+01	2.1369E+01
8.0623E+06	6.5536E+01	2.1311E+01
8.2131E+06	6.5857E+01	2.1252E+01
8.3668E+06	6.6178E+01	2.1190E+01
8.5233E+06	6.6498E+01	2.1126E+01
8.6827E+06	6.6821E+01	2.1060E+01
8.8452E+06	6.7142E+01	2.0989E+01
9.0106E+06	6.7463E+01	2.0917E+01
9.1792E+06	6.7785E+01	2.0843E+01
9.3509E+06	6.8103E+01	2.0765E+01
9.5258E+06	6.8425E+01	2.0686E+01
9.7040E+06	6.8748E+01	2.0603E+01
9.8856E+06	6.9071E+01	2.0516E+01
1.0070E+07	6.9393E+01	2.0429E+01
1.0259E+07	6.9717E+01	2.0338E+01
1.0451E+07	7.0040E+01	2.0247E+01
1.0646E+07	7.0363E+01	2.0150E+01
1.0845E+07	7.0687E+01	2.0052E+01
1.1048E+07	7.1008E+01	1.9951E+01
1.1255E+07	7.1331E+01	1.9846E+01
1.1466E+07	7.1653E+01	1.9738E+01
1.1680E+07	7.1975E+01	1.9627E+01
1.1899E+07	7.2297E+01	1.9513E+01
1.2121E+07	7.2618E+01	1.9393E+01
1.2348E+07	7.2938E+01	1.9273E+01
1.2579E+07	7.3257E+01	1.9148E+01
1.2814E+07	7.3575E+01	1.9022E+01
1.3054E+07	7.3894E+01	1.8892E+01
1.3298E+07	7.4213E+01	1.8755E+01
1.3547E+07	7.4532E+01	1.8618E+01
1.3800E+07	7.4848E+01	1.8477E+01
1.4058E+07	7.5166E+01	1.8332E+01
1.4321E+07	7.5481E+01	1.8182E+01
1.4589E+07	7.5795E+01	1.8030E+01
1.4862E+07	7.6110E+01	1.7876E+01
1.5140E+07	7.6422E+01	1.7716E+01
1.5423E+07	7.6736E+01	1.7553E+01
1.5712E+07	7.7046E+01	1.7385E+01
1.6006E+07	7.7355E+01	1.7214E+01
1.6305E+07	7.7667E+01	1.7038E+01
1.6610E+07	7.7978E+01	1.6860E+01
1.6921E+07	7.8287E+01	1.6677E+01
1.7238E+07	7.8595E+01	1.6489E+01
1.7560E+07	7.8900E+01	1.6301E+01
1.7889E+07	7.9206E+01	1.6104E+01
1.8223E+07	7.9508E+01	1.5907E+01
1.8564E+07	7.9810E+01	1.5703E+01
1.8911E+07	8.0110E+01	1.5494E+01
1.9265E+07	8.0410E+01	1.5282E+01
1.9625E+07	8.0703E+01	1.5066E+01
1.9993E+07	8.0998E+01	1.4845E+01
2.0367E+07	8.1288E+01	1.4615E+01
2.0748E+07	8.1583E+01	1.4386E+01
2.1136E+07	8.1876E+01	1.4149E+01
2.1531E+07	8.2166E+01	1.3910E+01
2.1934E+07	8.2451E+01	1.3664E+01
2.2344E+07	8.2735E+01	1.3410E+01
2.2762E+07	8.3018E+01	1.3156E+01
2.3188E+07	8.3296E+01	1.2898E+01
2.3622E+07	8.3574E+01	1.2632E+01
2.4064E+07	8.3851E+01	1.2363E+01
2.4514E+07	8.4124E+01	1.2088E+01
2.4972E+07	8.4392E+01	1.1808E+01
2.5440E+07	8.4661E+01	1.1523E+01
2.5915E+07	8.4927E+01	1.1233E+01
2.6400E+07	8.5190E+01	1.0937E+01
2.6894E+07	8.5447E+01	1.0636E+01
2.7397E+07	8.5706E+01	1.0329E+01
2.7910E+07	8.5958E+01	1.0015E+01
2.8432E+07	8.6208E+01	9.6978E+00
2.8964E+07	8.6456E+01	9.3742E+00
2.9505E+07	8.6700E+01	9.0457E+00
3.0057E+07	8.6942E+01	8.7106E+00
3.0620E+07	8.7178E+01	8.3674E+00
3.1192E+07	8.7411E+01	8.0213E+00
3.1776E+07	8.7643E+01	7.6668E+00
3.2370E+07	8.7866E+01	7.3102E+00
3.2976E+07	8.8088E+01	6.9458E+00
3.3593E+07	8.8306E+01	6.5725E+00
3.4221E+07	8.8522E+01	6.1968E+00
3.4861E+07	8.8729E+01	5.8133E+00
3.5514E+07	8.8934E+01	5.4223E+00
3.6178E+07	8.9132E+01	5.0252E+00
3.6855E+07	8.9326E+01	4.6258E+00
3.7544E+07	8.9516E+01	4.2141E+00
3.8246E+07	8.9702E+01	3.7976E+00
3.8962E+07	8.9880E+01	3.3749E+00
3.9691E+07	9.0053E+01	2.9459E+00
4.0433E+07	9.0222E+01	2.5097E+00
4.1190E+07	9.0385E+01	2.0640E+00
4.1960E+07	9.0539E+01	1.6162E+00
4.2745E+07	9.0688E+01	1.1601E+00
4.3545E+07	9.0831E+01	6.9753E-01
4.4359E+07	9.0964E+01	2.2717E-01
4.5189E+07	9.1093E+01	-2.5134E-01
4.6034E+07	9.1217E+01	-7.3715E-01
4.6895E+07	9.1330E+01	-1.2278E+00
4.7773E+07	9.1438E+01	-1.7246E+00
4.8666E+07	9.1537E+01	-2.2314E+00
4.9577E+07	9.1626E+01	-2.7432E+00
5.0504E+07	9.1711E+01	-3.2636E+00
5.1449E+07	9.1783E+01	-3.7901E+00
5.2411E+07	9.1848E+01	-4.3238E+00
5.3392E+07	9.1902E+01	-4.8645E+00
5.4391E+07	9.1949E+01	-5.4123E+00
5.5408E+07	9.1983E+01	-5.9678E+00
5.6445E+07	9.2010E+01	-6.5318E+00
5.7501E+07	9.2025E+01	-7.1014E+00
5.8576E+07	9.2028E+01	-7.6786E+00
5.9672E+07	9.2022E+01	-8.2601E+00
6.0788E+07	9.2001E+01	-8.8498E+00
6.1925E+07	9.1971E+01	-9.4456E+00
6.3084E+07	9.1928E+01	-1.0049E+01
6.4264E+07	9.1871E+01	-1.0657E+01
6.5466E+07	9.1804E+01	-1.1270E+01
6.6691E+07	9.1721E+01	-1.1893E+01
6.7938E+07	9.1625E+01	-1.2517E+01
6.9209E+07	9.1515E+01	-1.3149E+01
7.0504E+07	9.1389E+01	-1.3786E+01
7.1823E+07	9.1248E+01	-1.4426E+01
7.3166E+07	9.1091E+01	-1.5073E+01
7.4535E+07	9.0920E+01	-1.5722E+01
7.5929E+07	9.0734E+01	-1.6372E+01
7.7350E+07	9.0531E+01	-1.7030E+01
7.8797E+07	9.0310E+01	-1.7692E+01
8.0271E+07	9.0072E+01	-1.8356E+01
8.1772E+07	8.9816E+01	-1.9024E+01
8.3302E+07	8.9542E+01	-1.9691E+01
8.4860E+07	8.9254E+01	-2.0359E+01
8.6448E+07	8.8941E+01	-2.1032E+01
8.8065E+07	8.8610E+01	-2.1701E+01
8.9712E+07	8.8265E+01	-2.2377E+01
9.1390E+07	8.7897E+01	-2.3050E+01
9.3100E+07	8.7507E+01	-2.3721E+01
9.4842E+07	8.7099E+01	-2.4392E+01
9.6616E+07	8.6670E+01	-2.5060E+01
9.8423E+07	8.6221E+01	-2.5728E+01
1.0026E+08	8.5752E+01	-2.6391E+01
1.0214E+08	8.5259E+01	-2.7047E+01
1.0405E+08	8.4748E+01	-2.7700E+01
1.0600E+08	8.4214E+01	-2.8350E+01
1.0798E+08	8.3657E+01	-2.8993E+01
1.1000E+08	8.3080E+01	-2.9621E+01
