   4.0000000e+01   1.7311423e+02
   4.0931720e+01   1.8825395e+02
   4.1885142e+01   1.4343759e+02
   4.2860772e+01   1.3501358e+02
   4.3859128e+01   1.5339202e+02
   4.4880738e+01   1.6256140e+02
   4.5926145e+01   1.4195300e+02
   4.6995902e+01   1.7828824e+02
   4.8090577e+01   1.5626871e+02
   4.9210751e+01   1.2371994e+02
   5.0357016e+01   1.5997776e+02
   5.1529982e+01   1.9045929e+02
   5.2730270e+01   1.6136957e+02
   5.3958515e+01   1.6751426e+02
   5.5215371e+01   1.5869798e+02
   5.6501502e+01   1.4602634e+02
   5.7817591e+01   1.6496981e+02
   5.9164336e+01   1.6595225e+02
   6.0542450e+01   1.5968411e+02
   6.1952665e+01   1.6101952e+02
   6.3395728e+01   1.6787354e+02
   6.4872404e+01   1.5767348e+02
   6.6383476e+01   1.6427170e+02
   6.7929746e+01   1.6227097e+02
   6.9512033e+01   1.5120079e+02
   7.1131176e+01   1.5535344e+02
   7.2788034e+01   1.6347575e+02
   7.4483485e+01   1.5961752e+02
   7.6218429e+01   1.5853534e+02
   7.7993784e+01   1.5850461e+02
   7.9810493e+01   1.6514731e+02
   8.1669518e+01   1.5714503e+02
   8.3571845e+01   1.5107246e+02
   8.5518484e+01   1.6142716e+02
   8.7510465e+01   1.6605887e+02
   8.9548846e+01   1.6901765e+02
   9.1634706e+01   1.6421226e+02
   9.3769153e+01   1.5734421e+02
   9.5953317e+01   1.5316199e+02
   9.8188357e+01   1.5519643e+02
   1.0047546e+02   1.5569380e+02
   1.0281583e+02   1.6110334e+02
   1.0521072e+02   1.5869226e+02
   1.0766139e+02   1.5805617e+02
   1.1016915e+02   1.5849391e+02
   1.1273532e+02   1.5748897e+02
   1.1536126e+02   1.5829892e+02
   1.1804837e+02   1.5892683e+02
   1.2079807e+02   1.6019882e+02
   1.2361182e+02   1.6076719e+02
   1.2649111e+02   1.5545021e+02
   1.2943746e+02   1.5719545e+02
   1.3245245e+02   1.5975644e+02
   1.3553766e+02   1.5429275e+02
   1.3869474e+02   1.5876735e+02
   1.4192536e+02   1.5829735e+02
   1.4523122e+02   1.5846777e+02
   1.4861409e+02   1.6134480e+02
   1.5207576e+02   1.6010778e+02
   1.5561806e+02   1.5926889e+02
   1.5924287e+02   1.6046712e+02
   1.6295211e+02   1.5871647e+02
   1.6674775e+02   1.5860737e+02
   1.7063181e+02   1.5731779e+02
   1.7460633e+02   1.6217604e+02
   1.7867344e+02   1.5836036e+02
   1.8283528e+02   1.6071187e+02
   1.8709406e+02   1.6087739e+02
   1.9145204e+02   1.5884555e+02
   1.9591153e+02   1.5983668e+02
   2.0047489e+02   1.5909076e+02
   2.0514455e+02   1.5601977e+02
   2.0992298e+02   1.5878840e+02
   2.1481272e+02   1.5733935e+02
   2.1981635e+02   1.5898705e+02
   2.2493653e+02   1.5959068e+02
   2.3017597e+02   1.5867179e+02
   2.3553746e+02   1.5975783e+02
   2.4102383e+02   1.5774689e+02
   2.4663800e+02   1.5950559e+02
   2.5238294e+02   1.5722801e+02
   2.5826169e+02   1.5703400e+02
   2.6427738e+02   1.5978540e+02
   2.7043319e+02   1.5836470e+02
   2.7673239e+02   1.5764289e+02
   2.8317831e+02   1.5830287e+02
   2.8977438e+02   1.5809288e+02
   2.9652410e+02   1.6000543e+02
   3.0343103e+02   1.5917707e+02
   3.1049885e+02   1.5899105e+02
   3.1773129e+02   1.5927626e+02
   3.2513221e+02   1.5764417e+02
   3.3270551e+02   1.5977375e+02
   3.4045522e+02   1.5971277e+02
   3.4838544e+02   1.5899006e+02
   3.5650038e+02   1.5845736e+02
   3.6480434e+02   1.6002439e+02
   3.7330172e+02   1.5919557e+02
   3.8199703e+02   1.5945426e+02
   3.9089489e+02   1.5813586e+02
   4.0000000e+02   1.5930456e+02
   4.0931720e+02   1.6005225e+02
   4.1885142e+02   1.6078343e+02
   4.2860772e+02   1.5819684e+02
   4.3859128e+02   1.5785676e+02
   4.4880738e+02   1.5803769e+02
   4.5926145e+02   1.5801014e+02
   4.6995902e+02   1.5830273e+02
   4.8090577e+02   1.5880587e+02
   4.9210751e+02   1.5877810e+02
   5.0357016e+02   1.5876110e+02
   5.1529982e+02   1.5908034e+02
   5.2730270e+02   1.5750484e+02
   5.3958515e+02   1.5839601e+02
   5.5215371e+02   1.5839502e+02
   5.6501502e+02   1.5969864e+02
   5.7817591e+02   1.5926147e+02
   5.9164336e+02   1.5849419e+02
   6.0542450e+02   1.5920990e+02
   6.1952665e+02   1.5818093e+02
   6.3395728e+02   1.5873987e+02
   6.4872404e+02   1.5905841e+02
   6.6383476e+02   1.5866607e+02
   6.7929746e+02   1.5843872e+02
   6.9512033e+02   1.5818534e+02
   7.1131176e+02   1.5848227e+02
   7.2788034e+02   1.5884599e+02
   7.4483485e+02   1.5840954e+02
   7.6218429e+02   1.5903635e+02
   7.7993784e+02   1.5855358e+02
   7.9810493e+02   1.5898265e+02
   8.1669518e+02   1.5869395e+02
   8.3571845e+02   1.5817392e+02
   8.5518484e+02   1.5866742e+02
   8.7510465e+02   1.5849403e+02
   8.9548846e+02   1.5872642e+02
   9.1634706e+02   1.5884809e+02
   9.3769153e+02   1.5855879e+02
   9.5953317e+02   1.5910835e+02
   9.8188357e+02   1.5834809e+02
   1.0047546e+03   1.5855720e+02
   1.0281583e+03   1.5815377e+02
   1.0521072e+03   1.5851038e+02
   1.0766139e+03   1.5844954e+02
   1.1016915e+03   1.5879058e+02
   1.1273532e+03   1.5906623e+02
   1.1536126e+03   1.5879171e+02
   1.1804837e+03   1.5862518e+02
   1.2079807e+03   1.5884370e+02
   1.2361182e+03   1.5871729e+02
   1.2649111e+03   1.5882885e+02
   1.2943746e+03   1.5855498e+02
   1.3245245e+03   1.5867862e+02
   1.3553766e+03   1.5865565e+02
   1.3869474e+03   1.5871314e+02
   1.4192536e+03   1.5862199e+02
   1.4523122e+03   1.5875714e+02
   1.4861409e+03   1.5834468e+02
   1.5207576e+03   1.5841771e+02
   1.5561806e+03   1.5853204e+02
   1.5924287e+03   1.5866559e+02
   1.6295211e+03   1.5868032e+02
   1.6674775e+03   1.5874289e+02
   1.7063181e+03   1.5863141e+02
   1.7460633e+03   1.5872591e+02
   1.7867344e+03   1.5857518e+02
   1.8283528e+03   1.5841732e+02
   1.8709406e+03   1.5858371e+02
   1.9145204e+03   1.5851013e+02
   1.9591153e+03   1.5870229e+02
   2.0047489e+03   1.5855847e+02
   2.0514455e+03   1.5847670e+02
   2.0992298e+03   1.5834169e+02
   2.1481272e+03   1.5855637e+02
   2.1981635e+03   1.5849511e+02
   2.2493653e+03   1.5853443e+02
   2.3017597e+03   1.5852094e+02
   2.3553746e+03   1.5867729e+02
   2.4102383e+03   1.5850878e+02
   2.4663800e+03   1.5841236e+02
   2.5238294e+03   1.5860252e+02
   2.5826169e+03   1.5834061e+02
   2.6427738e+03   1.5842757e+02
   2.7043319e+03   1.5845736e+02
   2.7673239e+03   1.5843055e+02
   2.8317831e+03   1.5844458e+02
   2.8977438e+03   1.5831638e+02
   2.9652410e+03   1.5854363e+02
   3.0343103e+03   1.5843435e+02
   3.1049885e+03   1.5847940e+02
   3.1773129e+03   1.5847332e+02
   3.2513221e+03   1.5847211e+02
   3.3270551e+03   1.5849970e+02
   3.4045522e+03   1.5849058e+02
   3.4838544e+03   1.5828046e+02
   3.5650038e+03   1.5831976e+02
   3.6480434e+03   1.5845499e+02
   3.7330172e+03   1.5839041e+02
   3.8199703e+03   1.5838003e+02
   3.9089489e+03   1.5839552e+02
   4.0000000e+03   1.5848760e+02
   4.0931720e+03   1.5845861e+02
   4.1885142e+03   1.5843490e+02
   4.2860772e+03   1.5841621e+02
   4.3859128e+03   1.5839693e+02
   4.4880738e+03   1.5843737e+02
   4.5926145e+03   1.5850589e+02
   4.6995902e+03   1.5832200e+02
   4.8090577e+03   1.5842783e+02
   4.9210751e+03   1.5838523e+02
   5.0357016e+03   1.5839985e+02
   5.1529982e+03   1.5832623e+02
   5.2730270e+03   1.5840880e+02
   5.3958515e+03   1.5845497e+02
   5.5215371e+03   1.5838438e+02
   5.6501502e+03   1.5841735e+02
   5.7817591e+03   1.5837009e+02
   5.9164336e+03   1.5829937e+02
   6.0542450e+03   1.5840648e+02
   6.1952665e+03   1.5842652e+02
   6.3395728e+03   1.5829831e+02
   6.4872404e+03   1.5839435e+02
   6.6383476e+03   1.5836381e+02
   6.7929746e+03   1.5834143e+02
   6.9512033e+03   1.5835417e+02
   7.1131176e+03   1.5836561e+02
   7.2788034e+03   1.5833172e+02
   7.4483485e+03   1.5834499e+02
   7.6218429e+03   1.5832765e+02
   7.7993784e+03   1.5840137e+02
   7.9810493e+03   1.5837748e+02
   8.1669518e+03   1.5837270e+02
   8.3571845e+03   1.5834379e+02
   8.5518484e+03   1.5832035e+02
   8.7510465e+03   1.5830499e+02
   8.9548846e+03   1.5832035e+02
   9.1634706e+03   1.5836206e+02
   9.3769153e+03   1.5829486e+02
   9.5953317e+03   1.5829227e+02
   9.8188357e+03   1.5833040e+02
   1.0047546e+04   1.5831870e+02
   1.0281583e+04   1.5828141e+02
   1.0521072e+04   1.5829307e+02
   1.0766139e+04   1.5831274e+02
   1.1016915e+04   1.5831341e+02
   1.1273532e+04   1.5830561e+02
   1.1536126e+04   1.5831452e+02
   1.1804837e+04   1.5828491e+02
   1.2079807e+04   1.5830909e+02
   1.2361182e+04   1.5830267e+02
   1.2649111e+04   1.5832082e+02
   1.2943746e+04   1.5833158e+02
   1.3245245e+04   1.5836810e+02
   1.3553766e+04   1.5831603e+02
   1.3869474e+04   1.5828397e+02
   1.4192536e+04   1.5829683e+02
   1.4523122e+04   1.5833448e+02
   1.4861409e+04   1.5831351e+02
   1.5207576e+04   1.5829909e+02
   1.5561806e+04   1.5833078e+02
   1.5924287e+04   1.5831859e+02
   1.6295211e+04   1.5834050e+02
   1.6674775e+04   1.5833248e+02
   1.7063181e+04   1.5835199e+02
   1.7460633e+04   1.5834351e+02
   1.7867344e+04   1.5837187e+02
   1.8283528e+04   1.5838910e+02
   1.8709406e+04   1.5836723e+02
   1.9145204e+04   1.5836005e+02
   1.9591153e+04   1.5835837e+02
   2.0047489e+04   1.5837096e+02
   2.0514455e+04   1.5837610e+02
   2.0992298e+04   1.5838914e+02
   2.1481272e+04   1.5838645e+02
   2.1981635e+04   1.5838211e+02
   2.2493653e+04   1.5839724e+02
   2.3017597e+04   1.5840301e+02
   2.3553746e+04   1.5838887e+02
   2.4102383e+04   1.5840458e+02
   2.4663800e+04   1.5840733e+02
   2.5238294e+04   1.5840561e+02
   2.5826169e+04   1.5844018e+02
   2.6427738e+04   1.5845095e+02
   2.7043319e+04   1.5845141e+02
   2.7673239e+04   1.5845958e+02
   2.8317831e+04   1.5845151e+02
   2.8977438e+04   1.5846757e+02
   2.9652410e+04   1.5847719e+02
   3.0343103e+04   1.5850858e+02
   3.1049885e+04   1.5849083e+02
   3.1773129e+04   1.5850772e+02
   3.2513221e+04   1.5851615e+02
   3.3270551e+04   1.5854020e+02
   3.4045522e+04   1.5855188e+02
   3.4838544e+04   1.5856423e+02
   3.5650038e+04   1.5856434e+02
   3.6480434e+04   1.5859114e+02
   3.7330172e+04   1.5860962e+02
   3.8199703e+04   1.5861339e+02
   3.9089489e+04   1.5863388e+02
   4.0000000e+04   1.5866020e+02
   4.0931720e+04   1.5868845e+02
   4.1885142e+04   1.5870288e+02
   4.2860772e+04   1.5872671e+02
   4.3859128e+04   1.5876572e+02
   4.4880738e+04   1.5878056e+02
   4.5926145e+04   1.5881844e+02
   4.6995902e+04   1.5885529e+02
   4.8090577e+04   1.5887218e+02
   4.9210751e+04   1.5889494e+02
   5.0357016e+04   1.5893652e+02
   5.1529982e+04   1.5896748e+02
   5.2730270e+04   1.5900202e+02
   5.3958515e+04   1.5904522e+02
   5.5215371e+04   1.5909449e+02
   5.6501502e+04   1.5914475e+02
   5.7817591e+04   1.5918778e+02
   5.9164336e+04   1.5924910e+02
   6.0542450e+04   1.5930300e+02
   6.1952665e+04   1.5935686e+02
   6.3395728e+04   1.5941941e+02
   6.4872404e+04   1.5948403e+02
   6.6383476e+04   1.5954622e+02
   6.7929746e+04   1.5962095e+02
   6.9512033e+04   1.5968447e+02
   7.1131176e+04   1.5975745e+02
   7.2788034e+04   1.5983208e+02
   7.4483485e+04   1.5993337e+02
   7.6218429e+04   1.6002523e+02
   7.7993784e+04   1.6011245e+02
   7.9810493e+04   1.6019812e+02
   8.1669518e+04   1.6027431e+02
   8.3571845e+04   1.6037092e+02
   8.5518484e+04   1.6047262e+02
   8.7510465e+04   1.6057332e+02
   8.9548846e+04   1.6069477e+02
   9.1634706e+04   1.6079386e+02
   9.3769153e+04   1.6089694e+02
   9.5953317e+04   1.6097571e+02
   9.8188357e+04   1.6106419e+02
   1.0047546e+05   1.6114476e+02
   1.0281583e+05   1.6122792e+02
   1.0521072e+05   1.6129756e+02
   1.0766139e+05   1.6135390e+02
   1.1016915e+05   1.6141269e+02
   1.1273532e+05   1.6146494e+02
   1.1536126e+05   1.6149116e+02
   1.1804837e+05   1.6148381e+02
   1.2079807e+05   1.6145460e+02
   1.2361182e+05   1.6140283e+02
   1.2649111e+05   1.6133629e+02
   1.2943746e+05   1.6124770e+02
   1.3245245e+05   1.6112040e+02
   1.3553766e+05   1.6096522e+02
   1.3869474e+05   1.6077597e+02
   1.4192536e+05   1.6055246e+02
   1.4523122e+05   1.6029536e+02
   1.4861409e+05   1.6001330e+02
   1.5207576e+05   1.5967751e+02
   1.5561806e+05   1.5930682e+02
   1.5924287e+05   1.5889040e+02
   1.6295211e+05   1.5842419e+02
   1.6674775e+05   1.5793235e+02
   1.7063181e+05   1.5740464e+02
   1.7460633e+05   1.5684241e+02
   1.7867344e+05   1.5622620e+02
   1.8283528e+05   1.5559005e+02
   1.8709406e+05   1.5490999e+02
   1.9145204e+05   1.5418050e+02
   1.9591153e+05   1.5342023e+02
   2.0047489e+05   1.5261359e+02
   2.0514455e+05   1.5175781e+02
   2.0992298e+05   1.5087559e+02
   2.1481272e+05   1.4995087e+02
   2.1981635e+05   1.4897856e+02
   2.2493653e+05   1.4797220e+02
   2.3017597e+05   1.4690424e+02
   2.3553746e+05   1.4579623e+02
   2.4102383e+05   1.4463264e+02
   2.4663800e+05   1.4342279e+02
   2.5238294e+05   1.4216570e+02
   2.5826169e+05   1.4085206e+02
   2.6427738e+05   1.3948828e+02
   2.7043319e+05   1.3807472e+02
   2.7673239e+05   1.3658292e+02
   2.8317831e+05   1.3505624e+02
   2.8977438e+05   1.3347063e+02
   2.9652410e+05   1.3181406e+02
   3.0343103e+05   1.3012257e+02
   3.1049885e+05   1.2836076e+02
   3.1773129e+05   1.2654558e+02
   3.2513221e+05   1.2466322e+02
   3.3270551e+05   1.2272856e+02
   3.4045522e+05   1.2076316e+02
   3.4838544e+05   1.1884778e+02
   3.5650038e+05   1.1679800e+02
   3.6480434e+05   1.1466015e+02
   3.7330172e+05   1.1248779e+02
   3.8199703e+05   1.1027938e+02
   3.9089489e+05   1.0803941e+02
   4.0000000e+05   1.0576194e+02
   4.0931720e+05   1.0345566e+02
   4.1885142e+05   1.0111809e+02
   4.2860772e+05   9.8762229e+01
   4.3859128e+05   9.6387854e+01
   4.4880738e+05   9.4000895e+01
   4.5926145e+05   9.1612358e+01
   4.6995902e+05   8.9196155e+01
   4.8090577e+05   8.6756802e+01
   4.9210751e+05   8.4364805e+01
   5.0357016e+05   8.1982966e+01
   5.1529982e+05   7.9562754e+01
   5.2730270e+05   7.7154200e+01
   5.3958515e+05   7.4751654e+01
   5.5215371e+05   7.2361015e+01
   5.6501502e+05   6.9998965e+01
   5.7817591e+05   6.7655074e+01
   5.9164336e+05   6.5336991e+01
   6.0542450e+05   6.3068965e+01
   6.1952665e+05   6.0927492e+01
   6.3395728e+05   5.8725504e+01
   6.4872404e+05   5.6495264e+01
   6.6383476e+05   5.4340305e+01
   6.7929746e+05   5.2247655e+01
   6.9512033e+05   5.0186193e+01
   7.1131176e+05   4.8143219e+01
   7.2788034e+05   4.6172529e+01
   7.4483485e+05   4.4270313e+01
   7.6218429e+05   4.2388649e+01
   7.7993784e+05   4.0509259e+01
   7.9810493e+05   3.8705775e+01
   8.1669518e+05   3.6964171e+01
   8.3571845e+05   3.5251118e+01
   8.5518484e+05   3.3572204e+01
   8.7510465e+05   3.1952168e+01
   8.9548846e+05   3.0375814e+01
   9.1634706e+05   2.8841414e+01
   9.3769153e+05   2.7357610e+01
   9.5953317e+05   2.5923975e+01
   9.8188357e+05   2.4516780e+01
   1.0047546e+06   2.3157666e+01
   1.0281583e+06   2.1851450e+01
   1.0521072e+06   2.0586951e+01
   1.0766139e+06   1.9365272e+01
   1.1016915e+06   1.8153456e+01
   1.1273532e+06   1.6991388e+01
   1.1536126e+06   1.5896564e+01
   1.1804837e+06   1.4807701e+01
   1.2079807e+06   1.3755988e+01
   1.2361182e+06   1.2740346e+01
   1.2649111e+06   1.1770016e+01
   1.2943746e+06   1.0842545e+01
   1.3245245e+06   9.9419224e+00
   1.3553766e+06   9.0620823e+00
   1.3869474e+06   8.2104777e+00
   1.4192536e+06   7.4050476e+00
   1.4523122e+06   6.6426849e+00
   1.4861409e+06   5.9255027e+00
   1.5207576e+06   5.2214404e+00
   1.5561806e+06   4.5395944e+00
   1.5924287e+06   3.8817524e+00
   1.6295211e+06   3.2531883e+00
   1.6674775e+06   2.6445977e+00
   1.7063181e+06   2.0729595e+00
   1.7460633e+06   1.5344362e+00
   1.7867344e+06   1.0285128e+00
   1.8283528e+06   5.4215327e-01
   1.8709406e+06   8.7148628e-02
   1.9145204e+06  -3.5552571e-01
   1.9591153e+06  -7.7944800e-01
   2.0047489e+06  -1.1804049e+00
   2.0514455e+06  -1.5561755e+00
   2.0992298e+06  -1.9047018e+00
   2.1481272e+06  -2.2359001e+00
   2.1981635e+06  -2.5506145e+00
   2.2493653e+06  -2.8369396e+00
   2.3017597e+06  -3.1026498e+00
   2.3553746e+06  -3.3590023e+00
   2.4102383e+06  -3.6012853e+00
   2.4663800e+06  -3.8261278e+00
   2.5238294e+06  -4.0285469e+00
   2.5826169e+06  -4.2109404e+00
   2.6427738e+06  -4.3789372e+00
   2.7043319e+06  -4.5461043e+00
   2.7673239e+06  -4.7034872e+00
   2.8317831e+06  -4.8437509e+00
   2.8977438e+06  -4.9696508e+00
   2.9652410e+06  -5.0814918e+00
   3.0343103e+06  -5.1785091e+00
   3.1049885e+06  -5.2716050e+00
   3.1773129e+06  -1.9567639e+00
   3.2513221e+06  -5.4267892e+00
   3.3270551e+06  -5.4852473e+00
   3.4045522e+06  -5.5356996e+00
   3.4838544e+06  -5.5821531e+00
   3.5650038e+06  -5.6219614e+00
   3.6480434e+06  -5.6522388e+00
   3.7330172e+06  -5.6724665e+00
   3.8199703e+06  -5.6866943e+00
   3.9089489e+06  -5.6944680e+00
   4.0000000e+06  -5.6937836e+00
   4.0931720e+06  -5.6856932e+00
   4.1885142e+06  -5.6733948e+00
   4.2860772e+06  -5.6557005e+00
   4.3859128e+06  -5.6323595e+00
   4.4880738e+06  -5.6032877e+00
   4.5926145e+06  -5.5699072e+00
   4.6995902e+06  -5.5309766e+00
   4.8090577e+06  -5.4876748e+00
   4.9210751e+06  -5.4407100e+00
   5.0357016e+06  -5.3891396e+00
   5.1529982e+06  -5.3339855e+00
   5.2730270e+06  -5.2751273e+00
   5.3958515e+06  -5.2132638e+00
   5.5215371e+06  -5.1475886e+00
   5.6501502e+06  -5.0795344e+00
   5.7817591e+06  -5.0086864e+00
   5.9164336e+06  -4.9354668e+00
   6.0542450e+06  -4.8600673e+00
   6.1952665e+06  -4.7824308e+00
   6.3395728e+06  -4.7042200e+00
   6.4872404e+06  -4.6240990e+00
   6.6383476e+06  -4.5421969e+00
   6.7929746e+06  -4.4593478e+00
   6.9512033e+06  -4.3754367e+00
   7.1131176e+06  -4.2913034e+00
   7.2788034e+06  -4.2060223e+00
   7.4483485e+06  -4.1198487e+00
   7.6218429e+06  -4.0339830e+00
   7.7993784e+06  -3.9482385e+00
   7.9810493e+06  -3.8623518e+00
   8.1669518e+06  -3.7761507e+00
   8.3571845e+06  -3.6904725e+00
   8.5518484e+06  -3.6055629e+00
   8.7510465e+06  -3.5209381e+00
   8.9548846e+06  -3.4365542e+00
   9.1634706e+06  -3.3526991e+00
   9.3769153e+06  -3.2698321e+00
   9.5953317e+06  -3.1879662e+00
   9.8188357e+06  -3.1065339e+00
   1.0047546e+07  -3.0259300e+00
   1.0281583e+07  -2.9464607e+00
   1.0521072e+07  -2.8680620e+00
   1.0766139e+07  -2.7907132e+00
   1.1016915e+07  -2.7143771e+00
   1.1273532e+07  -2.6392453e+00
   1.1536126e+07  -2.5656861e+00
   1.1804837e+07  -2.4931537e+00
   1.2079807e+07  -2.4216472e+00
   1.2361182e+07  -2.3516251e+00
   1.2649111e+07  -2.2831423e+00
   1.2943746e+07  -2.2157466e+00
   1.3245245e+07  -2.1496056e+00
   1.3553766e+07  -2.0846416e+00
   1.3869474e+07  -2.0214366e+00
   1.4192536e+07  -1.9594458e+00
   1.4523122e+07  -1.8985683e+00
   1.4861409e+07  -1.8390158e+00
   1.5207576e+07  -1.7809554e+00
   1.5561806e+07  -1.7243100e+00
   1.5924287e+07  -1.6687481e+00
   1.6295211e+07  -1.6143660e+00
   1.6674775e+07  -1.5615647e+00
   1.7063181e+07  -1.5100081e+00
   1.7460633e+07  -1.4596373e+00
   1.7867344e+07  -1.4104472e+00
   1.8283528e+07  -1.3626033e+00
   1.8709406e+07  -1.3159997e+00
   1.9145204e+07  -1.2705116e+00
   1.9591153e+07  -1.2261460e+00
   2.0047489e+07  -1.1830263e+00
   2.0514455e+07  -1.1410335e+00
   2.0992298e+07  -1.1001370e+00
   2.1481272e+07  -1.0603072e+00
   2.1981635e+07  -4.7687149e-01
   2.2493653e+07  -9.8391403e-01
   2.3017597e+07  -9.4727101e-01
   2.3553746e+07  -9.1156440e-01
   2.4102383e+07  -8.7687326e-01
   2.4663800e+07  -8.4318390e-01
   2.5238294e+07  -8.1041277e-01
   2.5826169e+07  -7.7849347e-01
   2.6427738e+07  -7.4745932e-01
   2.7043319e+07  -7.1735268e-01
   2.7673239e+07  -6.8803874e-01
   2.8317831e+07  -6.5952496e-01
   2.8977438e+07  -6.3177454e-01
   2.9652410e+07  -6.0481632e-01
   3.0343103e+07  -5.7854382e-01
   3.1049885e+07  -5.5300365e-01
   3.1773129e+07  -5.2813470e-01
   3.2513221e+07  -5.0393651e-01
   3.3270551e+07  -4.8035056e-01
   3.4045522e+07  -4.5738613e-01
   3.4838544e+07  -4.3496811e-01
   3.5650038e+07  -4.1314068e-01
   3.6480434e+07  -3.9180708e-01
   3.7330172e+07  -3.7094807e-01
   3.8199703e+07  -3.5054874e-01
   3.9089489e+07  -3.3058552e-01
   4.0000000e+07  -3.1100791e-01
   4.0931720e+07  -2.9178472e-01
   4.1885142e+07  -2.7289355e-01
   4.2860772e+07  -2.5428948e-01
   4.3859128e+07  -2.3594605e-01
   4.4880738e+07  -2.1779572e-01
   4.5926145e+07  -1.9978546e-01
   4.6995902e+07  -1.8187752e-01
   4.8090577e+07  -1.6403165e-01
   4.9210751e+07  -1.4614489e-01
   5.0357016e+07  -1.2813840e-01
   5.1529982e+07  -1.0994543e-01
   5.2730270e+07  -9.1459957e-02
   5.3958515e+07  -7.2549001e-02
   5.5215371e+07  -5.3058178e-02
   5.6501502e+07  -3.2810539e-02
   5.7817591e+07  -1.1610446e-02
   5.9164336e+07   1.0849589e-02
   6.0542450e+07   3.4923121e-02
   6.1952665e+07   6.1060429e-02
   6.3395728e+07   8.9765609e-02
   6.4872404e+07   1.2184249e-01
   6.6383476e+07   1.5825018e-01
   6.7929746e+07   2.0017116e-01
   6.9512033e+07   2.4868625e-01
   7.1131176e+07   3.0453888e-01
   7.2788034e+07   3.6511736e-01
   7.4483485e+07   4.1536840e-01
   7.6218429e+07   3.9930830e-01
   7.7993784e+07   1.8367781e-01
   7.9810493e+07  -2.6776656e-01
   8.1669518e+07  -5.9761147e-01
   8.3571845e+07  -6.5837996e-01
   8.5518484e+07  -6.0429389e-01
   8.7510465e+07  -5.2994206e-01
   8.9548846e+07  -4.6212117e-01
   9.1634706e+07  -4.0526419e-01
   9.3769153e+07  -3.5830497e-01
   9.5953317e+07  -3.1930755e-01
   9.8188357e+07  -2.8653393e-01
   1.0047546e+08  -2.5862863e-01
   1.0281583e+08  -2.3457238e-01
   1.0521072e+08  -2.1358527e-01
   1.0766139e+08  -1.9508352e-01
