4.000000000000e+01 5.271808287778e-03 4.350835179454e-02
4.093171969123e+01 2.331124364982e-04 4.841544796757e-02
4.188514192204e+01 5.856310461253e-03 3.774877424268e-02
4.286077220950e+01 6.598954298969e-03 3.635945038042e-02
4.385912784573e+01 3.205897377334e-04 4.227101085960e-02
4.488073817208e+01 3.345491877976e-03 4.584133733064e-02
4.592614485988e+01 1.614070855808e-03 4.096231091453e-02
4.699590219758e+01 2.181683289200e-03 5.264565846964e-02
4.809057738470e+01 -3.744836677325e-03 4.721846852255e-02
4.921075083250e+01 -8.377457019573e-04 3.825423973636e-02
5.035701647177e+01 2.007991883208e-03 5.061735812295e-02
5.152998206773e+01 -2.458657842268e-03 6.166546697987e-02
5.273026954226e+01 -1.862532078682e-03 5.346400609160e-02
5.395851530367e+01 5.823327024790e-03 5.679258524113e-02
5.521537058412e+01 -4.637698986202e-04 5.505683645405e-02
5.650150178491e+01 3.770326725929e-03 5.184072519842e-02
5.781759082984e+01 6.594317895138e-03 5.993000657221e-02
5.916433552673e+01 5.954156229037e-04 6.169116923540e-02
6.054244993745e+01 5.825707559786e-03 6.074374461406e-02
6.195266475650e+01 -2.272279825371e-03 6.267846970863e-02
6.339572769844e+01 2.947500220365e-03 6.686858177810e-02
6.487240389436e+01 3.013636424308e-03 6.426855319937e-02
6.638347629750e+01 3.174450695202e-04 6.851767247145e-02
6.792974609847e+01 2.364987767414e-03 6.925971230644e-02
6.951203314997e+01 -5.245982786367e-03 6.603800270556e-02
7.113117640156e+01 -2.987528711305e-03 6.943216831130e-02
7.278803434440e+01 2.870492631392e-03 7.476411621527e-02
7.448348546651e+01 1.595885926818e-03 7.469996657496e-02
7.621842871853e+01 -3.850335018900e-03 7.592170571618e-02
7.799378399032e+01 4.025731418098e-04 7.767509072054e-02
7.981049259876e+01 -4.205082985484e-03 8.281544766785e-02
8.166951778678e+01 2.209215633453e-03 8.063814111668e-02
8.357184523416e+01 1.901098070098e-03 7.932775672183e-02
8.551848358009e+01 1.425199057256e-03 8.673941054706e-02
8.751046495798e+01 2.962581878954e-03 9.130655247922e-02
8.954884554273e+01 1.649506118295e-03 9.509811496508e-02
9.163470611071e+01 1.617199142090e-03 9.454649883451e-02
9.376915261280e+01 2.196157547581e-03 9.270232201241e-02
9.595331676078e+01 7.732469321175e-04 9.234021197205e-02
9.818835662740e+01 -2.803964123851e-04 9.574621127293e-02
1.004754572604e+02 -2.795551744027e-05 9.829041450169e-02
1.028158313108e+02 -2.349422213090e-03 1.040745197661e-01
1.052107196758e+02 3.440272619199e-04 1.049048598180e-01
1.076613921571e+02 1.603356075479e-03 1.069181179965e-01
1.101691481335e+02 -2.929101746166e-03 1.097115734968e-01
1.127353172506e+02 1.058768238756e-03 1.115552482726e-01
1.153612601251e+02 2.968556625793e-03 1.147407818970e-01
1.180483690667e+02 3.152270344675e-03 1.178791744611e-01
1.207980688161e+02 -1.548195447501e-03 1.215903641582e-01
1.236118173005e+02 1.105409027354e-03 1.248640131735e-01
1.264911064067e+02 2.374878742374e-04 1.235467089147e-01
1.294374627719e+02 3.174824833224e-03 1.278438463003e-01
1.324524485930e+02 2.401694663666e-03 1.329530255915e-01
1.355376624557e+02 3.828311329465e-03 1.313969778445e-01
1.386947401810e+02 2.123113050672e-03 1.383569781755e-01
1.419253556934e+02 8.174412235378e-04 1.411606014923e-01
1.452312219080e+02 1.280618760797e-03 1.446041699356e-01
1.486140916389e+02 1.710437620705e-03 1.506589162207e-01
1.520757585282e+02 2.063905539529e-03 1.529862094301e-01
1.556180579977e+02 -7.592617740068e-04 1.557294768470e-01
1.592428682214e+02 -1.134568078996e-03 1.605557749789e-01
1.629521111216e+02 2.402841759622e-03 1.625031771578e-01
1.667477533881e+02 -1.313335060934e-03 1.661740586690e-01
1.706318075206e+02 -3.619811430801e-03 1.686621746305e-01
1.746063328961e+02 -4.098668930828e-04 1.779207298566e-01
1.786734368604e+02 -7.828117375415e-04 1.777814036388e-01
1.828352758459e+02 6.029251606962e-03 1.846238503761e-01
1.870940565149e+02 2.386250005581e-03 1.891188757763e-01
1.914520369291e+02 4.512287007764e-03 1.910798591255e-01
1.959115277474e+02 1.283680173287e-03 1.967507127823e-01
2.004748934509e+02 9.125514974074e-04 2.003940502196e-01
2.051445535965e+02 2.303650328599e-03 2.011034413257e-01
2.099229840999e+02 4.489657056817e-03 2.094395198037e-01
2.148127185481e+02 5.301907546595e-03 2.123621928639e-01
2.198163495430e+02 3.258182364023e-03 2.195844632413e-01
2.249365300761e+02 1.538114546412e-03 2.255523682817e-01
2.301759749349e+02 1.981905989312e-03 2.294772234849e-01
2.355374621422e+02 3.200417979945e-03 2.364296896263e-01
2.410238344297e+02 6.239530623871e-03 2.388914862129e-01
2.466380007446e+02 2.080360613210e-03 2.471813872587e-01
2.523829377921e+02 2.015648380593e-03 2.493272697515e-01
2.582616916139e+02 4.179435409228e-03 2.548200281936e-01
2.642773792030e+02 3.207121097895e-03 2.653242572064e-01
2.704331901568e+02 1.368493934456e-03 2.690904276443e-01
2.767323883676e+02 4.222244140419e-03 2.741032846583e-01
2.831783137537e+02 2.109036813126e-03 2.816622489448e-01
2.897743840300e+02 1.866678264396e-03 2.878406737016e-01
2.965240965204e+02 4.042848017113e-03 2.981086438426e-01
3.034310300117e+02 3.465433812255e-04 3.034732070988e-01
3.104988466515e+02 5.243197119474e-03 3.101791100358e-01
3.177312938897e+02 6.701403609408e-03 3.179734797819e-01
3.251322064656e+02 2.397520209898e-03 3.220459051391e-01
3.327055084411e+02 1.856753933170e-03 3.339990853547e-01
3.404552152809e+02 -2.688991011690e-04 3.416484877600e-01
3.483854359824e+02 8.770461212547e-04 3.480245148257e-01
3.565003752535e+02 2.345478471133e-03 3.549378138051e-01
3.648043357424e+02 3.100911537949e-03 3.667972242809e-01
3.733017203188e+02 -1.579256337428e-03 3.733970182384e-01
3.819970344086e+02 7.698767062223e-04 3.827154448275e-01
3.908948883823e+02 2.286745747759e-03 3.883919503587e-01
4.000000000000e+02 3.648854354144e-03 4.003760213197e-01
4.093171969123e+02 1.611489353304e-03 4.116249157718e-01
4.188514192204e+02 4.442240813617e-03 4.231371518518e-01
4.286077220950e+02 2.756778453785e-05 4.260275189453e-01
4.385912784573e+02 4.801219376381e-03 4.350137995192e-01
4.488073817208e+02 4.487515122444e-03 4.456568001530e-01
4.592614485988e+02 4.004382140126e-03 4.559579874827e-01
4.699590219758e+02 3.640898968745e-03 4.674425814982e-01
4.809057738470e+02 3.837055507582e-03 4.798510126057e-01
4.921075083250e+02 7.475709235672e-03 4.909423119490e-01
5.035701647177e+02 6.265824597573e-03 5.023240360137e-01
5.152998206773e+02 4.492298736605e-03 5.150582893172e-01
5.273026954226e+02 4.699680687565e-03 5.218356667054e-01
5.395851530367e+02 3.756734434742e-03 5.370121248923e-01
5.521537058412e+02 4.299035260154e-03 5.495173180526e-01
5.650150178491e+02 5.472721310633e-03 5.669451937192e-01
5.781759082984e+02 5.100466439042e-03 5.785628972842e-01
5.916433552673e+02 5.992082354089e-03 5.891870513893e-01
6.054244993745e+02 4.840972175474e-03 6.056335673359e-01
6.195266475650e+02 3.405991491521e-03 6.157352029420e-01
6.339572769844e+02 3.447840109847e-03 6.323039318076e-01
6.487240389436e+02 5.006630754738e-03 6.483305671888e-01
6.638347629750e+02 4.449344602558e-03 6.617956745004e-01
6.792974609847e+02 5.495475932964e-03 6.762405200018e-01
6.951203314997e+02 4.078610569929e-03 6.908855029798e-01
7.113117640156e+02 5.136314966766e-03 7.083053895450e-01
7.278803434440e+02 3.986341854788e-03 7.264673917483e-01
7.448348546651e+02 5.146997383351e-03 7.413464384590e-01
7.621842871853e+02 3.471216187993e-03 7.616163397198e-01
7.799378399032e+02 4.693756437600e-03 7.769908622096e-01
7.981049259876e+02 8.092825493238e-03 7.972409256335e-01
8.166951778678e+02 4.897869692370e-03 8.143296300513e-01
8.357184523416e+02 6.216372149939e-03 8.305671285532e-01
8.551848358009e+02 6.993506987707e-03 8.525652286390e-01
8.751046495798e+02 4.847562473174e-03 8.714706426421e-01
8.954884554273e+02 6.805740465195e-03 8.930773353243e-01
9.163470611071e+02 1.047686921406e-02 9.145803109155e-01
9.376915261280e+02 1.939541949701e-03 9.341792048321e-01
9.595331676078e+02 7.468160895942e-03 9.592522798755e-01
9.818835662740e+02 1.063199433155e-02 9.769057987182e-01
1.004754572604e+03 8.436521976615e-03 1.000980978961e+00
1.028158313108e+03 7.167280539488e-03 1.021690607309e+00
1.052107196758e+03 9.317335824014e-03 1.047846272112e+00
1.076613921571e+03 1.034851899349e-02 1.071842187259e+00
1.101691481335e+03 1.047954863020e-02 1.099169338740e+00
1.127353172506e+03 9.130581439578e-03 1.126724802570e+00
1.153612601251e+03 1.011959134355e-02 1.150979742579e+00
1.180483690667e+03 7.278838462035e-03 1.176554325363e+00
1.207980688161e+03 8.520405285452e-03 1.205618401137e+00
1.236118173005e+03 8.313170488807e-03 1.232719058855e+00
1.264911064067e+03 1.065560145086e-02 1.262319367440e+00
1.294374627719e+03 8.759978426941e-03 1.289495226704e+00
1.324524485930e+03 1.260298649137e-02 1.320560383998e+00
1.355376624557e+03 9.525356256669e-03 1.351124596951e+00
1.386947401810e+03 9.841547613847e-03 1.383097345509e+00
1.419253556934e+03 1.065092807016e-02 1.414500993045e+00
1.452312219080e+03 1.299866904207e-02 1.448682214674e+00
1.486140916389e+03 1.323849771208e-02 1.478574930748e+00
1.520757585282e+03 1.340016458842e-02 1.513713175783e+00
1.556180579977e+03 1.452344841197e-02 1.550089983513e+00
1.592428682214e+03 1.301502533592e-02 1.587532472048e+00
1.629521111216e+03 1.651688003862e-02 1.624661661356e+00
1.667477533881e+03 1.508440069172e-02 1.663160403808e+00
1.706318075206e+03 1.321201256718e-02 1.700705202279e+00
1.746063328961e+03 1.492816934431e-02 1.741356436856e+00
1.786734368604e+03 1.624916213440e-02 1.780225674601e+00
1.828352758459e+03 1.751640408736e-02 1.819879055684e+00
1.870940565149e+03 1.508186631942e-02 1.864225511444e+00
1.914520369291e+03 1.545301758957e-02 1.906763774157e+00
1.959115277474e+03 2.139189920282e-02 1.953543345370e+00
2.004748934509e+03 1.725466628800e-02 1.997235640432e+00
2.051445535965e+03 1.780000404653e-02 2.042703290163e+00
2.099229840999e+03 1.714608403453e-02 2.088503109519e+00
2.148127185481e+03 2.188450589052e-02 2.140048138639e+00
2.198163495430e+03 1.864028499844e-02 2.189050163188e+00
2.249365300761e+03 2.066211959491e-02 2.240595452614e+00
2.301759749349e+03 2.589173389506e-02 2.292590543624e+00
2.355374621422e+03 2.156120992047e-02 2.348305725011e+00
2.410238344297e+03 2.624250466926e-02 2.400452905312e+00
2.466380007446e+03 2.418625165297e-02 2.454872336765e+00
2.523829377921e+03 2.577613324588e-02 2.515069168579e+00
2.582616916139e+03 2.359853693331e-02 2.569402688432e+00
2.642773792030e+03 2.279995298259e-02 2.630695814740e+00
2.704331901568e+03 2.733830408195e-02 2.692478698827e+00
2.767323883676e+03 2.743551676279e-02 2.754728367472e+00
2.831783137537e+03 2.943401720815e-02 2.819143909806e+00
2.897743840300e+03 3.046880891486e-02 2.882475989044e+00
2.965240965204e+03 2.984044847851e-02 2.953851545645e+00
3.034310300117e+03 3.054718494653e-02 3.020572152801e+00
3.104988466515e+03 3.113534104374e-02 3.091809243267e+00
3.177312938897e+03 3.097404662500e-02 3.163705249390e+00
3.251322064656e+03 3.686533760733e-02 3.237372724942e+00
3.327055084411e+03 3.616397455376e-02 3.313357652263e+00
3.404552152809e+03 3.445543031856e-02 3.390340534010e+00
3.483854359824e+03 3.894043921182e-02 3.464712199104e+00
3.565003752535e+03 3.952756316694e-02 3.546296020053e+00
3.648043357424e+03 3.922959200722e-02 3.631999492685e+00
3.733017203188e+03 4.111106787388e-02 3.715085006187e+00
3.819970344086e+03 4.270747425549e-02 3.801371184058e+00
3.908948883823e+03 4.369793599090e-02 3.890297017263e+00
4.000000000000e+03 4.724721669300e-02 3.983227769395e+00
4.093171969123e+03 4.814796954042e-02 4.075263581634e+00
4.188514192204e+03 4.817715899757e-02 4.169564564511e+00
4.286077220950e+03 4.842244142593e-02 4.266182844289e+00
4.385912784573e+03 5.069459348546e-02 4.365023949222e+00
4.488073817208e+03 5.527021721077e-02 4.467838619355e+00
4.592614485988e+03 5.634215026091e-02 4.573885116336e+00
4.699590219758e+03 5.742161490191e-02 4.674994603417e+00
4.809057738470e+03 5.894381946558e-02 4.787087032108e+00
4.921075083250e+03 6.094671376702e-02 4.897275440613e+00
5.035701647177e+03 6.412602899476e-02 5.011810164775e+00
5.152998206773e+03 6.708775545342e-02 5.126166605853e+00
5.273026954226e+03 6.787533695021e-02 5.248306087875e+00
5.395851530367e+03 7.147991262321e-02 5.372120394037e+00
5.521537058412e+03 7.131630566270e-02 5.494804046501e+00
5.650150178491e+03 7.402096965970e-02 5.623964773636e+00
5.781759082984e+03 7.960343946547e-02 5.753247050692e+00
5.916433552673e+03 8.231742587611e-02 5.884628308486e+00
6.054244993745e+03 8.136551258498e-02 6.025773614239e+00
6.195266475650e+03 8.456329029543e-02 6.166911682760e+00
6.339572769844e+03 8.980151599230e-02 6.305450896276e+00
6.487240389436e+03 9.121329116078e-02 6.456238213685e+00
6.638347629750e+03 9.594610084237e-02 6.605349347704e+00
6.792974609847e+03 1.024405552529e-01 6.758252833212e+00
6.951203314997e+03 1.065496113949e-01 6.916228827754e+00
7.113117640156e+03 1.110564594205e-01 7.077839961997e+00
7.278803434440e+03 1.131858610059e-01 7.241154306893e+00
7.448348546651e+03 1.128827241217e-01 7.410443148431e+00
7.621842871853e+03 1.234074691980e-01 7.582224201257e+00
7.799378399032e+03 1.255108314626e-01 7.762449633735e+00
7.981049259876e+03 1.282143643156e-01 7.942062301731e+00
8.166951778678e+03 1.356121244615e-01 8.126811311076e+00
8.357184523416e+03 1.398559758917e-01 8.314591335581e+00
8.551848358009e+03 1.447439167666e-01 8.507003350940e+00
8.751046495798e+03 1.521149431322e-01 8.704312467482e+00
8.954884554273e+03 1.535168495633e-01 8.907926041835e+00
9.163470611071e+03 1.597537943343e-01 9.117819792146e+00
9.376915261280e+03 1.681684311141e-01 9.326241589443e+00
9.595331676078e+03 1.753801816225e-01 9.543321653284e+00
9.818835662740e+03 1.825597886105e-01 9.767966466308e+00
1.004754572604e+04 1.891179037456e-01 9.994753124666e+00
1.028158313108e+04 1.983832028240e-01 1.022515168906e+01
1.052107196758e+04 2.040973613144e-01 1.046409737890e+01
1.076613921571e+04 2.138179347743e-01 1.070916814813e+01
1.101691481335e+04 2.214123368907e-01 1.095866256816e+01
1.127353172506e+04 2.283671736445e-01 1.121337011922e+01
1.153612601251e+04 2.370082061846e-01 1.147520917362e+01
1.180483690667e+04 2.452432934823e-01 1.174030474012e+01
1.207980688161e+04 2.570972490757e-01 1.201560678143e+01
1.236118173005e+04 2.670288810971e-01 1.229498771076e+01
1.264911064067e+04 2.780132067622e-01 1.258281753233e+01
1.294374627719e+04 2.896509179861e-01 1.287678420055e+01
1.324524485930e+04 3.014766730766e-01 1.317976205208e+01
1.355376624557e+04 3.126464131521e-01 1.348232358352e+01
1.386947401810e+04 3.242028957518e-01 1.379357393814e+01
1.419253556934e+04 3.390189631784e-01 1.411601396244e+01
1.452312219080e+04 3.529067996093e-01 1.444825399498e+01
1.486140916389e+04 3.679753953284e-01 1.478283900685e+01
1.520757585282e+04 3.802876463352e-01 1.512579703896e+01
1.556180579977e+04 3.960848214726e-01 1.548122083504e+01
1.592428682214e+04 4.110427054011e-01 1.584060560475e+01
1.629521111216e+04 4.302745882180e-01 1.621182391886e+01
1.667477533881e+04 4.479399345706e-01 1.658860518299e+01
1.706318075206e+04 4.637567130088e-01 1.697709561724e+01
1.746063328961e+04 4.830699244400e-01 1.737161255336e+01
1.786734368604e+04 5.049215955637e-01 1.777943323886e+01
1.828352758459e+04 5.266812407584e-01 1.819554844564e+01
1.870940565149e+04 5.464042715016e-01 1.861680615123e+01
1.914520369291e+04 5.691538527688e-01 1.904958397942e+01
1.959115277474e+04 5.934854663472e-01 1.949309867687e+01
2.004748934509e+04 6.134304020350e-01 1.994873732485e+01
2.051445535965e+04 6.405455529913e-01 2.041406493404e+01
2.099229840999e+04 6.665552857328e-01 2.089129037997e+01
2.148127185481e+04 6.987931507504e-01 2.137754754258e+01
2.198163495430e+04 7.300087628680e-01 2.187489562767e+01
2.249365300761e+04 7.607020330591e-01 2.238656617204e+01
2.301759749349e+04 7.910212149203e-01 2.290885076388e+01
2.355374621422e+04 8.263868501505e-01 2.344037261174e+01
2.410238344297e+04 8.602676873293e-01 2.398874920115e+01
2.466380007446e+04 8.972179783652e-01 2.454794469259e+01
2.523829377921e+04 9.348070792395e-01 2.511946622289e+01
2.582616916139e+04 9.743803476104e-01 2.571018416292e+01
2.642773792030e+04 1.017153873827e+00 2.631083957859e+01
2.704331901568e+04 1.061303902170e+00 2.692377657747e+01
2.767323883676e+04 1.106789472890e+00 2.755233142163e+01
2.831783137537e+04 1.151997347625e+00 2.819267273116e+01
2.897743840300e+04 1.208017231766e+00 2.885228763603e+01
2.965240965204e+04 1.257181057652e+00 2.952613619144e+01
3.034310300117e+04 1.313607978865e+00 3.021987342607e+01
3.104988466515e+04 1.367235398713e+00 3.092032199260e+01
3.177312938897e+04 1.426296514303e+00 3.164391962421e+01
3.251322064656e+04 1.489740898521e+00 3.238272381278e+01
3.327055084411e+04 1.553206367449e+00 3.314204111182e+01
3.404552152809e+04 1.619754327288e+00 3.391651712429e+01
3.483854359824e+04 1.692783727736e+00 3.470923901153e+01
3.565003752535e+04 1.766836229100e+00 3.551774464456e+01
3.648043357424e+04 1.841869212219e+00 3.635120197671e+01
3.733017203188e+04 1.920400896063e+00 3.720226447480e+01
3.819970344086e+04 2.008581721839e+00 3.806972109499e+01
3.908948883823e+04 2.093529988992e+00 3.896151176689e+01
4.000000000000e+04 2.186221244253e+00 3.987565753829e+01
4.093171969123e+04 2.284725550477e+00 4.081174650841e+01
4.188514192204e+04 2.388013658926e+00 4.176617092912e+01
4.286077220950e+04 2.496824607081e+00 4.274544706760e+01
4.385912784573e+04 2.608029869459e+00 4.375186788373e+01
4.488073817208e+04 2.727274215029e+00 4.477516510350e+01
4.592614485988e+04 2.847574097254e+00 4.582904333250e+01
4.699590219758e+04 2.978677800670e+00 4.690742047949e+01
4.809057738470e+04 3.111611759249e+00 4.800513628928e+01
4.921075083250e+04 3.257611005654e+00 4.913035718732e+01
5.035701647177e+04 3.409496276663e+00 5.028790581964e+01
5.152998206773e+04 3.563824535632e+00 5.146928591973e+01
5.273026954226e+04 3.732019481463e+00 5.267960324553e+01
5.395851530367e+04 3.896971135337e+00 5.392131606718e+01
5.521537058412e+04 4.079026374569e+00 5.519439822697e+01
5.650150178491e+04 4.271148831865e+00 5.649788365010e+01
5.781759082984e+04 4.473284733925e+00 5.782952010965e+01
5.916433552673e+04 4.683272812154e+00 5.919933868060e+01
6.054244993745e+04 4.904179356660e+00 6.059877039714e+01
6.195266475650e+04 5.133149764225e+00 6.203126317617e+01
6.339572769844e+04 5.381923204512e+00 6.350107042712e+01
6.487240389436e+04 5.642387997479e+00 6.500654101088e+01
6.638347629750e+04 5.909175385726e+00 6.654667971943e+01
6.792974609847e+04 6.196319608230e+00 6.812864313435e+01
6.951203314997e+04 6.489937513820e+00 6.974330827245e+01
7.113117640156e+04 6.808323352182e+00 7.140045335816e+01
7.278803434440e+04 7.144796685488e+00 7.309771475205e+01
7.448348546651e+04 7.498725510396e+00 7.484778330950e+01
7.621842871853e+04 7.862913476510e+00 7.663520526054e+01
7.799378399032e+04 8.261257327621e+00 7.846301155133e+01
7.981049259876e+04 8.679053948807e+00 8.033360605665e+01
8.166951778678e+04 9.120253927661e+00 8.224391422049e+01
8.357184523416e+04 9.588654749684e+00 8.421034960624e+01
8.551848358009e+04 1.008453510766e+01 8.622650923401e+01
8.751046495798e+04 1.060533639092e+01 8.829035387043e+01
8.954884554273e+04 1.115684845594e+01 9.041523474291e+01
9.163470611071e+04 1.174734569478e+01 9.257832502816e+01
9.376915261280e+04 1.237596884814e+01 9.479548394804e+01
9.595331676078e+04 1.304074217785e+01 9.705104427859e+01
9.818835662740e+04 1.375019381402e+01 9.936623658254e+01
1.004754572604e+05 1.449627420627e+01 1.017316424246e+02
1.028158313108e+05 1.528767109214e+01 1.041549988097e+02
1.052107196758e+05 1.612235062043e+01 1.066271121869e+02
1.076613921571e+05 1.702159538264e+01 1.091488924261e+02
1.101691481335e+05 1.796672057989e+01 1.117319897582e+02
1.127353172506e+05 1.897112362589e+01 1.143715731471e+02
1.153612601251e+05 2.003941384498e+01 1.170546317361e+02
1.180483690667e+05 2.116080101429e+01 1.197757350600e+02
1.207980688161e+05 2.236431418765e+01 1.225435008846e+02
1.236118173005e+05 2.362734841294e+01 1.253577004467e+02
1.264911064067e+05 2.495743035325e+01 1.282247729524e+02
1.294374627719e+05 2.635753961932e+01 1.311394614570e+02
1.324524485930e+05 2.784487117930e+01 1.340881478284e+02
1.355376624557e+05 2.940446645760e+01 1.370793130205e+02
1.386947401810e+05 3.105240658800e+01 1.401073738603e+02
1.419253556934e+05 3.278839657161e+01 1.431715822109e+02
1.452312219080e+05 3.459587361918e+01 1.462718698827e+02
1.486140916389e+05 3.648751261155e+01 1.494155979100e+02
1.520757585282e+05 3.846183245362e+01 1.525750862007e+02
1.556180579977e+05 4.055837695798e+01 1.557665607285e+02
1.592428682214e+05 4.272717613153e+01 1.589781815580e+02
1.629521111216e+05 4.499734051649e+01 1.622039256203e+02
1.667477533881e+05 4.735832118534e+01 1.654668297818e+02
1.706318075206e+05 4.983066644713e+01 1.687552834715e+02
1.746063328961e+05 5.238600070849e+01 1.720692940820e+02
1.786734368604e+05 5.504198429467e+01 1.753855187666e+02
1.828352758459e+05 5.780469699695e+01 1.787399689923e+02
1.870940565149e+05 6.069705541768e+01 1.821039135998e+02
1.914520369291e+05 6.369752839677e+01 1.854681401932e+02
1.959115277474e+05 6.681046787315e+01 1.888523916788e+02
2.004748934509e+05 7.003532339636e+01 1.922352635583e+02
2.051445535965e+05 7.340352404905e+01 1.956099370798e+02
2.099229840999e+05 7.690246824699e+01 1.990026431620e+02
2.148127185481e+05 8.051280823292e+01 2.023899120071e+02
2.198163495430e+05 8.426359694424e+01 2.057612687055e+02
2.249365300761e+05 8.814722083140e+01 2.091317597966e+02
2.301759749349e+05 9.218337900362e+01 2.124585444459e+02
2.355374621422e+05 9.635296174877e+01 2.157675645406e+02
2.410238344297e+05 1.006832659167e+02 2.190312911022e+02
2.466380007446e+05 1.051356759414e+02 2.222583133851e+02
2.523829377921e+05 1.097468706931e+02 2.254419226492e+02
2.582616916139e+05 1.145053448617e+02 2.285614976457e+02
2.642773792030e+05 1.194283339432e+02 2.316208184709e+02
2.704331901568e+05 1.244964668451e+02 2.346140537405e+02
2.767323883676e+05 1.297274850699e+02 2.374850400438e+02
2.831783137537e+05 1.350818878956e+02 2.403004127658e+02
2.897743840300e+05 1.405811327969e+02 2.430107906160e+02
2.965240965204e+05 1.462450703379e+02 2.455848583936e+02
3.034310300117e+05 1.520371101576e+02 2.480804281237e+02
3.104988466515e+05 1.579635338470e+02 2.504218023167e+02
3.177312938897e+05 1.640193329131e+02 2.526311137625e+02
3.251322064656e+05 1.701985066071e+02 2.546702453163e+02
3.327055084411e+05 1.764642312784e+02 2.565579670172e+02
3.404552152809e+05 1.827403952403e+02 2.583296898705e+02
3.483854359824e+05 1.892311457785e+02 2.601542549019e+02
3.565003752535e+05 1.960469370618e+02 2.616226108824e+02
3.648043357424e+05 2.028375241722e+02 2.628163504554e+02
3.733017203188e+05 2.096223699237e+02 2.638428070763e+02
3.819970344086e+05 2.165187510215e+02 2.646879607032e+02
3.908948883823e+05 2.234530547772e+02 2.653518263715e+02
4.000000000000e+05 2.304477494170e+02 2.658087495065e+02
4.093171969123e+05 2.374854221215e+02 2.660688880496e+02
4.188514192204e+05 2.445342908852e+02 2.661146014201e+02
4.286077220950e+05 2.516368742375e+02 2.659688308222e+02
4.385912784573e+05 2.587325661526e+02 2.656208542006e+02
4.488073817208e+05 2.658135298478e+02 2.650768798899e+02
4.592614485988e+05 2.729044015313e+02 2.643588900720e+02
4.699590219758e+05 2.799935890186e+02 2.633819404703e+02
4.809057738470e+05 2.870407224999e+02 2.621460966287e+02
4.921075083250e+05 2.939370169311e+02 2.608562032344e+02
5.035701647177e+05 3.010071572123e+02 2.593961273676e+02
5.152998206773e+05 3.080048193628e+02 2.576022574284e+02
5.273026954226e+05 3.148761253971e+02 2.556227073790e+02
5.395851530367e+05 3.216911245652e+02 2.534315433110e+02
5.521537058412e+05 3.283672729967e+02 2.510409154725e+02
5.650150178491e+05 3.349419247636e+02 2.485029099987e+02
5.781759082984e+05 3.414537432300e+02 2.457764311161e+02
5.916433552673e+05 3.477962283160e+02 2.428840460150e+02
6.054244993745e+05 3.539315890345e+02 2.399139841253e+02
6.195266475650e+05 3.600610952195e+02 2.371663994028e+02
6.339572769844e+05 3.665047869357e+02 2.339196017617e+02
6.487240389436e+05 3.725261545989e+02 2.302777086328e+02
6.638347629750e+05 3.783000686353e+02 2.266532392816e+02
6.792974609847e+05 3.839433148287e+02 2.230009230059e+02
6.951203314997e+05 3.895756922123e+02 2.191917041431e+02
7.113117640156e+05 3.949819217024e+02 2.151666611570e+02
7.278803434440e+05 4.001872708873e+02 2.111657702309e+02
7.448348546651e+05 4.053408661503e+02 2.071822067621e+02
7.621842871853e+05 4.105526390591e+02 2.029969139210e+02
7.799378399032e+05 4.155323017649e+02 1.985153786012e+02
7.981049259876e+05 4.202195729990e+02 1.940955710768e+02
8.166951778678e+05 4.248566457339e+02 1.896796887131e+02
8.357184523416e+05 4.293778496380e+02 1.851026985568e+02
8.551848358009e+05 4.337843703684e+02 1.803930106194e+02
8.751046495798e+05 4.379737605847e+02 1.756872264311e+02
8.954884554273e+05 4.420200050928e+02 1.709101236275e+02
9.163470611071e+05 4.459156747655e+02 1.660567012530e+02
9.376915261280e+05 4.496634944384e+02 1.611825440289e+02
9.595331676078e+05 4.533169445134e+02 1.562936948460e+02
9.818835662740e+05 4.568520146470e+02 1.512527510627e+02
1.004754572604e+06 4.601681444102e+02 1.461957136511e+02
1.028158313108e+06 4.633537700208e+02 1.411627506791e+02
1.052107196758e+06 4.665152614471e+02 1.360917811204e+02
1.076613921571e+06 4.695835522551e+02 1.309976360289e+02
1.101691481335e+06 4.725221916168e+02 1.256606147806e+02
1.127353172506e+06 4.751315384219e+02 1.203562672211e+02
1.153612601251e+06 4.777761418615e+02 1.152240434170e+02
1.180483690667e+06 4.803236478514e+02 1.098316449122e+02
1.207980688161e+06 4.826158935468e+02 1.044074849088e+02
1.236118173005e+06 4.846904529470e+02 9.895120377621e+01
1.264911064067e+06 4.866111353185e+02 9.354420876320e+01
1.294374627719e+06 4.885196122061e+02 8.818019896621e+01
1.324524485930e+06 4.903486769170e+02 8.273899273819e+01
1.355376624557e+06 4.919298288124e+02 7.717344008553e+01
1.386947401810e+06 4.932820470927e+02 7.154977683731e+01
1.419253556934e+06 4.944836151806e+02 6.603401643931e+01
1.452312219080e+06 4.954213084355e+02 6.061547517915e+01
1.486140916389e+06 4.964407116458e+02 5.533055942536e+01
1.520757585282e+06 4.974019525538e+02 4.989191610898e+01
1.556180579977e+06 4.982282316397e+02 4.438711389884e+01
1.592428682214e+06 4.988669188139e+02 3.883896841440e+01
1.629521111216e+06 4.993131393293e+02 3.330803856270e+01
1.667477533881e+06 4.995383883372e+02 2.770763636403e+01
1.706318075206e+06 4.995860959914e+02 2.222443275796e+01
1.746063328961e+06 4.994776950605e+02 1.683405332966e+01
1.786734368604e+06 4.992526510535e+02 1.154647912363e+01
1.828352758459e+06 4.989559421425e+02 6.228191248003e+00
1.870940565149e+06 4.985704011317e+02 1.024472760573e+00
1.914520369291e+06 4.981558701702e+02 -4.276720490984e+00
1.959115277474e+06 4.974994998743e+02 -9.594602885261e+00
2.004748934509e+06 4.966374723686e+02 -1.486862743343e+01
2.051445535965e+06 4.956539113270e+02 -2.005849960323e+01
2.099229840999e+06 4.945349026577e+02 -2.512273144165e+01
2.148127185481e+06 4.933446149209e+02 -3.017812455673e+01
2.198163495430e+06 4.919576914750e+02 -3.522773239072e+01
2.249365300761e+06 4.904444116987e+02 -4.009497586515e+01
2.301759749349e+06 4.889397107902e+02 -4.487171006630e+01
2.355374621422e+06 4.873870501155e+02 -4.971073194656e+01
2.410238344297e+06 4.856289325906e+02 -5.453777106875e+01
2.466380007446e+06 4.837145266517e+02 -5.929244070912e+01
2.523829377921e+06 4.816738588192e+02 -6.388343796777e+01
2.582616916139e+06 4.795612002897e+02 -6.833118466973e+01
2.642773792030e+06 4.775348432945e+02 -7.271241548852e+01
2.704331901568e+06 4.754360712202e+02 -7.724657965896e+01
2.767323883676e+06 4.731220744911e+02 -8.178239557828e+01
2.831783137537e+06 4.706275428988e+02 -8.618300957742e+01
2.897743840300e+06 4.680058429765e+02 -9.048273804243e+01
2.965240965204e+06 4.652822149865e+02 -9.467407867784e+01
3.034310300117e+06 4.626026531187e+02 -9.872896929953e+01
3.104988466515e+06 4.598679527708e+02 -1.028448908505e+02
3.177312938897e+06 3.008297568257e+02 -3.906414099463e+01
3.251322064656e+06 4.538016166180e+02 -1.108620251506e+02
3.327055084411e+06 4.507209046987e+02 -1.146663716054e+02
3.404552152809e+06 4.476421526442e+02 -1.184165421354e+02
3.483854359824e+06 4.444530249766e+02 -1.221916697431e+02
3.565003752535e+06 4.410580894590e+02 -1.259295689264e+02
3.648043357424e+06 4.376311806339e+02 -1.295568438725e+02
3.733017203188e+06 4.341064100124e+02 -1.330490564665e+02
3.819970344086e+06 4.305243196221e+02 -1.364896571983e+02
3.908948883823e+06 4.268006142640e+02 -1.398598375523e+02
4.000000000000e+06 4.230293736054e+02 -1.431003885770e+02
4.093171969123e+06 4.191927647335e+02 -1.462255553517e+02
4.188514192204e+06 4.153122404718e+02 -1.493079273377e+02
4.286077220950e+06 4.113270592666e+02 -1.523092433515e+02
4.385912784573e+06 4.072680202536e+02 -1.552137611351e+02
4.488073817208e+06 4.031678554264e+02 -1.580093490140e+02
4.592614485988e+06 3.989924179183e+02 -1.607266239618e+02
4.699590219758e+06 3.947102390268e+02 -1.633208699961e+02
4.809057738470e+06 3.904276703521e+02 -1.658166857082e+02
4.921075083250e+06 3.860884060046e+02 -1.682268995979e+02
5.035701647177e+06 3.816792675415e+02 -1.705137061385e+02
5.152998206773e+06 3.772319278262e+02 -1.726997417783e+02
5.273026954226e+06 3.727330346337e+02 -1.747723823660e+02
5.395851530367e+06 3.682125561102e+02 -1.767459875271e+02
5.521537058412e+06 3.636443654043e+02 -1.785844717784e+02
5.650150178491e+06 3.590427268851e+02 -1.803282488278e+02
5.781759082984e+06 3.543803557922e+02 -1.819548775153e+02
5.916433552673e+06 3.497574003631e+02 -1.834712832788e+02
6.054244993745e+06 3.451090965886e+02 -1.848766823636e+02
6.195266475650e+06 3.404256225104e+02 -1.861609360059e+02
6.339572769844e+06 3.357325994655e+02 -1.873818315628e+02
6.487240389436e+06 3.310383697746e+02 -1.884807412325e+02
6.638347629750e+06 3.263480579307e+02 -1.894548869871e+02
6.792974609847e+06 3.216666005785e+02 -1.903317346097e+02
6.951203314997e+06 3.169453526735e+02 -1.911002531915e+02
7.113117640156e+06 3.122811044174e+02 -1.917913799088e+02
7.278803434440e+06 3.075954808441e+02 -1.923585238815e+02
7.448348546651e+06 3.029518234815e+02 -1.928062563663e+02
7.621842871853e+06 2.983054229014e+02 -1.931852309971e+02
7.799378399032e+06 2.936765841382e+02 -1.934831889973e+02
7.981049259876e+06 2.890878351036e+02 -1.936830815980e+02
8.166951778678e+06 2.845058571981e+02 -1.937711761659e+02
8.357184523416e+06 2.799666110323e+02 -1.937857457344e+02
8.551848358009e+06 2.754392703986e+02 -1.937371645076e+02
8.751046495798e+06 2.709553477462e+02 -1.935968316315e+02
8.954884554273e+06 2.664965560219e+02 -1.933584036061e+02
9.163470611071e+06 2.620607427178e+02 -1.930342784206e+02
9.376915261280e+06 2.576782980919e+02 -1.926483588507e+02
9.595331676078e+06 2.533316845286e+02 -1.922000832500e+02
9.818835662740e+06 2.490237833066e+02 -1.916531498933e+02
1.004754572604e+07 2.447378095160e+02 -1.910287498181e+02
1.028158313108e+07 2.405009687376e+02 -1.903445790505e+02
1.052107196758e+07 2.362995533781e+02 -1.895956638726e+02
1.076613921571e+07 2.321564681954e+02 -1.887796031080e+02
1.101691481335e+07 2.280393548362e+02 -1.878927590553e+02
1.127353172506e+07 2.239725711774e+02 -1.869474807244e+02
1.153612601251e+07 2.199723966348e+02 -1.859702099965e+02
1.180483690667e+07 2.160043522262e+02 -1.849221443306e+02
1.207980688161e+07 2.120779932061e+02 -1.838022110583e+02
1.236118173005e+07 2.082002813397e+02 -1.826450645066e+02
1.264911064067e+07 2.043795541616e+02 -1.814566311054e+02
1.294374627719e+07 2.006035651929e+02 -1.802021443592e+02
1.324524485930e+07 1.968720936621e+02 -1.788951859989e+02
1.355376624557e+07 1.931804046514e+02 -1.775297959319e+02
1.386947401810e+07 1.895617841090e+02 -1.761570358483e+02
1.419253556934e+07 1.859803340515e+02 -1.747322681172e+02
1.452312219080e+07 1.824444412980e+02 -1.732471475138e+02
1.486140916389e+07 1.789634301252e+02 -1.717217564343e+02
1.520757585282e+07 1.755274032887e+02 -1.701738854045e+02
1.556180579977e+07 1.721511252022e+02 -1.685990834198e+02
1.592428682214e+07 1.688090317102e+02 -1.669669964302e+02
1.629521111216e+07 1.655194915144e+02 -1.652882017187e+02
1.667477533881e+07 1.622828311720e+02 -1.636062349061e+02
1.706318075206e+07 1.590977567513e+02 -1.618896714827e+02
1.746063328961e+07 1.559550825379e+02 -1.601344659563e+02
1.786734368604e+07 1.528666283389e+02 -1.583422045834e+02
1.828352758459e+07 1.498244635150e+02 -1.565342164238e+02
1.870940565149e+07 1.468278960149e+02 -1.547019047412e+02
1.914520369291e+07 1.438775120192e+02 -1.528334737260e+02
1.959115277474e+07 1.409746564903e+02 -1.509322459909e+02
2.004748934509e+07 1.381239620736e+02 -1.490164596855e+02
2.051445535965e+07 1.353137873958e+02 -1.470747936258e+02
2.099229840999e+07 1.325512268982e+02 -1.451064172014e+02
2.148127185481e+07 1.298357359268e+02 -1.431105219334e+02
2.198163495430e+07 -1.243489171647e+02 -6.586295595470e+01
2.249365300761e+07 1.245322233859e+02 -1.390583315161e+02
2.301759749349e+07 1.219492918961e+02 -1.369979625545e+02
2.355374621422e+07 1.194099748677e+02 -1.349047419599e+02
2.410238344297e+07 1.169134991450e+02 -1.327934594380e+02
2.466380007446e+07 1.144587906979e+02 -1.306658696386e+02
2.523829377921e+07 1.120448323765e+02 -1.285127255191e+02
2.582616916139e+07 1.096720801981e+02 -1.263266068629e+02
2.642773792030e+07 1.073467385419e+02 -1.241159004747e+02
2.704331901568e+07 1.050506579668e+02 -1.218912652436e+02
2.767323883676e+07 1.027988222480e+02 -1.196334846528e+02
2.831783137537e+07 1.005900504875e+02 -1.173467573614e+02
2.897743840300e+07 9.841901990622e+01 -1.150275786957e+02
2.965240965204e+07 9.628617836402e+01 -1.126842865812e+02
3.034310300117e+07 9.419266266500e+01 -1.103001531414e+02
3.104988466515e+07 9.213892485217e+01 -1.078866880226e+02
3.177312938897e+07 9.012536106938e+01 -1.054349412460e+02
3.251322064656e+07 8.814435301728e+01 -1.029474719629e+02
3.327055084411e+07 8.620495377963e+01 -1.004148998589e+02
3.404552152809e+07 8.430548251245e+01 -9.784144265111e+01
3.483854359824e+07 8.244425641805e+01 -9.521322602592e+01
3.565003752535e+07 8.061882507449e+01 -9.254177284275e+01
3.648043357424e+07 7.883618067486e+01 -8.980740366027e+01
3.733017203188e+07 7.709458286464e+01 -8.700675589865e+01
3.819970344086e+07 7.539141660729e+01 -8.413724201990e+01
3.908948883823e+07 7.373640066982e+01 -8.119395201470e+01
4.000000000000e+07 7.212394753881e+01 -7.816481359279e+01
4.093171969123e+07 7.055841709030e+01 -7.504165408357e+01
4.188514192204e+07 6.904326256194e+01 -7.181796989860e+01
4.286077220950e+07 6.758504176177e+01 -6.848070993498e+01
4.385912784573e+07 6.618235244378e+01 -6.502083815516e+01
4.488073817208e+07 6.484230160330e+01 -6.141708629370e+01
4.592614485988e+07 6.357105586160e+01 -5.765058865943e+01
4.699590219758e+07 6.237974128825e+01 -5.370551495879e+01
4.809057738470e+07 6.127566461409e+01 -4.956413387258e+01
4.921075083250e+07 6.027047632063e+01 -4.518803839086e+01
5.035701647177e+07 5.938027653198e+01 -4.054330435023e+01
5.152998206773e+07 5.861953329259e+01 -3.559729811879e+01
5.273026954226e+07 5.802749464620e+01 -3.030196918361e+01
5.395851530367e+07 5.762613785931e+01 -2.459638590917e+01
5.521537058412e+07 5.745419603807e+01 -1.840738923780e+01
5.650150178491e+07 5.757312040578e+01 -1.164805010223e+01
5.781759082984e+07 5.807335062227e+01 -4.217826865988e+00
5.916433552673e+07 5.904488471370e+01 4.033231624722e+00
6.054244993745e+07 6.063695158486e+01 1.328473544197e+01
6.195266475650e+07 6.306996505792e+01 2.376838713319e+01
6.339572769844e+07 6.667936666099e+01 3.575607515861e+01
6.487240389436e+07 7.193807843154e+01 4.966364907774e+01
6.638347629750e+07 7.962527093760e+01 6.600609960794e+01
6.792974609847e+07 9.101954558684e+01 8.543609085928e+01
6.951203314997e+07 1.083479131060e+02 1.086154571656e+02
7.113117640156e+07 1.355293444870e+02 1.361076721758e+02
7.278803434440e+07 1.798306081725e+02 1.669830310205e+02
7.448348546651e+07 2.541839272585e+02 1.943897284945e+02
7.621842871853e+07 3.749439859402e+02 1.912265520994e+02
7.799378399032e+07 5.247124035324e+02 9.001119975018e+01
7.981049259876e+07 5.707200985239e+02 -1.342753200118e+02
8.166951778678e+07 4.447052831680e+02 -3.066611648724e+02
8.357184523416e+07 2.958813127466e+02 -3.457136009712e+02
8.551848358009e+07 1.966212826602e+02 -3.247043166621e+02
8.751046495798e+07 1.372734016158e+02 -2.913857081447e+02
8.954884554273e+07 1.011351946579e+02 -2.600133972831e+02
9.163470611071e+07 7.805520406141e+01 -2.333340347092e+02
9.376915261280e+07 6.256005810195e+01 -2.111021664778e+02
9.595331676078e+07 5.166294538251e+01 -1.925081179787e+02
9.818835662740e+07 4.369876380021e+01 -1.767729960398e+02
1.004754572604e+08 3.768726699542e+01 -1.632737845415e+02
1.028158313108e+08 3.301810874405e+01 -1.515363221811e+02
1.052107196758e+08 2.931130055309e+01 -1.411923502865e+02
1.076613921571e+08 2.631036386234e+01 -1.319655080126e+02