4.000000000000e+01 6.263560000000e+03 1.223900000000e+03
4.074800000000e+01 5.960220000000e+03 -2.630570000000e+02
4.151100000000e+01 5.549730000000e+03 1.277990000000e+03
4.228700000000e+01 5.647670000000e+03 3.513890000000e+01
4.307800000000e+01 4.744550000000e+03 8.515470000000e+02
4.388400000000e+01 5.170830000000e+03 1.525000000000e+03
4.470500000000e+01 5.838710000000e+03 -8.022880000000e+02
4.554100000000e+01 5.966950000000e+03 3.648880000000e+02
4.639300000000e+01 5.768710000000e+03 -7.012150000000e+02
4.726100000000e+01 5.027100000000e+03 1.629640000000e+02
4.814500000000e+01 6.946620000000e+03 8.528680000000e+01
4.904600000000e+01 4.831710000000e+03 -3.404310000000e+02
4.996300000000e+01 4.170470000000e+03 -4.229500000000e+02
5.089800000000e+01 4.183400000000e+03 3.864320000000e+02
5.185000000000e+01 3.230920000000e+03 -6.276340000000e+02
5.282000000000e+01 5.896650000000e+03 1.350760000000e+02
5.380800000000e+01 5.576190000000e+03 -6.981810000000e+02
5.481500000000e+01 5.796430000000e+03 3.631630000000e+02
5.584000000000e+01 6.216710000000e+03 7.188850000000e+02
5.688500000000e+01 4.940690000000e+03 2.711850000000e+01
5.794900000000e+01 5.344680000000e+03 5.465050000000e+02
5.903300000000e+01 5.492610000000e+03 3.189610000000e+01
6.013700000000e+01 5.388450000000e+03 3.759150000000e+02
6.126200000000e+01 5.620610000000e+03 2.060760000000e+02
6.240800000000e+01 4.912610000000e+03 4.360280000000e+02
6.357500000000e+01 5.356040000000e+03 -1.944750000000e+01
6.476500000000e+01 5.362720000000e+03 6.143890000000e+02
6.597600000000e+01 5.321090000000e+03 5.527380000000e+02
6.721000000000e+01 5.260670000000e+03 1.007550000000e+02
6.846800000000e+01 5.251530000000e+03 2.862730000000e+02
6.974900000000e+01 5.590180000000e+03 3.798910000000e+02
7.105300000000e+01 5.415540000000e+03 -5.858790000000e+01
7.238200000000e+01 5.351000000000e+03 5.317130000000e+02
7.373600000000e+01 5.364460000000e+03 2.536680000000e+02
7.511600000000e+01 5.215350000000e+03 3.448960000000e+02
7.652100000000e+01 5.321480000000e+03 4.070470000000e+02
7.795200000000e+01 5.533260000000e+03 3.201250000000e+00
7.941100000000e+01 5.089860000000e+03 -1.259830000000e+02
8.089600000000e+01 5.248860000000e+03 -1.151170000000e+02
8.241000000000e+01 5.224690000000e+03 4.232430000000e+02
8.395100000000e+01 5.281220000000e+03 -9.755190000000e+01
8.552200000000e+01 5.173140000000e+03 2.403280000000e+02
8.712100000000e+01 5.229570000000e+03 2.801840000000e+02
8.875100000000e+01 5.481010000000e+03 2.211040000000e+02
9.041100000000e+01 5.520350000000e+03 4.362220000000e+02
9.210300000000e+01 5.477240000000e+03 6.551820000000e+01
9.382600000000e+01 5.316330000000e+03 2.659650000000e+01
9.558100000000e+01 5.518130000000e+03 1.578350000000e+02
9.736900000000e+01 5.258810000000e+03 6.651810000000e+01
9.919000000000e+01 5.296320000000e+03 2.162460000000e+02
1.010500000000e+02 5.241730000000e+03 -2.013770000000e+02
1.029400000000e+02 5.394970000000e+03 1.799390000000e+02
1.048600000000e+02 5.242720000000e+03 2.352740000000e+02
1.068200000000e+02 5.287750000000e+03 3.663450000000e+01
1.088200000000e+02 5.232600000000e+03 1.802230000000e+02
1.108600000000e+02 5.435070000000e+03 5.417710000000e+02
1.129300000000e+02 5.185550000000e+03 -2.038970000000e+01
1.150400000000e+02 5.231100000000e+03 7.661190000000e+01
1.172000000000e+02 5.426130000000e+03 -1.860160000000e+02
1.193900000000e+02 5.456290000000e+03 2.573740000000e+02
1.216200000000e+02 5.382390000000e+03 1.381260000000e+02
1.239000000000e+02 5.360220000000e+03 1.589290000000e+02
1.262100000000e+02 5.290360000000e+03 1.657260000000e+02
1.285700000000e+02 5.291910000000e+03 1.810350000000e+02
1.309800000000e+02 5.233000000000e+03 2.732240000000e+02
1.334300000000e+02 5.437070000000e+03 1.463020000000e+02
1.359300000000e+02 5.342060000000e+03 3.980410000000e+01
1.384700000000e+02 5.279050000000e+03 1.943050000000e+02
1.410600000000e+02 5.447730000000e+03 1.830180000000e+02
1.437000000000e+02 5.365060000000e+03 2.898480000000e+02
1.463900000000e+02 5.400680000000e+03 1.947180000000e+02
1.491300000000e+02 5.530260000000e+03 2.371570000000e+02
1.519100000000e+02 5.548660000000e+03 3.494490000000e+01
1.547600000000e+02 5.409520000000e+03 1.107470000000e+02
1.576500000000e+02 5.491130000000e+03 9.986650000000e+01
1.606000000000e+02 5.326250000000e+03 3.126010000000e+02
1.636000000000e+02 5.293210000000e+03 8.618110000000e+01
1.666700000000e+02 5.231110000000e+03 2.807990000000e+02
1.697800000000e+02 5.402150000000e+03 2.378420000000e+01
1.729600000000e+02 5.272630000000e+03 1.800860000000e+02
1.762000000000e+02 5.255810000000e+03 -9.018960000000e+01
1.794900000000e+02 5.459950000000e+03 -2.079120000000e+01
1.828500000000e+02 5.216630000000e+03 -3.368440000000e+01
1.862700000000e+02 5.360560000000e+03 8.068580000000e+01
1.897500000000e+02 5.357080000000e+03 2.979340000000e+02
1.933000000000e+02 5.322140000000e+03 8.878330000000e+01
1.969200000000e+02 5.169620000000e+03 6.105770000000e+01
2.006000000000e+02 5.278010000000e+03 1.723490000000e+02
2.043600000000e+02 5.262530000000e+03 -6.582840000000e+01
2.081800000000e+02 5.342880000000e+03 1.439520000000e+02
2.120700000000e+02 5.445540000000e+03 1.852240000000e+02
2.160400000000e+02 5.295110000000e+03 2.562180000000e+01
2.200800000000e+02 5.296270000000e+03 -1.675050000000e+01
2.242000000000e+02 5.280360000000e+03 3.880470000000e+01
2.283900000000e+02 5.208280000000e+03 1.344920000000e+02
2.326600000000e+02 5.298390000000e+03 9.770130000000e+01
2.370200000000e+02 5.242410000000e+03 1.381130000000e+02
2.414500000000e+02 5.281380000000e+03 1.242580000000e+02
2.459700000000e+02 5.333570000000e+03 1.092930000000e+02
2.505700000000e+02 5.334510000000e+03 2.892650000000e+01
2.552600000000e+02 5.329540000000e+03 3.697130000000e+01
2.600300000000e+02 5.331660000000e+03 1.648890000000e+01
2.649000000000e+02 5.378320000000e+03 1.571480000000e+01
2.698500000000e+02 5.387890000000e+03 1.204280000000e+02
2.749000000000e+02 5.387450000000e+03 1.237860000000e+01
2.800400000000e+02 5.355060000000e+03 1.682970000000e+02
2.852800000000e+02 5.291980000000e+03 1.453250000000e+02
2.906200000000e+02 5.318120000000e+03 1.315310000000e+02
2.960500000000e+02 5.298600000000e+03 5.176240000000e+01
3.015900000000e+02 5.391430000000e+03 -9.966740000000e+00
3.072300000000e+02 5.363970000000e+03 7.827020000000e+01
3.129800000000e+02 5.319100000000e+03 3.475570000000e+01
3.188300000000e+02 5.360630000000e+03 1.686690000000e+02
3.248000000000e+02 5.248070000000e+03 6.401340000000e+01
3.308800000000e+02 5.315050000000e+03 -2.337970000000e+01
3.370700000000e+02 5.416880000000e+03 5.195790000000e+01
3.433700000000e+02 5.418930000000e+03 4.608250000000e+01
3.497900000000e+02 5.381070000000e+03 9.942350000000e+01
3.563400000000e+02 5.354150000000e+03 1.472530000000e+02
3.630000000000e+02 5.277560000000e+03 6.733870000000e+01
3.697900000000e+02 5.338360000000e+03 5.119480000000e+01
3.767100000000e+02 5.329160000000e+03 1.394720000000e+02
3.837600000000e+02 5.317120000000e+03 9.508580000000e+01
3.909400000000e+02 5.366340000000e+03 1.308550000000e+01
3.982500000000e+02 5.285090000000e+03 2.364000000000e+01
4.057000000000e+02 5.301010000000e+03 1.108290000000e+02
4.132900000000e+02 5.323550000000e+03 1.416730000000e+02
4.210200000000e+02 5.303450000000e+03 1.088170000000e+02
4.289000000000e+02 5.356240000000e+03 4.916410000000e+01
4.369200000000e+02 5.368570000000e+03 7.578030000000e+01
4.450900000000e+02 5.367410000000e+03 3.496480000000e+01
4.534200000000e+02 5.377660000000e+03 5.586150000000e+01
4.619000000000e+02 5.334460000000e+03 1.114890000000e+02
4.705400000000e+02 5.393110000000e+03 7.781460000000e+01
4.793500000000e+02 5.303330000000e+03 4.701860000000e+01
4.883100000000e+02 5.316550000000e+03 7.716640000000e+01
4.974500000000e+02 5.318320000000e+03 2.809220000000e+01
5.067500000000e+02 5.311990000000e+03 2.985980000000e+01
5.162300000000e+02 5.346360000000e+03 5.075670000000e+01
5.258900000000e+02 5.326250000000e+03 9.563680000000e+01
5.357300000000e+02 5.337230000000e+03 2.053760000000e+01
5.457500000000e+02 5.337710000000e+03 2.997060000000e+01
5.559600000000e+02 5.343400000000e+03 6.494080000000e+01
5.663600000000e+02 5.333260000000e+03 5.387460000000e+01
5.769500000000e+02 5.315650000000e+03 4.454980000000e+01
5.877400000000e+02 5.343280000000e+03 2.271510000000e+01
5.987400000000e+02 5.338810000000e+03 7.337250000000e+01
6.099400000000e+02 5.346710000000e+03 2.635160000000e+01
6.213500000000e+02 5.305400000000e+03 4.377610000000e+01
6.329700000000e+02 5.319330000000e+03 7.022900000000e+01
6.448200000000e+02 5.316590000000e+03 5.706460000000e+01
6.568800000000e+02 5.318800000000e+03 6.544520000000e+01
6.691600000000e+02 5.314550000000e+03 5.553140000000e+01
6.816800000000e+02 5.364110000000e+03 3.634100000000e+01
6.944300000000e+02 5.314450000000e+03 3.717650000000e+01
7.074200000000e+02 5.299960000000e+03 5.389090000000e+01
7.206600000000e+02 5.342830000000e+03 6.785350000000e+01
7.341400000000e+02 5.317400000000e+03 6.382640000000e+01
7.478700000000e+02 5.317280000000e+03 3.796290000000e+01
7.618600000000e+02 5.330360000000e+03 3.693820000000e+01
7.761200000000e+02 5.346710000000e+03 4.426850000000e+01
7.906300000000e+02 5.361850000000e+03 5.441690000000e+01
8.054200000000e+02 5.329010000000e+03 4.496770000000e+01
8.204900000000e+02 5.329040000000e+03 8.432980000000e+00
8.358400000000e+02 5.307760000000e+03 4.319540000000e+01
8.514800000000e+02 5.319890000000e+03 2.544390000000e+01
8.674000000000e+02 5.316540000000e+03 5.558990000000e+01
8.836300000000e+02 5.308650000000e+03 3.621240000000e+01
9.001600000000e+02 5.308290000000e+03 3.913870000000e+01
9.170000000000e+02 5.335900000000e+03 4.649730000000e+01
9.341500000000e+02 5.335490000000e+03 5.706970000000e+01
9.516300000000e+02 5.318200000000e+03 5.468640000000e+01
9.694300000000e+02 5.334750000000e+03 4.026170000000e+01
9.875700000000e+02 5.338290000000e+03 4.160110000000e+01
1.006000000000e+03 5.329560000000e+03 3.420910000000e+01
1.024900000000e+03 5.328910000000e+03 2.816640000000e+01
1.044000000000e+03 5.319180000000e+03 5.180360000000e+01
1.063600000000e+03 5.340640000000e+03 4.240260000000e+01
1.083500000000e+03 5.325770000000e+03 5.317090000000e+01
1.103700000000e+03 5.319080000000e+03 3.922790000000e+01
1.124400000000e+03 5.328270000000e+03 3.721450000000e+01
1.145400000000e+03 5.336900000000e+03 4.149360000000e+01
1.166800000000e+03 5.316070000000e+03 5.290380000000e+01
1.188700000000e+03 5.325420000000e+03 4.358910000000e+01
1.210900000000e+03 5.313440000000e+03 3.547410000000e+01
1.233500000000e+03 5.327790000000e+03 3.215740000000e+01
1.256600000000e+03 5.329070000000e+03 4.738100000000e+01
1.280100000000e+03 5.330410000000e+03 3.716280000000e+01
1.304100000000e+03 5.331880000000e+03 4.445490000000e+01
1.328500000000e+03 5.328300000000e+03 4.384330000000e+01
1.353300000000e+03 5.313600000000e+03 5.208370000000e+01
1.378600000000e+03 5.322810000000e+03 4.203610000000e+01
1.404400000000e+03 5.325740000000e+03 3.341330000000e+01
1.430700000000e+03 5.330420000000e+03 4.442980000000e+01
1.457500000000e+03 5.330750000000e+03 2.632800000000e+01
1.484700000000e+03 5.328960000000e+03 5.065990000000e+01
1.512500000000e+03 5.324540000000e+03 4.563410000000e+01
1.540800000000e+03 5.322560000000e+03 3.940720000000e+01
1.569600000000e+03 5.308930000000e+03 4.997210000000e+01
1.599000000000e+03 5.339380000000e+03 3.552550000000e+01
1.628900000000e+03 5.329940000000e+03 3.367570000000e+01
1.659400000000e+03 5.319170000000e+03 2.773860000000e+01
1.690400000000e+03 5.319090000000e+03 4.452210000000e+01
1.722000000000e+03 5.326330000000e+03 5.029870000000e+01
1.754200000000e+03 5.332620000000e+03 3.657250000000e+01
1.787100000000e+03 5.316990000000e+03 4.262710000000e+01
1.820500000000e+03 5.321780000000e+03 4.471120000000e+01
1.854500000000e+03 5.318080000000e+03 3.915730000000e+01
1.889200000000e+03 5.332840000000e+03 4.865110000000e+01
1.924600000000e+03 5.329970000000e+03 4.427300000000e+01
1.960600000000e+03 5.329000000000e+03 4.412540000000e+01
1.997300000000e+03 5.326030000000e+03 3.857260000000e+01
2.034600000000e+03 5.325660000000e+03 4.172330000000e+01
2.072700000000e+03 5.330010000000e+03 4.021760000000e+01
2.111500000000e+03 5.321550000000e+03 3.871040000000e+01
2.151000000000e+03 5.323830000000e+03 3.699230000000e+01
2.191200000000e+03 5.319680000000e+03 3.887610000000e+01
2.232200000000e+03 5.327890000000e+03 4.178000000000e+01
2.273900000000e+03 5.318980000000e+03 3.540200000000e+01
2.316500000000e+03 5.322420000000e+03 3.618080000000e+01
2.359800000000e+03 5.323940000000e+03 4.035240000000e+01
2.404000000000e+03 5.326810000000e+03 3.322190000000e+01
2.448900000000e+03 5.327200000000e+03 3.928720000000e+01
2.494700000000e+03 5.320250000000e+03 3.851140000000e+01
2.541400000000e+03 5.318290000000e+03 4.203040000000e+01
2.588900000000e+03 5.323310000000e+03 3.755260000000e+01
2.637400000000e+03 5.327700000000e+03 3.893080000000e+01
2.686700000000e+03 5.317870000000e+03 3.599570000000e+01
2.737000000000e+03 5.320500000000e+03 4.345280000000e+01
2.788200000000e+03 5.319190000000e+03 4.005130000000e+01
2.840300000000e+03 5.319130000000e+03 3.597400000000e+01
2.893500000000e+03 5.324990000000e+03 4.309010000000e+01
2.947600000000e+03 5.321790000000e+03 4.401170000000e+01
3.002700000000e+03 5.317140000000e+03 4.217280000000e+01
3.058900000000e+03 5.321540000000e+03 3.912110000000e+01
3.116100000000e+03 5.321900000000e+03 4.018670000000e+01
3.174400000000e+03 5.321740000000e+03 3.611480000000e+01
3.233800000000e+03 5.323950000000e+03 3.925010000000e+01
3.294300000000e+03 5.318070000000e+03 3.777530000000e+01
3.355900000000e+03 5.319670000000e+03 4.144200000000e+01
3.418700000000e+03 5.317760000000e+03 4.505710000000e+01
3.482600000000e+03 5.319580000000e+03 3.690210000000e+01
3.547800000000e+03 5.324820000000e+03 3.827010000000e+01
3.614200000000e+03 5.319230000000e+03 4.220240000000e+01
3.681800000000e+03 5.313410000000e+03 3.902460000000e+01
3.750600000000e+03 5.321300000000e+03 4.120600000000e+01
3.820800000000e+03 5.315160000000e+03 4.242310000000e+01
3.892300000000e+03 5.317910000000e+03 4.021290000000e+01
3.965100000000e+03 5.318850000000e+03 4.028420000000e+01
4.039300000000e+03 5.316230000000e+03 4.116170000000e+01
4.114800000000e+03 5.321730000000e+03 4.276330000000e+01
4.191800000000e+03 5.319940000000e+03 4.250820000000e+01
4.270200000000e+03 5.322460000000e+03 4.479040000000e+01
4.350100000000e+03 5.349760000000e+03 4.149320000000e+01
4.431500000000e+03 5.349380000000e+03 4.276080000000e+01
4.514400000000e+03 5.348180000000e+03 4.166900000000e+01
4.598800000000e+03 5.351440000000e+03 4.199200000000e+01
4.684800000000e+03 5.352510000000e+03 4.576100000000e+01
4.772500000000e+03 5.350680000000e+03 4.171860000000e+01
4.861800000000e+03 5.352020000000e+03 4.417900000000e+01
4.952700000000e+03 5.350670000000e+03 4.488660000000e+01
5.045400000000e+03 5.348750000000e+03 4.016350000000e+01
5.139700000000e+03 5.350370000000e+03 4.293340000000e+01
5.235900000000e+03 5.351610000000e+03 4.416150000000e+01
5.333800000000e+03 5.350830000000e+03 4.179420000000e+01
5.433600000000e+03 5.352450000000e+03 4.313090000000e+01
5.535300000000e+03 5.350280000000e+03 4.447980000000e+01
5.638800000000e+03 5.346080000000e+03 4.505140000000e+01
5.744300000000e+03 5.349830000000e+03 4.090660000000e+01
5.851700000000e+03 5.349920000000e+03 4.558520000000e+01
5.961200000000e+03 5.349970000000e+03 4.688470000000e+01
6.072700000000e+03 5.350190000000e+03 4.642360000000e+01
6.186300000000e+03 5.344170000000e+03 4.394840000000e+01
6.302100000000e+03 5.350560000000e+03 4.799150000000e+01
6.419900000000e+03 5.350940000000e+03 4.594480000000e+01
6.540000000000e+03 5.349220000000e+03 4.721350000000e+01
6.662400000000e+03 5.349510000000e+03 4.642960000000e+01
6.787000000000e+03 5.348180000000e+03 4.814930000000e+01
6.914000000000e+03 5.348340000000e+03 4.985370000000e+01
7.043300000000e+03 5.348060000000e+03 4.668060000000e+01
7.175100000000e+03 5.350500000000e+03 4.661830000000e+01
7.309300000000e+03 5.350470000000e+03 4.808080000000e+01
7.446000000000e+03 5.349020000000e+03 4.847770000000e+01
7.585300000000e+03 5.349480000000e+03 4.538480000000e+01
7.727200000000e+03 5.351590000000e+03 4.737560000000e+01
7.871800000000e+03 5.350690000000e+03 4.739440000000e+01
8.019000000000e+03 5.349910000000e+03 4.838170000000e+01
8.169000000000e+03 5.347650000000e+03 5.066190000000e+01
8.321800000000e+03 5.348240000000e+03 4.884850000000e+01
8.477500000000e+03 5.351960000000e+03 4.807040000000e+01
8.636100000000e+03 5.348220000000e+03 4.950840000000e+01
8.797700000000e+03 5.348660000000e+03 4.972970000000e+01
8.962200000000e+03 5.349920000000e+03 5.102420000000e+01
9.129900000000e+03 5.345520000000e+03 5.055790000000e+01
9.300700000000e+03 5.348100000000e+03 5.160020000000e+01
9.474700000000e+03 5.346230000000e+03 5.095790000000e+01
9.651900000000e+03 5.347090000000e+03 5.248790000000e+01
9.832500000000e+03 5.348490000000e+03 5.148690000000e+01
1.001600000000e+04 5.348430000000e+03 5.502260000000e+01
1.020400000000e+04 5.347780000000e+03 5.298840000000e+01
1.039500000000e+04 5.348220000000e+03 5.374000000000e+01
1.058900000000e+04 5.348180000000e+03 5.580290000000e+01
1.078700000000e+04 5.348440000000e+03 5.381020000000e+01
1.098900000000e+04 5.349110000000e+03 5.446950000000e+01
1.119500000000e+04 5.348640000000e+03 5.589080000000e+01
1.140400000000e+04 5.349060000000e+03 5.478690000000e+01
1.161700000000e+04 5.351260000000e+03 5.688830000000e+01
1.183500000000e+04 5.348910000000e+03 5.672790000000e+01
1.205600000000e+04 5.348610000000e+03 5.714360000000e+01
1.228200000000e+04 5.348670000000e+03 5.729080000000e+01
1.251100000000e+04 5.351220000000e+03 5.846070000000e+01
1.274500000000e+04 5.350700000000e+03 6.021660000000e+01
1.298400000000e+04 5.349440000000e+03 5.860500000000e+01
1.322700000000e+04 5.349990000000e+03 5.961740000000e+01
1.347400000000e+04 5.350220000000e+03 6.087490000000e+01
1.372600000000e+04 5.349560000000e+03 6.009200000000e+01
1.398300000000e+04 5.349710000000e+03 6.134560000000e+01
1.424400000000e+04 5.349930000000e+03 6.225940000000e+01
1.451100000000e+04 5.350490000000e+03 6.297970000000e+01
1.478200000000e+04 5.351220000000e+03 6.356000000000e+01
1.505900000000e+04 5.348730000000e+03 6.494660000000e+01
1.534100000000e+04 5.351480000000e+03 6.439160000000e+01
1.562800000000e+04 5.351240000000e+03 6.434640000000e+01
1.592000000000e+04 5.351670000000e+03 6.481840000000e+01
1.621800000000e+04 5.352290000000e+03 6.645510000000e+01
1.652100000000e+04 5.352640000000e+03 6.619610000000e+01
1.683000000000e+04 5.352080000000e+03 6.709500000000e+01
1.714500000000e+04 5.352980000000e+03 6.677930000000e+01
1.746600000000e+04 5.353670000000e+03 6.809380000000e+01
1.779200000000e+04 5.353650000000e+03 6.928600000000e+01
1.812500000000e+04 5.353840000000e+03 7.006570000000e+01
1.846400000000e+04 5.354300000000e+03 7.086610000000e+01
1.881000000000e+04 5.355280000000e+03 7.119080000000e+01
1.916200000000e+04 5.354820000000e+03 7.241710000000e+01
1.952000000000e+04 5.355570000000e+03 7.252890000000e+01
1.988500000000e+04 5.354380000000e+03 7.391230000000e+01
2.025700000000e+04 5.356370000000e+03 7.396430000000e+01
2.063600000000e+04 5.356110000000e+03 7.475900000000e+01
2.102200000000e+04 5.356150000000e+03 7.466240000000e+01
2.141500000000e+04 5.357210000000e+03 7.608410000000e+01
2.181600000000e+04 5.358660000000e+03 7.786500000000e+01
2.222400000000e+04 5.358050000000e+03 7.781460000000e+01
2.264000000000e+04 5.358180000000e+03 7.922800000000e+01
2.306300000000e+04 5.360060000000e+03 8.015680000000e+01
2.349500000000e+04 5.359560000000e+03 8.110360000000e+01
2.393400000000e+04 5.359620000000e+03 8.199560000000e+01
2.438200000000e+04 5.359920000000e+03 8.235400000000e+01
2.483800000000e+04 5.361090000000e+03 8.376570000000e+01
2.530300000000e+04 5.361940000000e+03 8.545710000000e+01
2.577600000000e+04 5.362050000000e+03 8.642060000000e+01
2.625800000000e+04 5.363130000000e+03 8.727060000000e+01
2.675000000000e+04 5.363170000000e+03 8.774660000000e+01
2.725000000000e+04 5.364320000000e+03 8.875770000000e+01
2.776000000000e+04 5.364310000000e+03 8.979770000000e+01
2.827900000000e+04 5.364900000000e+03 9.110500000000e+01
2.880800000000e+04 5.366250000000e+03 9.304150000000e+01
2.934700000000e+04 5.367260000000e+03 9.397020000000e+01
2.989600000000e+04 5.368250000000e+03 9.470660000000e+01
3.045500000000e+04 5.368460000000e+03 9.637690000000e+01
3.102500000000e+04 5.369240000000e+03 9.837160000000e+01
3.160500000000e+04 5.369770000000e+03 9.804640000000e+01
3.219700000000e+04 5.370990000000e+03 9.906490000000e+01
3.279900000000e+04 5.371460000000e+03 1.004900000000e+02
3.341200000000e+04 5.372890000000e+03 1.019630000000e+02
3.403700000000e+04 5.374220000000e+03 1.030940000000e+02
3.467400000000e+04 5.374710000000e+03 1.048830000000e+02
3.532300000000e+04 5.374990000000e+03 1.059370000000e+02
3.598400000000e+04 5.376560000000e+03 1.074170000000e+02
3.665700000000e+04 5.378430000000e+03 1.084050000000e+02
3.734200000000e+04 5.379170000000e+03 1.098450000000e+02
3.804100000000e+04 5.381370000000e+03 1.117460000000e+02
3.875300000000e+04 5.381530000000e+03 1.128570000000e+02
3.947800000000e+04 5.383010000000e+03 1.150400000000e+02
4.021600000000e+04 5.384170000000e+03 1.167350000000e+02
4.096800000000e+04 5.385940000000e+03 1.173260000000e+02
4.173500000000e+04 5.387830000000e+03 1.202350000000e+02
4.251500000000e+04 5.389320000000e+03 1.224370000000e+02
4.331100000000e+04 5.391400000000e+03 1.247490000000e+02
4.412100000000e+04 5.393470000000e+03 1.253320000000e+02
4.494600000000e+04 5.394920000000e+03 1.277130000000e+02
4.578700000000e+04 5.397380000000e+03 1.301330000000e+02
4.664400000000e+04 5.398770000000e+03 1.317380000000e+02
4.751600000000e+04 5.401160000000e+03 1.341400000000e+02
4.840500000000e+04 5.402720000000e+03 1.368780000000e+02
4.931100000000e+04 5.404980000000e+03 1.390200000000e+02
5.023300000000e+04 5.407070000000e+03 1.422130000000e+02
5.117300000000e+04 5.409950000000e+03 1.450800000000e+02
5.213000000000e+04 5.412420000000e+03 1.464780000000e+02
5.310500000000e+04 5.415350000000e+03 1.494080000000e+02
5.409900000000e+04 5.417960000000e+03 1.520230000000e+02
5.511100000000e+04 5.420800000000e+03 1.551990000000e+02
5.614100000000e+04 5.423510000000e+03 1.581080000000e+02
5.719200000000e+04 5.427150000000e+03 1.611790000000e+02
5.826200000000e+04 5.429690000000e+03 1.644690000000e+02
5.935100000000e+04 5.433570000000e+03 1.681060000000e+02
6.046200000000e+04 5.436950000000e+03 1.711680000000e+02
6.159300000000e+04 5.440860000000e+03 1.749220000000e+02
6.274500000000e+04 5.444380000000e+03 1.785750000000e+02
6.391900000000e+04 5.448540000000e+03 1.827360000000e+02
6.511400000000e+04 5.452540000000e+03 1.861630000000e+02
6.633200000000e+04 5.456890000000e+03 1.909840000000e+02
6.757300000000e+04 5.461460000000e+03 1.956910000000e+02
6.883700000000e+04 5.465620000000e+03 1.997400000000e+02
7.012500000000e+04 5.470320000000e+03 2.048140000000e+02
7.143700000000e+04 5.475590000000e+03 2.095450000000e+02
7.277300000000e+04 5.480600000000e+03 2.147550000000e+02
7.413500000000e+04 5.486460000000e+03 2.201520000000e+02
7.552100000000e+04 5.491880000000e+03 2.262350000000e+02
7.693400000000e+04 5.497350000000e+03 2.314670000000e+02
7.837300000000e+04 5.503220000000e+03 2.385140000000e+02
7.984000000000e+04 5.509940000000e+03 2.448920000000e+02
8.133300000000e+04 5.514970000000e+03 2.523870000000e+02
8.285500000000e+04 5.521550000000e+03 2.598420000000e+02
8.440400000000e+04 5.528430000000e+03 2.676340000000e+02
8.598300000000e+04 5.535150000000e+03 2.761610000000e+02
8.759200000000e+04 5.542090000000e+03 2.846430000000e+02
8.923000000000e+04 5.550720000000e+03 2.937260000000e+02
9.090000000000e+04 5.559070000000e+03 3.035790000000e+02
9.260000000000e+04 5.574190000000e+03 3.246700000000e+02
9.433200000000e+04 5.567120000000e+03 3.245540000000e+02
9.609700000000e+04 5.576180000000e+03 3.361330000000e+02
9.789500000000e+04 5.584530000000e+03 3.466500000000e+02
9.972600000000e+04 5.592400000000e+03 3.591090000000e+02
1.015900000000e+05 5.600080000000e+03 3.721600000000e+02
1.034900000000e+05 5.608140000000e+03 3.852770000000e+02
1.054300000000e+05 5.615490000000e+03 3.988940000000e+02
1.074000000000e+05 5.623190000000e+03 4.140780000000e+02
1.094100000000e+05 5.631110000000e+03 4.296690000000e+02
1.114600000000e+05 5.639010000000e+03 4.453630000000e+02
1.135400000000e+05 5.646610000000e+03 4.622310000000e+02
1.156600000000e+05 5.653740000000e+03 4.796350000000e+02
1.178300000000e+05 5.660690000000e+03 4.979750000000e+02
1.200300000000e+05 5.667070000000e+03 5.170110000000e+02
1.222800000000e+05 5.673920000000e+03 5.384040000000e+02
1.245700000000e+05 5.678320000000e+03 5.568030000000e+02
1.269000000000e+05 5.684640000000e+03 5.774300000000e+02
1.292700000000e+05 5.690640000000e+03 5.992400000000e+02
1.316900000000e+05 5.695750000000e+03 6.210340000000e+02
1.341500000000e+05 5.700780000000e+03 6.436780000000e+02
1.366600000000e+05 5.705600000000e+03 6.678000000000e+02
1.392200000000e+05 5.708950000000e+03 6.914250000000e+02
1.418200000000e+05 5.713340000000e+03 7.167750000000e+02
1.444700000000e+05 5.716620000000e+03 7.415140000000e+02
1.471800000000e+05 5.719880000000e+03 7.668070000000e+02
1.499300000000e+05 5.722540000000e+03 7.936150000000e+02
1.527400000000e+05 5.724380000000e+03 8.205540000000e+02
1.555900000000e+05 5.726360000000e+03 8.482960000000e+02
1.585000000000e+05 5.727730000000e+03 8.763670000000e+02
1.614700000000e+05 5.727700000000e+03 9.040940000000e+02
1.644900000000e+05 5.728040000000e+03 9.335480000000e+02
1.675700000000e+05 5.727670000000e+03 9.636680000000e+02
1.707000000000e+05 5.727100000000e+03 9.933950000000e+02
1.738900000000e+05 5.726360000000e+03 1.023820000000e+03
1.771500000000e+05 5.724670000000e+03 1.055030000000e+03
1.804600000000e+05 5.722710000000e+03 1.087030000000e+03
1.838400000000e+05 5.719960000000e+03 1.119270000000e+03
1.872700000000e+05 5.717190000000e+03 1.152490000000e+03
1.907800000000e+05 5.714020000000e+03 1.185730000000e+03
1.943500000000e+05 5.710190000000e+03 1.219820000000e+03
1.979800000000e+05 5.705950000000e+03 1.254210000000e+03
2.016900000000e+05 5.700540000000e+03 1.289630000000e+03
2.054600000000e+05 5.695680000000e+03 1.325670000000e+03
2.093000000000e+05 5.689620000000e+03 1.362250000000e+03
2.132200000000e+05 5.682690000000e+03 1.399410000000e+03
2.172100000000e+05 5.675230000000e+03 1.437560000000e+03
2.212700000000e+05 5.667860000000e+03 1.475810000000e+03
2.254100000000e+05 5.659140000000e+03 1.515080000000e+03
2.296300000000e+05 5.649800000000e+03 1.555290000000e+03
2.339200000000e+05 5.639070000000e+03 1.596740000000e+03
2.383000000000e+05 5.626150000000e+03 1.639760000000e+03
2.427500000000e+05 5.602290000000e+03 1.680100000000e+03
2.473000000000e+05 5.599920000000e+03 1.709590000000e+03
2.519200000000e+05 5.590630000000e+03 1.756350000000e+03
2.566300000000e+05 5.576700000000e+03 1.801820000000e+03
2.614400000000e+05 5.561120000000e+03 1.847500000000e+03
2.663300000000e+05 5.544450000000e+03 1.893000000000e+03
2.713100000000e+05 5.526470000000e+03 1.938910000000e+03
2.763800000000e+05 5.507450000000e+03 1.985560000000e+03
2.815500000000e+05 5.487490000000e+03 2.032800000000e+03
2.868200000000e+05 5.465140000000e+03 2.080780000000e+03
2.921900000000e+05 5.442190000000e+03 2.128720000000e+03
2.976500000000e+05 5.418010000000e+03 2.176980000000e+03
3.032200000000e+05 5.391630000000e+03 2.225950000000e+03
3.088900000000e+05 5.363700000000e+03 2.275570000000e+03
3.146700000000e+05 5.334580000000e+03 2.325270000000e+03
3.205600000000e+05 5.303610000000e+03 2.374790000000e+03
3.265500000000e+05 5.270740000000e+03 2.425160000000e+03
3.326600000000e+05 5.236120000000e+03 2.475250000000e+03
3.388900000000e+05 5.199990000000e+03 2.525210000000e+03
3.452200000000e+05 5.161930000000e+03 2.575610000000e+03
3.516800000000e+05 5.122090000000e+03 2.625160000000e+03
3.582600000000e+05 5.080400000000e+03 2.674780000000e+03
3.649600000000e+05 5.036030000000e+03 2.724340000000e+03
3.717900000000e+05 4.990350000000e+03 2.773150000000e+03
3.787500000000e+05 4.942500000000e+03 2.821590000000e+03
3.858300000000e+05 4.892430000000e+03 2.869550000000e+03
3.930500000000e+05 4.839930000000e+03 2.916870000000e+03
4.004000000000e+05 4.784900000000e+03 2.963050000000e+03
4.078900000000e+05 4.724900000000e+03 3.007070000000e+03
4.155200000000e+05 4.659260000000e+03 3.043850000000e+03
4.232900000000e+05 4.604640000000e+03 3.055210000000e+03
4.312100000000e+05 4.583250000000e+03 3.105090000000e+03
4.392800000000e+05 4.522910000000e+03 3.163450000000e+03
4.475000000000e+05 4.457620000000e+03 3.209790000000e+03
4.558700000000e+05 4.390770000000e+03 3.250880000000e+03
4.644000000000e+05 4.324360000000e+03 3.289560000000e+03
4.730800000000e+05 4.255870000000e+03 3.326330000000e+03
4.819300000000e+05 4.186460000000e+03 3.360770000000e+03
4.909500000000e+05 4.115860000000e+03 3.393250000000e+03
5.001300000000e+05 4.044450000000e+03 3.423950000000e+03
5.094900000000e+05 3.971720000000e+03 3.452100000000e+03
5.190200000000e+05 3.900140000000e+03 3.478300000000e+03
5.287300000000e+05 3.827060000000e+03 3.505140000000e+03
5.386200000000e+05 3.751960000000e+03 3.528990000000e+03
5.487000000000e+05 3.676050000000e+03 3.550590000000e+03
5.589600000000e+05 3.600040000000e+03 3.569600000000e+03
5.694200000000e+05 3.523410000000e+03 3.587280000000e+03
5.800700000000e+05 3.446990000000e+03 3.602940000000e+03
5.909200000000e+05 3.369520000000e+03 3.616640000000e+03
6.019700000000e+05 3.292020000000e+03 3.628250000000e+03
6.132300000000e+05 3.214560000000e+03 3.637630000000e+03
6.247100000000e+05 3.137500000000e+03 3.645570000000e+03
6.363900000000e+05 3.059600000000e+03 3.651740000000e+03
6.483000000000e+05 2.982210000000e+03 3.655310000000e+03
6.604200000000e+05 2.906520000000e+03 3.658170000000e+03
6.727800000000e+05 2.829000000000e+03 3.659710000000e+03
6.853600000000e+05 2.752070000000e+03 3.658710000000e+03
6.981800000000e+05 2.675690000000e+03 3.655710000000e+03
7.112500000000e+05 2.599880000000e+03 3.651190000000e+03
7.245500000000e+05 2.523800000000e+03 3.645380000000e+03
7.381000000000e+05 2.449010000000e+03 3.637610000000e+03
7.519100000000e+05 2.374430000000e+03 3.628130000000e+03
7.659800000000e+05 2.300710000000e+03 3.617580000000e+03
7.803100000000e+05 2.227630000000e+03 3.605210000000e+03
7.949000000000e+05 2.155330000000e+03 3.592260000000e+03
8.097700000000e+05 2.082930000000e+03 3.577950000000e+03
8.249200000000e+05 2.011800000000e+03 3.561720000000e+03
8.403500000000e+05 1.941470000000e+03 3.544250000000e+03
8.560700000000e+05 1.871740000000e+03 3.525920000000e+03
8.720900000000e+05 1.802320000000e+03 3.506140000000e+03
8.884000000000e+05 1.733820000000e+03 3.485300000000e+03
9.050200000000e+05 1.666580000000e+03 3.462660000000e+03
9.219500000000e+05 1.600350000000e+03 3.439930000000e+03
9.392000000000e+05 1.533790000000e+03 3.416720000000e+03
9.567700000000e+05 1.467520000000e+03 3.391550000000e+03
9.746700000000e+05 1.402330000000e+03 3.365100000000e+03
9.929000000000e+05 1.337560000000e+03 3.337580000000e+03
1.011500000000e+06 1.273990000000e+03 3.308820000000e+03
1.030400000000e+06 1.211150000000e+03 3.279280000000e+03
1.049700000000e+06 1.148930000000e+03 3.248250000000e+03
1.069300000000e+06 1.088020000000e+03 3.216180000000e+03
1.089300000000e+06 1.027860000000e+03 3.183260000000e+03
1.109700000000e+06 9.685950000000e+02 3.149250000000e+03
1.130400000000e+06 9.100270000000e+02 3.114340000000e+03
1.151600000000e+06 8.520990000000e+02 3.077400000000e+03
1.173100000000e+06 7.958860000000e+02 3.039070000000e+03
1.195100000000e+06 7.417300000000e+02 2.999430000000e+03
1.217400000000e+06 6.898730000000e+02 2.960130000000e+03
1.240200000000e+06 6.379490000000e+02 2.921720000000e+03
1.263400000000e+06 5.854930000000e+02 2.881980000000e+03
1.287000000000e+06 5.339490000000e+02 2.840490000000e+03
1.311100000000e+06 4.839480000000e+02 2.797120000000e+03
1.335600000000e+06 4.355580000000e+02 2.752840000000e+03
1.360600000000e+06 3.887600000000e+02 2.707660000000e+03
1.386100000000e+06 3.438890000000e+02 2.661710000000e+03
1.412000000000e+06 3.003960000000e+02 2.615280000000e+03
1.438400000000e+06 2.584490000000e+02 2.568220000000e+03
1.465300000000e+06 2.178940000000e+02 2.520800000000e+03
1.492700000000e+06 1.788440000000e+02 2.472480000000e+03
1.520700000000e+06 1.414440000000e+02 2.423280000000e+03
1.549100000000e+06 1.060520000000e+02 2.374100000000e+03
1.578100000000e+06 7.241550000000e+01 2.324350000000e+03
1.607600000000e+06 4.060700000000e+01 2.274560000000e+03
1.637700000000e+06 1.061550000000e+01 2.224450000000e+03
1.668300000000e+06 -1.759280000000e+01 2.174510000000e+03
1.699500000000e+06 -4.424750000000e+01 2.124710000000e+03
1.731300000000e+06 -6.917490000000e+01 2.075010000000e+03
1.763700000000e+06 -9.242120000000e+01 2.025430000000e+03
1.796700000000e+06 -1.139080000000e+02 1.975910000000e+03
1.830300000000e+06 -1.337280000000e+02 1.927050000000e+03
1.864600000000e+06 -1.517170000000e+02 1.878320000000e+03
1.899400000000e+06 -1.681250000000e+02 1.830480000000e+03
1.935000000000e+06 -1.830860000000e+02 1.783190000000e+03
1.971200000000e+06 -1.966080000000e+02 1.736620000000e+03
2.008000000000e+06 -2.087640000000e+02 1.690850000000e+03
2.045600000000e+06 -2.195420000000e+02 1.645620000000e+03
2.083900000000e+06 -2.290160000000e+02 1.601220000000e+03
2.122900000000e+06 -2.372830000000e+02 1.557580000000e+03
2.162600000000e+06 -2.440490000000e+02 1.515030000000e+03
2.203000000000e+06 -2.498600000000e+02 1.473490000000e+03
2.244200000000e+06 -2.545920000000e+02 1.432940000000e+03
2.286200000000e+06 -2.582090000000e+02 1.393560000000e+03
2.329000000000e+06 -2.612090000000e+02 1.355340000000e+03
2.372500000000e+06 -2.635510000000e+02 1.318090000000e+03
2.416900000000e+06 -2.651650000000e+02 1.281710000000e+03
2.462100000000e+06 -2.660980000000e+02 1.246340000000e+03
2.508200000000e+06 -2.664240000000e+02 1.211890000000e+03
2.555100000000e+06 -2.662050000000e+02 1.178410000000e+03
2.602900000000e+06 -2.653790000000e+02 1.145910000000e+03
2.651600000000e+06 -2.640350000000e+02 1.114380000000e+03
2.701200000000e+06 -2.623380000000e+02 1.083880000000e+03
2.751700000000e+06 -2.602640000000e+02 1.054340000000e+03
2.803200000000e+06 -2.579410000000e+02 1.025610000000e+03
2.855700000000e+06 -2.553160000000e+02 9.977290000000e+02
2.909100000000e+06 -2.524380000000e+02 9.707110000000e+02
2.963500000000e+06 -2.493060000000e+02 9.444680000000e+02
3.018900000000e+06 -2.458630000000e+02 9.189830000000e+02
3.075400000000e+06 -2.420560000000e+02 8.942330000000e+02
3.132900000000e+06 -2.379500000000e+02 8.706860000000e+02
3.191600000000e+06 -2.340850000000e+02 8.480550000000e+02
3.251300000000e+06 -2.302950000000e+02 8.260220000000e+02
3.312100000000e+06 -2.264440000000e+02 8.045910000000e+02
3.374000000000e+06 -2.225030000000e+02 7.838020000000e+02
3.437200000000e+06 -2.186040000000e+02 7.636510000000e+02
3.501400000000e+06 -2.145820000000e+02 7.441400000000e+02
3.566900000000e+06 -2.106250000000e+02 7.252160000000e+02
3.633700000000e+06 -2.066370000000e+02 7.068850000000e+02
3.701600000000e+06 -2.026640000000e+02 6.891320000000e+02
3.770900000000e+06 -1.988050000000e+02 6.718970000000e+02
3.841400000000e+06 -1.949500000000e+02 6.550930000000e+02
3.913300000000e+06 -1.910440000000e+02 6.387620000000e+02
3.986500000000e+06 -1.870450000000e+02 6.230160000000e+02
4.061100000000e+06 -1.832470000000e+02 6.078550000000e+02
4.137000000000e+06 -1.795580000000e+02 5.931000000000e+02
4.214400000000e+06 -1.759690000000e+02 5.787080000000e+02
4.293300000000e+06 -1.724030000000e+02 5.647140000000e+02
4.373600000000e+06 -1.689480000000e+02 5.511250000000e+02
4.455400000000e+06 -1.655400000000e+02 5.379190000000e+02
4.538700000000e+06 -1.622300000000e+02 5.250690000000e+02
4.623700000000e+06 -1.589990000000e+02 5.125170000000e+02
4.710100000000e+06 -1.558140000000e+02 5.002710000000e+02
4.798300000000e+06 -1.526300000000e+02 4.883290000000e+02
4.888000000000e+06 -1.495030000000e+02 4.767900000000e+02
4.979500000000e+06 -1.464600000000e+02 4.655420000000e+02
5.072600000000e+06 -1.435400000000e+02 4.545290000000e+02
5.167500000000e+06 -1.406830000000e+02 4.438510000000e+02
5.264200000000e+06 -1.378710000000e+02 4.333900000000e+02
5.362600000000e+06 -1.351450000000e+02 4.232120000000e+02
5.463000000000e+06 -1.324520000000e+02 4.132700000000e+02
5.565200000000e+06 -1.298090000000e+02 4.035580000000e+02
5.669300000000e+06 -1.272300000000e+02 3.940630000000e+02
5.775300000000e+06 -1.246760000000e+02 3.848030000000e+02
5.883300000000e+06 -1.221710000000e+02 3.758080000000e+02
5.993400000000e+06 -1.197470000000e+02 3.669880000000e+02
6.105500000000e+06 -1.173450000000e+02 3.583910000000e+02
6.219700000000e+06 -1.150130000000e+02 3.500010000000e+02
6.336100000000e+06 -1.127290000000e+02 3.417930000000e+02
6.454600000000e+06 -1.104950000000e+02 3.337560000000e+02
6.575400000000e+06 -1.082760000000e+02 3.258980000000e+02
6.698400000000e+06 -1.060850000000e+02 3.182490000000e+02
6.823700000000e+06 -1.039400000000e+02 3.107740000000e+02
6.951300000000e+06 -1.018310000000e+02 3.034820000000e+02
7.081400000000e+06 -9.976070000000e+01 2.963360000000e+02
7.213800000000e+06 -9.772030000000e+01 2.893660000000e+02
7.348800000000e+06 -9.571950000000e+01 2.825480000000e+02
7.486200000000e+06 -9.374680000000e+01 2.758900000000e+02
7.626300000000e+06 -9.180440000000e+01 2.693760000000e+02
7.768900000000e+06 -8.988340000000e+01 2.630270000000e+02
7.914300000000e+06 -8.800460000000e+01 2.568150000000e+02
8.062300000000e+06 -8.615590000000e+01 2.507600000000e+02
8.213100000000e+06 -8.433900000000e+01 2.448410000000e+02
8.366800000000e+06 -8.254510000000e+01 2.390500000000e+02
8.523300000000e+06 -8.076970000000e+01 2.334070000000e+02
8.682700000000e+06 -7.903050000000e+01 2.278910000000e+02
8.845200000000e+06 -7.731570000000e+01 2.224970000000e+02
9.010600000000e+06 -7.562550000000e+01 2.172520000000e+02
9.179200000000e+06 -7.396440000000e+01 2.121080000000e+02
9.350900000000e+06 -7.233530000000e+01 2.071070000000e+02
9.525800000000e+06 -7.071840000000e+01 2.022060000000e+02
9.704000000000e+06 -6.913290000000e+01 1.974270000000e+02
9.885600000000e+06 -6.757260000000e+01 1.927520000000e+02
1.007000000000e+07 -6.604290000000e+01 1.882050000000e+02
1.025900000000e+07 -6.453060000000e+01 1.837390000000e+02
1.045100000000e+07 -6.304040000000e+01 1.793850000000e+02
1.064600000000e+07 -6.158060000000e+01 1.751490000000e+02
1.084500000000e+07 -6.014210000000e+01 1.710230000000e+02
1.104800000000e+07 -5.872990000000e+01 1.669840000000e+02
1.125500000000e+07 -5.733910000000e+01 1.630430000000e+02
1.146600000000e+07 -5.597770000000e+01 1.591880000000e+02
1.168000000000e+07 -5.463560000000e+01 1.554450000000e+02
1.189900000000e+07 -5.330940000000e+01 1.517800000000e+02
1.212100000000e+07 -5.202180000000e+01 1.482290000000e+02
1.234800000000e+07 -5.075680000000e+01 1.447480000000e+02
1.257900000000e+07 -4.950700000000e+01 1.413480000000e+02
1.281400000000e+07 -4.828070000000e+01 1.380460000000e+02
1.305400000000e+07 -4.708010000000e+01 1.348170000000e+02
1.329800000000e+07 -4.591380000000e+01 1.316680000000e+02
1.354700000000e+07 -4.474840000000e+01 1.285820000000e+02
1.380000000000e+07 -4.361050000000e+01 1.256060000000e+02
1.405800000000e+07 -4.251340000000e+01 1.226870000000e+02
1.432100000000e+07 -4.142200000000e+01 1.198280000000e+02
1.458900000000e+07 -4.034810000000e+01 1.170420000000e+02
1.486200000000e+07 -3.930920000000e+01 1.143490000000e+02
1.514000000000e+07 -3.828890000000e+01 1.116910000000e+02
1.542300000000e+07 -3.727890000000e+01 1.091090000000e+02
1.571200000000e+07 -3.629330000000e+01 1.066020000000e+02
1.600600000000e+07 -3.534460000000e+01 1.041460000000e+02
1.630500000000e+07 -3.439780000000e+01 1.017540000000e+02
1.661000000000e+07 -3.347330000000e+01 9.943160000000e+01
1.692100000000e+07 -3.258290000000e+01 9.715140000000e+01
1.723800000000e+07 -3.169230000000e+01 9.492970000000e+01
1.756000000000e+07 -3.083440000000e+01 9.278560000000e+01
1.788900000000e+07 -2.999600000000e+01 9.066490000000e+01
1.822300000000e+07 -2.916390000000e+01 8.860710000000e+01
1.856400000000e+07 -2.836910000000e+01 8.661260000000e+01
1.891100000000e+07 -2.758310000000e+01 8.464190000000e+01
1.926500000000e+07 -2.680590000000e+01 8.274300000000e+01
1.962500000000e+07 -2.606750000000e+01 8.088190000000e+01
1.999300000000e+07 -2.532870000000e+01 7.906240000000e+01
2.036700000000e+07 -2.461910000000e+01 7.730150000000e+01
2.074800000000e+07 -2.391630000000e+01 7.556300000000e+01
2.113600000000e+07 -2.323300000000e+01 7.389500000000e+01
2.153100000000e+07 -2.257560000000e+01 7.224700000000e+01
2.193400000000e+07 -2.191900000000e+01 7.064800000000e+01
2.234400000000e+07 -2.129540000000e+01 6.909110000000e+01
2.276200000000e+07 -2.066970000000e+01 6.756080000000e+01
2.318800000000e+07 -2.007840000000e+01 6.608340000000e+01
2.362200000000e+07 -1.948610000000e+01 6.462590000000e+01
2.406400000000e+07 -1.892030000000e+01 6.322010000000e+01
2.451400000000e+07 -1.835710000000e+01 6.183510000000e+01
2.497200000000e+07 -1.782170000000e+01 6.049880000000e+01
2.544000000000e+07 -1.728640000000e+01 5.917850000000e+01
2.591500000000e+07 -1.678010000000e+01 5.790440000000e+01
2.640000000000e+07 -1.627300000000e+01 5.665400000000e+01
2.689400000000e+07 -1.579340000000e+01 5.543340000000e+01
2.739700000000e+07 -1.531030000000e+01 5.424400000000e+01
2.791000000000e+07 -1.485370000000e+01 5.307860000000e+01
2.843200000000e+07 -1.440340000000e+01 5.195480000000e+01
2.896400000000e+07 -1.396420000000e+01 5.084100000000e+01
2.950500000000e+07 -1.354300000000e+01 4.976460000000e+01
3.005700000000e+07 -1.312530000000e+01 4.871260000000e+01
3.062000000000e+07 -1.272770000000e+01 4.767790000000e+01
3.119200000000e+07 -1.233530000000e+01 4.667850000000e+01
3.177600000000e+07 -1.195320000000e+01 4.569680000000e+01
3.237000000000e+07 -1.158670000000e+01 4.474020000000e+01
3.297600000000e+07 -1.122610000000e+01 4.380650000000e+01
3.359300000000e+07 -1.087620000000e+01 4.289590000000e+01
3.422100000000e+07 -1.053940000000e+01 4.200380000000e+01
3.486100000000e+07 -1.021090000000e+01 4.113670000000e+01
3.551400000000e+07 -9.889880000000e+00 4.028580000000e+01
3.617800000000e+07 -9.580290000000e+00 3.945370000000e+01
3.685500000000e+07 -9.279680000000e+00 3.864700000000e+01
3.754400000000e+07 -8.986920000000e+00 3.785430000000e+01
3.824600000000e+07 -8.702770000000e+00 3.708390000000e+01
3.896200000000e+07 -8.427380000000e+00 3.632500000000e+01
3.969100000000e+07 -8.161720000000e+00 3.558780000000e+01
4.043300000000e+07 -7.902440000000e+00 3.486890000000e+01
4.119000000000e+07 -7.651040000000e+00 3.416330000000e+01
4.196000000000e+07 -7.406860000000e+00 3.347500000000e+01
4.274500000000e+07 -7.169120000000e+00 3.280230000000e+01
4.354500000000e+07 -6.940030000000e+00 3.214700000000e+01
4.435900000000e+07 -6.719030000000e+00 3.150460000000e+01
4.518900000000e+07 -6.502450000000e+00 3.087750000000e+01
4.603400000000e+07 -6.293280000000e+00 3.026300000000e+01
4.689500000000e+07 -6.090920000000e+00 2.966560000000e+01
4.777300000000e+07 -5.896020000000e+00 2.907930000000e+01
4.866600000000e+07 -5.703750000000e+00 2.850570000000e+01
4.957700000000e+07 -5.519930000000e+00 2.794710000000e+01
5.050400000000e+07 -5.341870000000e+00 2.740030000000e+01
5.144900000000e+07 -5.168720000000e+00 2.686440000000e+01
5.241100000000e+07 -5.002040000000e+00 2.634300000000e+01
5.339200000000e+07 -4.840350000000e+00 2.582920000000e+01
5.439100000000e+07 -4.682820000000e+00 2.532950000000e+01
5.540800000000e+07 -4.531020000000e+00 2.484050000000e+01
5.644500000000e+07 -4.384590000000e+00 2.436210000000e+01
5.750100000000e+07 -4.243090000000e+00 2.389520000000e+01
5.857600000000e+07 -4.106010000000e+00 2.343760000000e+01
5.967200000000e+07 -3.972880000000e+00 2.298880000000e+01
6.078800000000e+07 -3.844080000000e+00 2.255050000000e+01
6.192500000000e+07 -3.719780000000e+00 2.212210000000e+01
6.308400000000e+07 -3.599090000000e+00 2.170430000000e+01
6.426400000000e+07 -3.481990000000e+00 2.129360000000e+01
6.546600000000e+07 -3.369550000000e+00 2.089270000000e+01
6.669100000000e+07 -3.261390000000e+00 2.050010000000e+01
6.793800000000e+07 -3.155960000000e+00 2.011470000000e+01
6.920900000000e+07 -3.054730000000e+00 1.973750000000e+01
7.050400000000e+07 -2.955960000000e+00 1.937040000000e+01
7.182300000000e+07 -2.862300000000e+00 1.900890000000e+01
7.316600000000e+07 -2.769550000000e+00 1.865620000000e+01
7.453500000000e+07 -2.680680000000e+00 1.831020000000e+01
7.592900000000e+07 -2.595480000000e+00 1.797280000000e+01
7.735000000000e+07 -2.513290000000e+00 1.763990000000e+01
7.879700000000e+07 -2.433810000000e+00 1.731680000000e+01
8.027100000000e+07 -2.358040000000e+00 1.699910000000e+01
8.177200000000e+07 -2.284050000000e+00 1.668790000000e+01
8.330200000000e+07 -2.213520000000e+00 1.638490000000e+01
8.486000000000e+07 -2.144630000000e+00 1.608580000000e+01
8.644800000000e+07 -2.079120000000e+00 1.579340000000e+01
8.806500000000e+07 -2.016150000000e+00 1.550620000000e+01
8.971200000000e+07 -1.955460000000e+00 1.522810000000e+01
9.139000000000e+07 -1.898220000000e+00 1.495350000000e+01
9.310000000000e+07 -1.842060000000e+00 1.468450000000e+01
9.484200000000e+07 -1.787830000000e+00 1.442080000000e+01
9.661600000000e+07 -1.737460000000e+00 1.416380000000e+01
9.842300000000e+07 -1.687320000000e+00 1.391210000000e+01
1.002600000000e+08 -1.640120000000e+00 1.366650000000e+01
1.021400000000e+08 -1.595520000000e+00 1.342520000000e+01
1.040500000000e+08 -1.552240000000e+00 1.318860000000e+01
1.060000000000e+08 -1.510310000000e+00 1.295670000000e+01
1.079800000000e+08 -1.470690000000e+00 1.273020000000e+01
1.100000000000e+08 -1.432850000000e+00 1.250730000000e+01