4.000000000000e+01 3.341070000000e+04 6.513100000000e+03
4.074800000000e+01 3.165410000000e+04 6.235850000000e+03
4.151100000000e+01 3.100220000000e+04 5.654930000000e+03
4.228700000000e+01 2.881880000000e+04 5.171280000000e+03
4.307800000000e+01 2.892390000000e+04 5.908330000000e+03
4.388400000000e+01 2.840840000000e+04 6.201790000000e+03
4.470500000000e+01 2.774530000000e+04 6.366350000000e+03
4.554100000000e+01 2.808760000000e+04 5.872120000000e+03
4.639300000000e+01 2.723990000000e+04 4.898240000000e+03
4.726100000000e+01 2.634840000000e+04 5.932990000000e+03
4.814500000000e+01 2.553370000000e+04 6.059600000000e+03
4.904600000000e+01 2.502320000000e+04 5.598970000000e+03
4.996300000000e+01 2.520450000000e+04 6.100640000000e+03
5.089800000000e+01 2.484500000000e+04 5.576500000000e+03
5.185000000000e+01 2.254940000000e+04 5.383690000000e+03
5.282000000000e+01 2.251370000000e+04 5.632940000000e+03
5.380800000000e+01 2.107960000000e+04 5.726090000000e+03
5.481500000000e+01 2.182870000000e+04 6.559670000000e+03
5.584000000000e+01 2.158640000000e+04 7.010190000000e+03
5.688500000000e+01 2.040220000000e+04 5.682110000000e+03
5.794900000000e+01 2.090330000000e+04 6.485780000000e+03
5.903300000000e+01 2.005620000000e+04 5.827460000000e+03
6.013700000000e+01 1.921070000000e+04 6.266360000000e+03
6.126200000000e+01 1.918480000000e+04 6.091370000000e+03
6.240800000000e+01 1.937630000000e+04 5.108690000000e+03
6.357500000000e+01 1.849760000000e+04 5.723790000000e+03
6.476500000000e+01 1.805340000000e+04 6.091680000000e+03
6.597600000000e+01 1.767450000000e+04 5.890930000000e+03
6.721000000000e+01 1.690060000000e+04 5.652930000000e+03
6.846800000000e+01 1.666480000000e+04 5.518450000000e+03
6.974900000000e+01 1.677500000000e+04 5.861130000000e+03
7.105300000000e+01 1.629450000000e+04 6.214550000000e+03
7.238200000000e+01 1.608240000000e+04 5.772750000000e+03
7.373600000000e+01 1.587550000000e+04 5.761240000000e+03
7.511600000000e+01 1.546930000000e+04 5.739710000000e+03
7.652100000000e+01 1.501880000000e+04 5.708620000000e+03
7.795200000000e+01 1.459030000000e+04 5.780660000000e+03
7.941100000000e+01 1.453550000000e+04 5.710050000000e+03
8.089600000000e+01 1.424130000000e+04 5.560130000000e+03
8.241000000000e+01 1.487510000000e+04 5.850710000000e+03
8.395100000000e+01 1.407570000000e+04 5.508770000000e+03
8.552200000000e+01 1.352180000000e+04 5.644170000000e+03
8.712100000000e+01 1.350120000000e+04 5.754770000000e+03
8.875100000000e+01 1.311720000000e+04 5.585990000000e+03
9.041100000000e+01 1.265420000000e+04 5.590780000000e+03
9.210300000000e+01 1.239620000000e+04 5.763540000000e+03
9.382600000000e+01 1.208350000000e+04 5.712820000000e+03
9.558100000000e+01 1.160630000000e+04 5.873430000000e+03
9.736900000000e+01 1.156040000000e+04 5.642030000000e+03
9.919000000000e+01 1.122430000000e+04 5.853750000000e+03
1.010500000000e+02 1.101800000000e+04 5.924340000000e+03
1.029400000000e+02 1.102940000000e+04 5.889610000000e+03
1.048600000000e+02 1.085490000000e+04 5.886840000000e+03
1.068200000000e+02 1.064940000000e+04 5.849660000000e+03
1.088200000000e+02 1.046920000000e+04 5.702090000000e+03
1.108600000000e+02 1.002300000000e+04 5.778330000000e+03
1.129300000000e+02 9.863270000000e+03 5.840170000000e+03
1.150400000000e+02 9.544450000000e+03 5.571630000000e+03
1.172000000000e+02 9.539460000000e+03 5.746600000000e+03
1.193900000000e+02 9.397720000000e+03 5.752480000000e+03
1.216200000000e+02 9.235650000000e+03 5.997470000000e+03
1.239000000000e+02 9.046820000000e+03 5.764420000000e+03
1.262100000000e+02 8.688300000000e+03 5.872660000000e+03
1.285700000000e+02 8.601790000000e+03 5.726280000000e+03
1.309800000000e+02 8.540690000000e+03 5.728450000000e+03
1.334300000000e+02 8.496950000000e+03 5.960530000000e+03
1.359300000000e+02 8.230800000000e+03 5.805050000000e+03
1.384700000000e+02 8.447860000000e+03 5.843450000000e+03
1.410600000000e+02 8.244610000000e+03 5.770740000000e+03
1.437000000000e+02 8.114910000000e+03 5.803400000000e+03
1.463900000000e+02 7.838740000000e+03 5.775270000000e+03
1.491300000000e+02 7.768620000000e+03 5.903130000000e+03
1.519100000000e+02 7.502510000000e+03 5.904140000000e+03
1.547600000000e+02 7.514910000000e+03 5.771440000000e+03
1.576500000000e+02 7.167830000000e+03 5.703820000000e+03
1.606000000000e+02 7.170970000000e+03 5.779650000000e+03
1.636000000000e+02 7.016350000000e+03 5.609180000000e+03
1.666700000000e+02 6.976130000000e+03 5.808490000000e+03
1.697800000000e+02 6.646380000000e+03 5.790860000000e+03
1.729600000000e+02 6.656120000000e+03 5.766170000000e+03
1.762000000000e+02 6.324480000000e+03 5.881100000000e+03
1.794900000000e+02 6.246010000000e+03 5.734420000000e+03
1.828500000000e+02 6.090280000000e+03 5.684840000000e+03
1.862700000000e+02 6.031410000000e+03 5.779250000000e+03
1.897500000000e+02 5.970750000000e+03 5.867240000000e+03
1.933000000000e+02 5.829760000000e+03 5.822510000000e+03
1.969200000000e+02 5.582330000000e+03 5.782030000000e+03
2.006000000000e+02 5.737410000000e+03 5.748290000000e+03
2.043600000000e+02 5.589370000000e+03 5.776540000000e+03
2.081800000000e+02 5.365010000000e+03 5.890400000000e+03
2.120700000000e+02 5.397710000000e+03 5.753460000000e+03
2.160400000000e+02 5.170320000000e+03 5.795050000000e+03
2.200800000000e+02 4.991200000000e+03 5.767590000000e+03
2.242000000000e+02 4.937080000000e+03 5.663520000000e+03
2.283900000000e+02 4.853590000000e+03 5.681170000000e+03
2.326600000000e+02 4.735900000000e+03 5.864470000000e+03
2.370200000000e+02 4.797140000000e+03 5.702930000000e+03
2.414500000000e+02 4.576300000000e+03 5.772960000000e+03
2.459700000000e+02 4.606140000000e+03 5.856520000000e+03
2.505700000000e+02 4.439720000000e+03 5.689830000000e+03
2.552600000000e+02 4.353000000000e+03 5.834320000000e+03
2.600300000000e+02 4.121020000000e+03 5.692810000000e+03
2.649000000000e+02 4.165330000000e+03 5.863830000000e+03
2.698500000000e+02 4.127580000000e+03 5.716340000000e+03
2.749000000000e+02 4.055490000000e+03 5.875750000000e+03
2.800400000000e+02 4.020370000000e+03 5.767580000000e+03
2.852800000000e+02 3.946520000000e+03 5.725160000000e+03
2.906200000000e+02 3.865050000000e+03 5.685850000000e+03
2.960500000000e+02 3.755420000000e+03 5.694070000000e+03
3.015900000000e+02 3.646960000000e+03 5.760090000000e+03
3.072300000000e+02 3.588650000000e+03 5.798380000000e+03
3.129800000000e+02 3.537010000000e+03 5.746390000000e+03
3.188300000000e+02 3.520810000000e+03 5.830620000000e+03
3.248000000000e+02 3.460240000000e+03 5.746620000000e+03
3.308800000000e+02 3.261270000000e+03 5.787970000000e+03
3.370700000000e+02 3.294570000000e+03 5.791210000000e+03
3.433700000000e+02 3.239220000000e+03 5.779550000000e+03
3.497900000000e+02 3.119750000000e+03 5.857260000000e+03
3.563400000000e+02 3.137610000000e+03 5.775730000000e+03
3.630000000000e+02 3.034170000000e+03 5.771940000000e+03
3.697900000000e+02 2.926160000000e+03 5.812370000000e+03
3.767100000000e+02 2.979530000000e+03 5.784580000000e+03
3.837600000000e+02 2.949360000000e+03 5.784440000000e+03
3.909400000000e+02 2.811090000000e+03 5.817830000000e+03
3.982500000000e+02 2.759850000000e+03 5.744410000000e+03
4.057000000000e+02 2.747550000000e+03 5.800110000000e+03
4.132900000000e+02 2.723810000000e+03 5.772390000000e+03
4.210200000000e+02 2.668190000000e+03 5.753710000000e+03
4.289000000000e+02 2.564460000000e+03 5.786190000000e+03
4.369200000000e+02 2.538760000000e+03 5.785140000000e+03
4.450900000000e+02 2.464470000000e+03 5.787810000000e+03
4.534200000000e+02 2.431780000000e+03 5.811000000000e+03
4.619000000000e+02 2.415590000000e+03 5.786960000000e+03
4.705400000000e+02 2.385690000000e+03 5.830030000000e+03
4.793500000000e+02 2.302180000000e+03 5.784350000000e+03
4.883100000000e+02 2.261500000000e+03 5.739970000000e+03
4.974500000000e+02 2.183730000000e+03 5.736310000000e+03
5.067500000000e+02 2.197720000000e+03 5.770590000000e+03
5.162300000000e+02 2.191120000000e+03 5.779920000000e+03
5.258900000000e+02 2.129810000000e+03 5.769200000000e+03
5.357300000000e+02 2.082060000000e+03 5.803020000000e+03
5.457500000000e+02 2.041290000000e+03 5.765350000000e+03
5.559600000000e+02 2.003510000000e+03 5.780290000000e+03
5.663600000000e+02 1.970460000000e+03 5.753560000000e+03
5.769500000000e+02 1.943600000000e+03 5.782190000000e+03
5.877400000000e+02 1.922110000000e+03 5.776280000000e+03
5.987400000000e+02 1.903000000000e+03 5.740750000000e+03
6.099400000000e+02 1.822990000000e+03 5.771870000000e+03
6.213500000000e+02 1.859880000000e+03 5.769620000000e+03
6.329700000000e+02 1.792040000000e+03 5.764450000000e+03
6.448200000000e+02 1.747290000000e+03 5.766730000000e+03
6.568800000000e+02 1.685030000000e+03 5.779550000000e+03
6.691600000000e+02 1.679170000000e+03 5.760530000000e+03
6.816800000000e+02 1.635550000000e+03 5.797560000000e+03
6.944300000000e+02 1.614620000000e+03 5.772030000000e+03
7.074200000000e+02 1.605600000000e+03 5.756810000000e+03
7.206600000000e+02 1.571490000000e+03 5.750580000000e+03
7.341400000000e+02 1.535610000000e+03 5.776400000000e+03
7.478700000000e+02 1.514430000000e+03 5.757320000000e+03
7.618600000000e+02 1.488250000000e+03 5.775700000000e+03
7.761200000000e+02 1.456530000000e+03 5.812570000000e+03
7.906300000000e+02 1.435100000000e+03 5.777880000000e+03
8.054200000000e+02 1.417860000000e+03 5.778740000000e+03
8.204900000000e+02 1.358420000000e+03 5.770180000000e+03
8.358400000000e+02 1.351860000000e+03 5.765640000000e+03
8.514800000000e+02 1.339810000000e+03 5.760520000000e+03
8.674000000000e+02 1.326600000000e+03 5.772160000000e+03
8.836300000000e+02 1.292770000000e+03 5.755140000000e+03
9.001600000000e+02 1.285850000000e+03 5.780130000000e+03
9.170000000000e+02 1.237470000000e+03 5.772620000000e+03
9.341500000000e+02 1.223820000000e+03 5.766410000000e+03
9.516300000000e+02 1.224290000000e+03 5.754150000000e+03
9.694300000000e+02 1.181000000000e+03 5.748320000000e+03
9.875700000000e+02 1.166310000000e+03 5.772710000000e+03
1.006000000000e+03 1.126200000000e+03 5.784330000000e+03
1.024900000000e+03 1.113370000000e+03 5.782870000000e+03
1.044000000000e+03 1.112350000000e+03 5.760100000000e+03
1.063600000000e+03 1.076170000000e+03 5.751960000000e+03
1.083500000000e+03 1.074100000000e+03 5.771740000000e+03
1.103700000000e+03 1.027730000000e+03 5.773240000000e+03
1.124400000000e+03 1.026320000000e+03 5.779830000000e+03
1.145400000000e+03 1.011230000000e+03 5.780450000000e+03
1.166800000000e+03 9.858320000000e+02 5.775320000000e+03
1.188700000000e+03 9.866180000000e+02 5.765720000000e+03
1.210900000000e+03 9.429400000000e+02 5.766590000000e+03
1.233500000000e+03 9.379760000000e+02 5.767200000000e+03
1.256600000000e+03 9.241270000000e+02 5.766660000000e+03
1.280100000000e+03 9.043090000000e+02 5.773470000000e+03
1.304100000000e+03 9.067490000000e+02 5.771830000000e+03
1.328500000000e+03 8.711570000000e+02 5.777510000000e+03
1.353300000000e+03 8.593620000000e+02 5.773000000000e+03
1.378600000000e+03 8.454390000000e+02 5.773260000000e+03
1.404400000000e+03 8.226040000000e+02 5.780710000000e+03
1.430700000000e+03 8.109070000000e+02 5.775090000000e+03
1.457500000000e+03 7.904670000000e+02 5.769480000000e+03
1.484700000000e+03 7.829450000000e+02 5.768190000000e+03
1.512500000000e+03 7.748720000000e+02 5.770760000000e+03
1.540800000000e+03 7.531110000000e+02 5.780120000000e+03
1.569600000000e+03 7.398710000000e+02 5.758840000000e+03
1.599000000000e+03 7.187450000000e+02 5.772360000000e+03
1.628900000000e+03 7.048270000000e+02 5.772850000000e+03
1.659400000000e+03 6.903770000000e+02 5.766680000000e+03
1.690400000000e+03 6.789260000000e+02 5.763030000000e+03
1.722000000000e+03 6.776420000000e+02 5.762280000000e+03
1.754200000000e+03 6.577920000000e+02 5.778320000000e+03
1.787100000000e+03 6.453700000000e+02 5.767660000000e+03
1.820500000000e+03 6.373380000000e+02 5.768360000000e+03
1.854500000000e+03 6.271800000000e+02 5.767710000000e+03
1.889200000000e+03 6.231610000000e+02 5.779650000000e+03
1.924600000000e+03 6.101820000000e+02 5.778140000000e+03
1.960600000000e+03 5.978180000000e+02 5.771800000000e+03
1.997300000000e+03 5.880810000000e+02 5.770200000000e+03
2.034600000000e+03 5.800840000000e+02 5.767370000000e+03
2.072700000000e+03 5.653590000000e+02 5.767560000000e+03
2.111500000000e+03 5.597600000000e+02 5.760260000000e+03
2.151000000000e+03 5.532530000000e+02 5.776960000000e+03
2.191200000000e+03 5.389210000000e+02 5.760120000000e+03
2.232200000000e+03 5.319960000000e+02 5.775040000000e+03
2.273900000000e+03 5.153970000000e+02 5.761460000000e+03
2.316500000000e+03 5.069950000000e+02 5.762550000000e+03
2.359800000000e+03 5.040500000000e+02 5.771880000000e+03
2.404000000000e+03 4.954870000000e+02 5.771070000000e+03
2.448900000000e+03 4.855590000000e+02 5.770940000000e+03
2.494700000000e+03 4.734580000000e+02 5.765280000000e+03
2.541400000000e+03 4.713450000000e+02 5.774060000000e+03
2.588900000000e+03 4.578900000000e+02 5.769970000000e+03
2.637400000000e+03 4.574920000000e+02 5.773660000000e+03
2.686700000000e+03 4.501510000000e+02 5.768750000000e+03
2.737000000000e+03 4.360660000000e+02 5.771460000000e+03
2.788200000000e+03 4.325720000000e+02 5.764280000000e+03
2.840300000000e+03 4.221810000000e+02 5.764860000000e+03
2.893500000000e+03 4.116720000000e+02 5.770500000000e+03
2.947600000000e+03 4.119690000000e+02 5.764990000000e+03
3.002700000000e+03 4.020900000000e+02 5.768510000000e+03
3.058900000000e+03 3.951100000000e+02 5.767370000000e+03
3.116100000000e+03 3.854500000000e+02 5.763740000000e+03
3.174400000000e+03 3.786880000000e+02 5.765380000000e+03
3.233800000000e+03 3.810200000000e+02 5.769700000000e+03
3.294300000000e+03 3.755190000000e+02 5.766930000000e+03
3.355900000000e+03 3.669060000000e+02 5.764200000000e+03
3.418700000000e+03 3.634410000000e+02 5.764750000000e+03
3.482600000000e+03 3.552690000000e+02 5.760430000000e+03
3.547800000000e+03 3.453770000000e+02 5.771110000000e+03
3.614200000000e+03 3.452220000000e+02 5.770640000000e+03
3.681800000000e+03 3.361010000000e+02 5.761830000000e+03
3.750600000000e+03 3.344390000000e+02 5.766150000000e+03
3.820800000000e+03 3.241050000000e+02 5.765130000000e+03
3.892300000000e+03 3.212280000000e+02 5.764710000000e+03
3.965100000000e+03 3.168350000000e+02 5.766580000000e+03
4.039300000000e+03 3.164160000000e+02 5.764750000000e+03
4.114800000000e+03 3.078410000000e+02 5.765740000000e+03
4.191800000000e+03 3.016650000000e+02 5.766950000000e+03
4.270200000000e+03 2.995900000000e+02 5.765080000000e+03
4.350100000000e+03 2.947740000000e+02 5.761140000000e+03
4.431500000000e+03 2.886510000000e+02 5.764730000000e+03
4.514400000000e+03 2.850440000000e+02 5.764510000000e+03
4.598800000000e+03 2.805750000000e+02 5.765980000000e+03
4.684800000000e+03 2.779620000000e+02 5.764260000000e+03
4.772500000000e+03 2.708860000000e+02 5.763520000000e+03
4.861800000000e+03 2.709620000000e+02 5.766290000000e+03
4.952700000000e+03 2.656460000000e+02 5.763110000000e+03
5.045400000000e+03 2.583600000000e+02 5.765530000000e+03
5.139700000000e+03 2.587340000000e+02 5.763360000000e+03
5.235900000000e+03 2.538130000000e+02 5.764900000000e+03
5.333800000000e+03 2.486790000000e+02 5.765530000000e+03
5.433600000000e+03 2.485990000000e+02 5.764180000000e+03
5.535300000000e+03 2.422300000000e+02 5.762430000000e+03
5.638800000000e+03 2.397070000000e+02 5.762980000000e+03
5.744300000000e+03 2.341250000000e+02 5.764350000000e+03
5.851700000000e+03 2.335720000000e+02 5.761880000000e+03
5.961200000000e+03 2.338120000000e+02 5.765310000000e+03
6.072700000000e+03 2.277580000000e+02 5.763180000000e+03
6.186300000000e+03 2.220820000000e+02 5.763210000000e+03
6.302100000000e+03 2.233490000000e+02 5.766640000000e+03
6.419900000000e+03 2.190220000000e+02 5.767420000000e+03
6.540000000000e+03 2.181330000000e+02 5.764600000000e+03
6.662400000000e+03 2.108980000000e+02 5.762560000000e+03
6.787000000000e+03 2.134330000000e+02 5.763690000000e+03
6.914000000000e+03 2.090630000000e+02 5.765320000000e+03
7.043300000000e+03 2.048000000000e+02 5.763330000000e+03
7.175100000000e+03 2.021930000000e+02 5.764100000000e+03
7.309300000000e+03 2.020590000000e+02 5.764310000000e+03
7.446000000000e+03 2.016490000000e+02 5.763380000000e+03
7.585300000000e+03 1.968030000000e+02 5.765640000000e+03
7.727200000000e+03 1.946840000000e+02 5.766820000000e+03
7.871800000000e+03 1.909510000000e+02 5.765750000000e+03
8.019000000000e+03 1.903830000000e+02 5.766120000000e+03
8.169000000000e+03 1.907500000000e+02 5.764660000000e+03
8.321800000000e+03 1.868330000000e+02 5.764550000000e+03
8.477500000000e+03 1.852350000000e+02 5.766240000000e+03
8.636100000000e+03 1.818990000000e+02 5.763510000000e+03
8.797700000000e+03 1.802750000000e+02 5.765440000000e+03
8.962200000000e+03 1.788010000000e+02 5.764250000000e+03
9.129900000000e+03 1.770640000000e+02 5.762020000000e+03
9.300700000000e+03 1.769060000000e+02 5.764260000000e+03
9.474700000000e+03 1.739380000000e+02 5.762930000000e+03
9.651900000000e+03 1.730150000000e+02 5.762650000000e+03
9.832500000000e+03 1.723920000000e+02 5.765390000000e+03
1.001600000000e+04 1.698420000000e+02 5.764320000000e+03
1.020400000000e+04 1.675760000000e+02 5.761900000000e+03
1.039500000000e+04 1.664430000000e+02 5.761800000000e+03
1.058900000000e+04 1.661060000000e+02 5.764280000000e+03
1.078700000000e+04 1.632230000000e+02 5.764710000000e+03
1.098900000000e+04 1.625610000000e+02 5.764010000000e+03
1.119500000000e+04 1.613840000000e+02 5.763310000000e+03
1.140400000000e+04 1.590920000000e+02 5.764470000000e+03
1.161700000000e+04 1.594230000000e+02 5.765600000000e+03
1.183500000000e+04 1.569360000000e+02 5.763970000000e+03
1.205600000000e+04 1.566770000000e+02 5.763610000000e+03
1.228200000000e+04 1.550560000000e+02 5.763880000000e+03
1.251100000000e+04 1.544970000000e+02 5.766910000000e+03
1.274500000000e+04 1.546360000000e+02 5.766220000000e+03
1.298400000000e+04 1.530480000000e+02 5.764670000000e+03
1.322700000000e+04 1.530930000000e+02 5.766100000000e+03
1.347400000000e+04 1.526410000000e+02 5.765540000000e+03
1.372600000000e+04 1.505600000000e+02 5.766880000000e+03
1.398300000000e+04 1.496670000000e+02 5.765900000000e+03
1.424400000000e+04 1.503470000000e+02 5.765550000000e+03
1.451100000000e+04 1.495000000000e+02 5.766190000000e+03
1.478200000000e+04 1.472410000000e+02 5.767200000000e+03
1.505900000000e+04 1.483900000000e+02 5.764930000000e+03
1.534100000000e+04 1.460290000000e+02 5.767860000000e+03
1.562800000000e+04 1.451710000000e+02 5.768270000000e+03
1.592000000000e+04 1.438400000000e+02 5.767660000000e+03
1.621800000000e+04 1.438010000000e+02 5.768800000000e+03
1.652100000000e+04 1.439950000000e+02 5.768940000000e+03
1.683000000000e+04 1.432340000000e+02 5.768650000000e+03
1.714500000000e+04 1.421040000000e+02 5.769480000000e+03
1.746600000000e+04 1.426880000000e+02 5.770460000000e+03
1.779200000000e+04 1.424010000000e+02 5.770450000000e+03
1.812500000000e+04 1.422400000000e+02 5.770350000000e+03
1.846400000000e+04 1.418170000000e+02 5.771690000000e+03
1.881000000000e+04 1.412430000000e+02 5.772680000000e+03
1.916200000000e+04 1.412570000000e+02 5.772540000000e+03
1.952000000000e+04 1.409060000000e+02 5.772540000000e+03
1.988500000000e+04 1.410020000000e+02 5.772350000000e+03
2.025700000000e+04 1.407700000000e+02 5.773900000000e+03
2.063600000000e+04 1.407790000000e+02 5.772820000000e+03
2.102200000000e+04 1.399600000000e+02 5.774400000000e+03
2.141500000000e+04 1.406140000000e+02 5.774720000000e+03
2.181600000000e+04 1.410490000000e+02 5.775920000000e+03
2.222400000000e+04 1.407280000000e+02 5.776420000000e+03
2.264000000000e+04 1.411250000000e+02 5.776420000000e+03
2.306300000000e+04 1.417520000000e+02 5.777920000000e+03
2.349500000000e+04 1.409720000000e+02 5.777840000000e+03
2.393400000000e+04 1.417170000000e+02 5.777190000000e+03
2.438200000000e+04 1.415160000000e+02 5.778360000000e+03
2.483800000000e+04 1.424320000000e+02 5.779270000000e+03
2.530300000000e+04 1.429330000000e+02 5.780080000000e+03
2.577600000000e+04 1.432130000000e+02 5.781270000000e+03
2.625800000000e+04 1.439730000000e+02 5.781480000000e+03
2.675000000000e+04 1.441570000000e+02 5.782530000000e+03
2.725000000000e+04 1.440990000000e+02 5.783630000000e+03
2.776000000000e+04 1.451050000000e+02 5.783780000000e+03
2.827900000000e+04 1.456160000000e+02 5.784320000000e+03
2.880800000000e+04 1.470430000000e+02 5.785750000000e+03
2.934700000000e+04 1.471120000000e+02 5.787020000000e+03
2.989600000000e+04 1.477610000000e+02 5.787690000000e+03
3.045500000000e+04 1.487510000000e+02 5.788840000000e+03
3.102500000000e+04 1.496190000000e+02 5.789600000000e+03
3.160500000000e+04 1.501860000000e+02 5.790600000000e+03
3.219700000000e+04 1.507480000000e+02 5.791340000000e+03
3.279900000000e+04 1.520880000000e+02 5.792200000000e+03
3.341200000000e+04 1.531940000000e+02 5.793760000000e+03
3.403700000000e+04 1.538320000000e+02 5.795000000000e+03
3.467400000000e+04 1.546510000000e+02 5.795210000000e+03
3.532300000000e+04 1.559150000000e+02 5.796900000000e+03
3.598400000000e+04 1.566360000000e+02 5.798640000000e+03
3.665700000000e+04 1.578430000000e+02 5.799880000000e+03
3.734200000000e+04 1.596600000000e+02 5.801010000000e+03
3.804100000000e+04 1.606290000000e+02 5.803030000000e+03
3.875300000000e+04 1.621600000000e+02 5.804010000000e+03
3.947800000000e+04 1.639330000000e+02 5.805460000000e+03
4.021600000000e+04 1.651890000000e+02 5.807500000000e+03
4.096800000000e+04 1.671940000000e+02 5.809080000000e+03
4.173500000000e+04 1.685970000000e+02 5.810820000000e+03
4.251500000000e+04 1.707310000000e+02 5.812770000000e+03
4.331100000000e+04 1.720740000000e+02 5.815280000000e+03
4.412100000000e+04 1.738380000000e+02 5.817580000000e+03
4.494600000000e+04 1.763840000000e+02 5.820030000000e+03
4.578700000000e+04 1.782340000000e+02 5.822480000000e+03
4.664400000000e+04 1.808180000000e+02 5.824630000000e+03
4.751600000000e+04 1.825050000000e+02 5.826590000000e+03
4.840500000000e+04 1.854660000000e+02 5.828440000000e+03
4.931100000000e+04 1.874250000000e+02 5.830980000000e+03
5.023300000000e+04 1.904230000000e+02 5.834000000000e+03
5.117300000000e+04 1.931940000000e+02 5.836680000000e+03
5.213000000000e+04 1.958740000000e+02 5.840030000000e+03
5.310500000000e+04 1.991750000000e+02 5.842940000000e+03
5.409900000000e+04 2.016910000000e+02 5.845540000000e+03
5.511100000000e+04 2.053490000000e+02 5.849340000000e+03
5.614100000000e+04 2.083730000000e+02 5.852770000000e+03
5.719200000000e+04 2.126250000000e+02 5.856460000000e+03
5.826200000000e+04 2.154210000000e+02 5.860000000000e+03
5.935100000000e+04 2.197970000000e+02 5.864040000000e+03
6.046200000000e+04 2.235410000000e+02 5.867370000000e+03
6.159300000000e+04 2.278270000000e+02 5.871890000000e+03
6.274500000000e+04 2.320640000000e+02 5.876310000000e+03
6.391900000000e+04 2.371300000000e+02 5.880760000000e+03
6.511400000000e+04 2.412440000000e+02 5.884990000000e+03
6.633200000000e+04 2.463070000000e+02 5.889840000000e+03
6.757300000000e+04 2.521290000000e+02 5.894970000000e+03
6.883700000000e+04 2.570890000000e+02 5.900120000000e+03
7.012500000000e+04 2.632270000000e+02 5.904740000000e+03
7.143700000000e+04 2.687530000000e+02 5.910470000000e+03
7.277300000000e+04 2.754490000000e+02 5.916310000000e+03
7.413500000000e+04 2.814590000000e+02 5.922270000000e+03
7.552100000000e+04 2.889470000000e+02 5.928320000000e+03
7.693400000000e+04 2.963700000000e+02 5.934160000000e+03
7.837300000000e+04 3.042170000000e+02 5.940710000000e+03
7.984000000000e+04 3.127250000000e+02 5.947020000000e+03
8.133300000000e+04 3.214330000000e+02 5.952690000000e+03
8.285500000000e+04 3.305750000000e+02 5.959220000000e+03
8.440400000000e+04 3.404500000000e+02 5.965820000000e+03
8.598300000000e+04 3.500040000000e+02 5.972810000000e+03
8.759200000000e+04 3.608970000000e+02 5.979790000000e+03
8.923000000000e+04 3.719000000000e+02 5.986940000000e+03
9.090000000000e+04 3.842540000000e+02 5.994360000000e+03
9.260000000000e+04 3.958300000000e+02 6.001170000000e+03
9.433200000000e+04 4.091950000000e+02 6.008550000000e+03
9.609700000000e+04 4.236040000000e+02 6.014940000000e+03
9.789500000000e+04 4.371520000000e+02 6.021510000000e+03
9.972600000000e+04 4.517330000000e+02 6.028560000000e+03
1.015900000000e+05 4.667880000000e+02 6.035130000000e+03
1.034900000000e+05 4.831640000000e+02 6.041770000000e+03
1.054300000000e+05 4.994820000000e+02 6.047950000000e+03
1.074000000000e+05 5.166010000000e+02 6.054610000000e+03
1.094100000000e+05 5.342890000000e+02 6.060390000000e+03
1.114600000000e+05 5.527890000000e+02 6.066570000000e+03
1.135400000000e+05 5.717260000000e+02 6.072650000000e+03
1.156600000000e+05 5.915700000000e+02 6.078100000000e+03
1.178300000000e+05 6.123620000000e+02 6.082610000000e+03
1.200300000000e+05 6.337240000000e+02 6.085930000000e+03
1.222800000000e+05 6.544210000000e+02 6.089920000000e+03
1.245700000000e+05 6.760040000000e+02 6.094070000000e+03
1.269000000000e+05 6.994650000000e+02 6.096970000000e+03
1.292700000000e+05 7.224870000000e+02 6.100560000000e+03
1.316900000000e+05 7.464970000000e+02 6.102570000000e+03
1.341500000000e+05 7.699400000000e+02 6.105080000000e+03
1.366600000000e+05 7.951600000000e+02 6.106610000000e+03
1.392200000000e+05 8.201660000000e+02 6.107870000000e+03
1.418200000000e+05 8.462110000000e+02 6.108960000000e+03
1.444700000000e+05 8.720380000000e+02 6.109490000000e+03
1.471800000000e+05 8.980620000000e+02 6.109840000000e+03
1.499300000000e+05 9.250730000000e+02 6.109860000000e+03
1.527400000000e+05 9.519610000000e+02 6.108300000000e+03
1.555900000000e+05 9.796190000000e+02 6.107550000000e+03
1.585000000000e+05 1.007780000000e+03 6.105870000000e+03
1.614700000000e+05 1.036650000000e+03 6.103490000000e+03
1.644900000000e+05 1.065470000000e+03 6.100900000000e+03
1.675700000000e+05 1.094660000000e+03 6.098380000000e+03
1.707000000000e+05 1.124560000000e+03 6.095380000000e+03
1.738900000000e+05 1.154910000000e+03 6.092430000000e+03
1.771500000000e+05 1.185370000000e+03 6.088220000000e+03
1.804600000000e+05 1.216880000000e+03 6.084420000000e+03
1.838400000000e+05 1.248300000000e+03 6.079530000000e+03
1.872700000000e+05 1.281010000000e+03 6.074850000000e+03
1.907800000000e+05 1.313360000000e+03 6.068870000000e+03
1.943500000000e+05 1.346470000000e+03 6.062980000000e+03
1.979800000000e+05 1.380690000000e+03 6.057150000000e+03
2.016900000000e+05 1.415680000000e+03 6.049610000000e+03
2.054600000000e+05 1.450240000000e+03 6.042200000000e+03
2.093000000000e+05 1.486100000000e+03 6.034590000000e+03
2.132200000000e+05 1.522690000000e+03 6.026010000000e+03
2.172100000000e+05 1.559700000000e+03 6.017300000000e+03
2.212700000000e+05 1.597130000000e+03 6.008080000000e+03
2.254100000000e+05 1.635950000000e+03 5.997910000000e+03
2.296300000000e+05 1.674480000000e+03 5.986550000000e+03
2.339200000000e+05 1.714030000000e+03 5.974710000000e+03
2.383000000000e+05 1.754260000000e+03 5.962450000000e+03
2.427500000000e+05 1.795450000000e+03 5.948930000000e+03
2.473000000000e+05 1.836650000000e+03 5.934340000000e+03
2.519200000000e+05 1.879170000000e+03 5.919450000000e+03
2.566300000000e+05 1.922020000000e+03 5.903540000000e+03
2.614400000000e+05 1.965440000000e+03 5.885910000000e+03
2.663300000000e+05 2.009570000000e+03 5.867590000000e+03
2.713100000000e+05 2.054860000000e+03 5.847920000000e+03
2.763800000000e+05 2.099980000000e+03 5.827940000000e+03
2.815500000000e+05 2.146030000000e+03 5.805770000000e+03
2.868200000000e+05 2.192770000000e+03 5.782370000000e+03
2.921900000000e+05 2.239140000000e+03 5.757910000000e+03
2.976500000000e+05 2.286970000000e+03 5.731450000000e+03
3.032200000000e+05 2.334210000000e+03 5.703170000000e+03
3.088900000000e+05 2.381300000000e+03 5.671200000000e+03
3.146700000000e+05 2.421310000000e+03 5.637760000000e+03
3.205600000000e+05 2.465160000000e+03 5.617220000000e+03
3.265500000000e+05 2.518630000000e+03 5.587330000000e+03
3.326600000000e+05 2.569760000000e+03 5.552870000000e+03
3.388900000000e+05 2.619420000000e+03 5.516490000000e+03
3.452200000000e+05 2.668650000000e+03 5.478790000000e+03
3.516800000000e+05 2.717830000000e+03 5.439550000000e+03
3.582600000000e+05 2.766360000000e+03 5.398380000000e+03
3.649600000000e+05 2.814940000000e+03 5.355690000000e+03
3.717900000000e+05 2.862730000000e+03 5.311280000000e+03
3.787500000000e+05 2.909810000000e+03 5.265190000000e+03
3.858300000000e+05 2.957280000000e+03 5.217650000000e+03
3.930500000000e+05 3.004200000000e+03 5.168120000000e+03
4.004000000000e+05 3.050370000000e+03 5.117050000000e+03
4.078900000000e+05 3.095400000000e+03 5.064420000000e+03
4.155200000000e+05 3.139600000000e+03 5.009940000000e+03
4.232900000000e+05 3.182950000000e+03 4.953960000000e+03
4.312100000000e+05 3.225900000000e+03 4.895730000000e+03
4.392800000000e+05 3.266930000000e+03 4.836020000000e+03
4.475000000000e+05 3.305890000000e+03 4.774350000000e+03
4.558700000000e+05 3.340170000000e+03 4.711940000000e+03
4.644000000000e+05 3.370130000000e+03 4.656770000000e+03
4.730800000000e+05 3.415090000000e+03 4.602590000000e+03
4.819300000000e+05 3.457840000000e+03 4.536260000000e+03
4.909500000000e+05 3.495390000000e+03 4.467020000000e+03
5.001300000000e+05 3.530050000000e+03 4.397760000000e+03
5.094900000000e+05 3.562620000000e+03 4.327500000000e+03
5.190200000000e+05 3.593670000000e+03 4.256920000000e+03
5.287300000000e+05 3.623180000000e+03 4.185200000000e+03
5.386200000000e+05 3.651020000000e+03 4.112430000000e+03
5.487000000000e+05 3.677620000000e+03 4.039120000000e+03
5.589600000000e+05 3.702230000000e+03 3.964580000000e+03
5.694200000000e+05 3.725030000000e+03 3.890080000000e+03
5.800700000000e+05 3.746340000000e+03 3.814510000000e+03
5.909200000000e+05 3.766370000000e+03 3.738020000000e+03
6.019700000000e+05 3.784400000000e+03 3.661230000000e+03
6.132300000000e+05 3.800660000000e+03 3.583840000000e+03
6.247100000000e+05 3.814630000000e+03 3.506770000000e+03
6.363900000000e+05 3.827780000000e+03 3.429530000000e+03
6.483000000000e+05 3.838900000000e+03 3.351840000000e+03
6.604200000000e+05 3.849770000000e+03 3.274100000000e+03
6.727800000000e+05 3.858640000000e+03 3.195410000000e+03
6.853600000000e+05 3.865480000000e+03 3.116330000000e+03
6.981800000000e+05 3.870300000000e+03 3.037480000000e+03
7.112500000000e+05 3.873570000000e+03 2.958430000000e+03
7.245500000000e+05 3.875060000000e+03 2.879670000000e+03
7.381000000000e+05 3.875450000000e+03 2.802040000000e+03
7.519100000000e+05 3.875240000000e+03 2.723780000000e+03
7.659800000000e+05 3.873260000000e+03 2.644880000000e+03
7.803100000000e+05 3.869370000000e+03 2.565890000000e+03
7.949000000000e+05 3.864240000000e+03 2.487130000000e+03
8.097700000000e+05 3.857390000000e+03 2.408350000000e+03
8.249200000000e+05 3.848830000000e+03 2.330300000000e+03
8.403500000000e+05 3.838920000000e+03 2.251810000000e+03
8.560700000000e+05 3.827420000000e+03 2.174170000000e+03
8.720900000000e+05 3.814270000000e+03 2.096570000000e+03
8.884000000000e+05 3.799740000000e+03 2.019150000000e+03
9.050200000000e+05 3.783730000000e+03 1.942140000000e+03
9.219500000000e+05 3.765960000000e+03 1.865500000000e+03
9.392000000000e+05 3.747080000000e+03 1.788890000000e+03
9.567700000000e+05 3.726490000000e+03 1.712680000000e+03
9.746700000000e+05 3.704040000000e+03 1.637080000000e+03
9.929000000000e+05 3.680070000000e+03 1.561700000000e+03
1.011500000000e+06 3.654320000000e+03 1.486870000000e+03
1.030400000000e+06 3.627300000000e+03 1.412950000000e+03
1.049700000000e+06 3.598820000000e+03 1.339820000000e+03
1.069300000000e+06 3.568840000000e+03 1.266520000000e+03
1.089300000000e+06 3.536930000000e+03 1.194320000000e+03
1.109700000000e+06 3.503130000000e+03 1.122530000000e+03
1.130400000000e+06 3.467780000000e+03 1.051800000000e+03
1.151600000000e+06 3.430240000000e+03 9.822290000000e+02
1.173100000000e+06 3.390760000000e+03 9.139850000000e+02
1.195100000000e+06 3.349640000000e+03 8.472330000000e+02
1.217400000000e+06 3.307760000000e+03 7.820880000000e+02
1.240200000000e+06 3.264410000000e+03 7.176650000000e+02
1.263400000000e+06 3.219260000000e+03 6.543530000000e+02
1.287000000000e+06 3.172530000000e+03 5.925520000000e+02
1.311100000000e+06 3.123990000000e+03 5.325740000000e+02
1.335600000000e+06 3.074200000000e+03 4.743130000000e+02
1.360600000000e+06 3.022840000000e+03 4.180680000000e+02
1.386100000000e+06 2.970320000000e+03 3.636140000000e+02
1.412000000000e+06 2.916670000000e+03 3.115230000000e+02
1.438400000000e+06 2.862070000000e+03 2.615030000000e+02
1.465300000000e+06 2.806810000000e+03 2.136850000000e+02
1.492700000000e+06 2.750670000000e+03 1.677870000000e+02
1.520700000000e+06 2.693830000000e+03 1.243940000000e+02
1.549100000000e+06 2.636470000000e+03 8.303010000000e+01
1.578100000000e+06 2.578720000000e+03 4.393050000000e+01
1.607600000000e+06 2.520710000000e+03 7.411670000000e+00
1.637700000000e+06 2.462500000000e+03 -2.674900000000e+01
1.668300000000e+06 2.404530000000e+03 -5.877050000000e+01
1.699500000000e+06 2.346810000000e+03 -8.847850000000e+01
1.731300000000e+06 2.289310000000e+03 -1.161290000000e+02
1.763700000000e+06 2.231990000000e+03 -1.417850000000e+02
1.796700000000e+06 2.175220000000e+03 -1.651430000000e+02
1.830300000000e+06 2.119040000000e+03 -1.864820000000e+02
1.864600000000e+06 2.063390000000e+03 -2.058820000000e+02
1.899400000000e+06 2.008840000000e+03 -2.232760000000e+02
1.935000000000e+06 1.954970000000e+03 -2.389720000000e+02
1.971200000000e+06 1.902150000000e+03 -2.528000000000e+02
2.008000000000e+06 1.850410000000e+03 -2.652030000000e+02
2.045600000000e+06 1.799450000000e+03 -2.759450000000e+02
2.083900000000e+06 1.749580000000e+03 -2.852790000000e+02
2.122900000000e+06 1.700940000000e+03 -2.931240000000e+02
2.162600000000e+06 1.653690000000e+03 -2.997160000000e+02
2.203000000000e+06 1.607620000000e+03 -3.053260000000e+02
2.244200000000e+06 1.562610000000e+03 -3.099610000000e+02
2.286200000000e+06 1.518640000000e+03 -3.135570000000e+02
2.329000000000e+06 1.475850000000e+03 -3.161320000000e+02
2.372500000000e+06 1.434450000000e+03 -3.178220000000e+02
2.416900000000e+06 1.394100000000e+03 -3.188310000000e+02
2.462100000000e+06 1.354920000000e+03 -3.190800000000e+02
2.508200000000e+06 1.316850000000e+03 -3.186610000000e+02
2.555100000000e+06 1.280000000000e+03 -3.176650000000e+02
2.602900000000e+06 1.244260000000e+03 -3.162420000000e+02
2.651600000000e+06 1.209580000000e+03 -3.143230000000e+02
2.701200000000e+06 1.175860000000e+03 -3.120010000000e+02
2.751700000000e+06 1.143310000000e+03 -3.092620000000e+02
2.803200000000e+06 1.111690000000e+03 -3.061790000000e+02
2.855700000000e+06 1.081060000000e+03 -3.027480000000e+02
2.909100000000e+06 1.051400000000e+03 -2.990570000000e+02
2.963500000000e+06 1.022720000000e+03 -2.952390000000e+02
3.018900000000e+06 9.950800000000e+02 -2.911120000000e+02
3.075400000000e+06 9.682560000000e+02 -2.869900000000e+02
3.132900000000e+06 9.423170000000e+02 -2.827700000000e+02
3.191600000000e+06 9.151470000000e+02 -2.764580000000e+02
3.251300000000e+06 8.907690000000e+02 -2.721910000000e+02
3.312100000000e+06 8.671550000000e+02 -2.678140000000e+02
3.374000000000e+06 8.442040000000e+02 -2.634060000000e+02
3.437200000000e+06 8.219080000000e+02 -2.589550000000e+02
3.501400000000e+06 8.004040000000e+02 -2.544490000000e+02
3.566900000000e+06 7.795020000000e+02 -2.499710000000e+02
3.633700000000e+06 7.591800000000e+02 -2.454650000000e+02
3.701600000000e+06 7.394580000000e+02 -2.409770000000e+02
3.770900000000e+06 7.203330000000e+02 -2.364280000000e+02
3.841400000000e+06 7.018900000000e+02 -2.318970000000e+02
3.913300000000e+06 6.839880000000e+02 -2.274800000000e+02
3.986500000000e+06 6.665960000000e+02 -2.231890000000e+02
4.061100000000e+06 6.496650000000e+02 -2.188950000000e+02
4.137000000000e+06 6.331630000000e+02 -2.147190000000e+02
4.214400000000e+06 6.170970000000e+02 -2.105250000000e+02
4.293300000000e+06 6.015000000000e+02 -2.063970000000e+02
4.373600000000e+06 5.863280000000e+02 -2.023240000000e+02
4.455400000000e+06 5.715550000000e+02 -1.983070000000e+02
4.538700000000e+06 5.571590000000e+02 -1.943300000000e+02
4.623700000000e+06 5.431760000000e+02 -1.903470000000e+02
4.710100000000e+06 5.296120000000e+02 -1.864480000000e+02
4.798300000000e+06 5.164310000000e+02 -1.826060000000e+02
4.888000000000e+06 5.035750000000e+02 -1.788710000000e+02
4.979500000000e+06 4.910470000000e+02 -1.752080000000e+02
5.072600000000e+06 4.788140000000e+02 -1.716050000000e+02
5.167500000000e+06 4.669060000000e+02 -1.680400000000e+02
5.264200000000e+06 4.552950000000e+02 -1.645170000000e+02
5.362600000000e+06 4.440000000000e+02 -1.610480000000e+02
5.463000000000e+06 4.329730000000e+02 -1.576180000000e+02
5.565200000000e+06 4.222300000000e+02 -1.542170000000e+02
5.669300000000e+06 4.118110000000e+02 -1.509050000000e+02
5.775300000000e+06 4.016540000000e+02 -1.476700000000e+02
5.883300000000e+06 3.917330000000e+02 -1.444910000000e+02
5.993400000000e+06 3.820330000000e+02 -1.413440000000e+02
6.105500000000e+06 3.725990000000e+02 -1.382460000000e+02
6.219700000000e+06 3.633980000000e+02 -1.351970000000e+02
6.336100000000e+06 3.544220000000e+02 -1.321950000000e+02
6.454600000000e+06 3.456910000000e+02 -1.292190000000e+02
6.575400000000e+06 3.371940000000e+02 -1.263100000000e+02
6.698400000000e+06 3.288920000000e+02 -1.234490000000e+02
6.823700000000e+06 3.207990000000e+02 -1.206420000000e+02
6.951300000000e+06 3.129240000000e+02 -1.178880000000e+02
7.081400000000e+06 3.052440000000e+02 -1.151590000000e+02
7.213800000000e+06 2.977570000000e+02 -1.124780000000e+02
7.348800000000e+06 2.904370000000e+02 -1.098380000000e+02
7.486200000000e+06 2.833230000000e+02 -1.072510000000e+02
7.626300000000e+06 2.763800000000e+02 -1.047150000000e+02
7.768900000000e+06 2.696150000000e+02 -1.022210000000e+02
7.914300000000e+06 2.630140000000e+02 -9.977260000000e+01
8.062300000000e+06 2.565960000000e+02 -9.735350000000e+01
8.213100000000e+06 2.503370000000e+02 -9.498600000000e+01
8.366800000000e+06 2.442440000000e+02 -9.265320000000e+01
8.523300000000e+06 2.382940000000e+02 -9.037120000000e+01
8.682700000000e+06 2.325060000000e+02 -8.813440000000e+01
8.845200000000e+06 2.268720000000e+02 -8.594340000000e+01
9.010600000000e+06 2.213590000000e+02 -8.378360000000e+01
9.179200000000e+06 2.159910000000e+02 -8.166730000000e+01
9.350900000000e+06 2.107710000000e+02 -7.959490000000e+01
9.525800000000e+06 2.056820000000e+02 -7.755600000000e+01
9.704000000000e+06 2.007190000000e+02 -7.555940000000e+01
9.885600000000e+06 1.958670000000e+02 -7.359890000000e+01
1.007000000000e+07 1.911590000000e+02 -7.168090000000e+01
1.025900000000e+07 1.865460000000e+02 -6.979130000000e+01
1.045100000000e+07 1.820500000000e+02 -6.794690000000e+01
1.064600000000e+07 1.776970000000e+02 -6.614270000000e+01
1.084500000000e+07 1.734260000000e+02 -6.438180000000e+01
1.104800000000e+07 1.692760000000e+02 -6.263890000000e+01
1.125500000000e+07 1.652270000000e+02 -6.094100000000e+01
1.146600000000e+07 1.612770000000e+02 -5.927760000000e+01
1.168000000000e+07 1.574500000000e+02 -5.765370000000e+01
1.189900000000e+07 1.537040000000e+02 -5.605870000000e+01
1.212100000000e+07 1.500650000000e+02 -5.450210000000e+01
1.234800000000e+07 1.464980000000e+02 -5.297440000000e+01
1.257900000000e+07 1.430400000000e+02 -5.148950000000e+01
1.281400000000e+07 1.396640000000e+02 -5.003630000000e+01
1.305400000000e+07 1.363720000000e+02 -4.859960000000e+01
1.329800000000e+07 1.331700000000e+02 -4.721260000000e+01
1.354700000000e+07 1.300470000000e+02 -4.584860000000e+01
1.380000000000e+07 1.270030000000e+02 -4.452150000000e+01
1.405800000000e+07 1.240340000000e+02 -4.321860000000e+01
1.432100000000e+07 1.211420000000e+02 -4.194390000000e+01
1.458900000000e+07 1.183160000000e+02 -4.070080000000e+01
1.486200000000e+07 1.155670000000e+02 -3.948390000000e+01
1.514000000000e+07 1.128850000000e+02 -3.830070000000e+01
1.542300000000e+07 1.102790000000e+02 -3.714350000000e+01
1.571200000000e+07 1.077270000000e+02 -3.601120000000e+01
1.600600000000e+07 1.052410000000e+02 -3.490310000000e+01
1.630500000000e+07 1.028260000000e+02 -3.383160000000e+01
1.661000000000e+07 1.004670000000e+02 -3.277660000000e+01
1.692100000000e+07 9.815860000000e+01 -3.174870000000e+01
1.723800000000e+07 9.592150000000e+01 -3.074690000000e+01
1.756000000000e+07 9.373640000000e+01 -2.976810000000e+01
1.788900000000e+07 9.160700000000e+01 -2.881230000000e+01
1.822300000000e+07 8.952820000000e+01 -2.788610000000e+01
1.856400000000e+07 8.750640000000e+01 -2.697790000000e+01
1.891100000000e+07 8.553310000000e+01 -2.609340000000e+01
1.926500000000e+07 8.360180000000e+01 -2.523170000000e+01
1.962500000000e+07 8.172620000000e+01 -2.439280000000e+01
1.999300000000e+07 7.988670000000e+01 -2.357490000000e+01
2.036700000000e+07 7.810030000000e+01 -2.277200000000e+01
2.074800000000e+07 7.636390000000e+01 -2.199450000000e+01
2.113600000000e+07 7.466550000000e+01 -2.123670000000e+01
2.153100000000e+07 7.300880000000e+01 -2.049860000000e+01
2.193400000000e+07 7.139060000000e+01 -1.977910000000e+01
2.234400000000e+07 6.981970000000e+01 -1.907880000000e+01
2.276200000000e+07 6.828070000000e+01 -1.839640000000e+01
2.318800000000e+07 6.678440000000e+01 -1.773160000000e+01
2.362200000000e+07 6.531820000000e+01 -1.708520000000e+01
2.406400000000e+07 6.389390000000e+01 -1.645680000000e+01
2.451400000000e+07 6.250020000000e+01 -1.584150000000e+01
2.497200000000e+07 6.114580000000e+01 -1.524630000000e+01
2.544000000000e+07 5.981690000000e+01 -1.466680000000e+01
2.591500000000e+07 5.852940000000e+01 -1.410240000000e+01
2.640000000000e+07 5.727010000000e+01 -1.355410000000e+01
2.689400000000e+07 5.603650000000e+01 -1.301930000000e+01
2.739700000000e+07 5.483830000000e+01 -1.249950000000e+01
2.791000000000e+07 5.366410000000e+01 -1.199530000000e+01
2.843200000000e+07 5.252340000000e+01 -1.150330000000e+01
2.896400000000e+07 5.140490000000e+01 -1.102700000000e+01
2.950500000000e+07 5.031960000000e+01 -1.056370000000e+01
3.005700000000e+07 4.925520000000e+01 -1.011170000000e+01
3.062000000000e+07 4.821550000000e+01 -9.673410000000e+00
3.119200000000e+07 4.720380000000e+01 -9.247750000000e+00
3.177600000000e+07 4.621340000000e+01 -8.832180000000e+00
3.237000000000e+07 4.524820000000e+01 -8.431630000000e+00
3.297600000000e+07 4.430590000000e+01 -8.040330000000e+00
3.359300000000e+07 4.338670000000e+01 -7.661430000000e+00
3.422100000000e+07 4.248940000000e+01 -7.293810000000e+00
3.486100000000e+07 4.161050000000e+01 -6.933970000000e+00
3.551400000000e+07 4.075430000000e+01 -6.586960000000e+00
3.617800000000e+07 3.992000000000e+01 -6.250660000000e+00
3.685500000000e+07 3.910180000000e+01 -5.922290000000e+00
3.754400000000e+07 3.830370000000e+01 -5.605080000000e+00
3.824600000000e+07 3.752490000000e+01 -5.296590000000e+00
3.896200000000e+07 3.676350000000e+01 -4.996780000000e+00
3.969100000000e+07 3.602080000000e+01 -4.707030000000e+00
4.043300000000e+07 3.529360000000e+01 -4.424630000000e+00
4.119000000000e+07 3.458520000000e+01 -4.151860000000e+00
4.196000000000e+07 3.389130000000e+01 -3.886900000000e+00
4.274500000000e+07 3.321570000000e+01 -3.629360000000e+00
4.354500000000e+07 3.255470000000e+01 -3.379590000000e+00
4.435900000000e+07 3.190920000000e+01 -3.139010000000e+00
4.518900000000e+07 3.127880000000e+01 -2.903050000000e+00
4.603400000000e+07 3.066110000000e+01 -2.676070000000e+00
4.689500000000e+07 3.006010000000e+01 -2.455620000000e+00
4.777300000000e+07 2.947040000000e+01 -2.242200000000e+00
4.866600000000e+07 2.889550000000e+01 -2.034430000000e+00
4.957700000000e+07 2.833330000000e+01 -1.833330000000e+00
5.050400000000e+07 2.778280000000e+01 -1.639520000000e+00
5.144900000000e+07 2.724730000000e+01 -1.451200000000e+00
5.241100000000e+07 2.672210000000e+01 -1.268730000000e+00
5.339200000000e+07 2.621060000000e+01 -1.092700000000e+00
5.439100000000e+07 2.570870000000e+01 -9.213890000000e-01
5.540800000000e+07 2.521960000000e+01 -7.550930000000e-01
5.644500000000e+07 2.474080000000e+01 -5.959690000000e-01
5.750100000000e+07 2.427150000000e+01 -4.402080000000e-01
5.857600000000e+07 2.381700000000e+01 -2.896470000000e-01
5.967200000000e+07 2.336740000000e+01 -1.435600000000e-01
6.078800000000e+07 2.293170000000e+01 -2.952320000000e-03
6.192500000000e+07 2.250390000000e+01 1.337630000000e-01
6.308400000000e+07 2.208470000000e+01 2.661500000000e-01
6.426400000000e+07 2.167590000000e+01 3.937900000000e-01
6.546600000000e+07 2.127670000000e+01 5.169880000000e-01
6.669100000000e+07 2.088560000000e+01 6.365260000000e-01
6.793800000000e+07 2.050310000000e+01 7.529580000000e-01
6.920900000000e+07 2.013010000000e+01 8.644500000000e-01
7.050400000000e+07 1.976370000000e+01 9.725500000000e-01
7.182300000000e+07 1.940740000000e+01 1.076270000000e+00
7.316600000000e+07 1.905650000000e+01 1.179030000000e+00
7.453500000000e+07 1.871500000000e+01 1.276080000000e+00
7.592900000000e+07 1.837890000000e+01 1.371240000000e+00
7.735000000000e+07 1.805130000000e+01 1.461670000000e+00
7.879700000000e+07 1.773170000000e+01 1.550600000000e+00
8.027100000000e+07 1.741870000000e+01 1.635160000000e+00
8.177200000000e+07 1.711310000000e+01 1.717100000000e+00
8.330200000000e+07 1.681260000000e+01 1.796730000000e+00
8.486000000000e+07 1.651980000000e+01 1.873580000000e+00
8.644800000000e+07 1.623190000000e+01 1.946570000000e+00
8.806500000000e+07 1.595160000000e+01 2.017720000000e+00
8.971200000000e+07 1.567840000000e+01 2.086300000000e+00
9.139000000000e+07 1.540970000000e+01 2.150940000000e+00
9.310000000000e+07 1.514740000000e+01 2.214710000000e+00
9.484200000000e+07 1.489000000000e+01 2.276330000000e+00
9.661600000000e+07 1.463990000000e+01 2.334820000000e+00
9.842300000000e+07 1.439470000000e+01 2.392640000000e+00
1.002600000000e+08 1.415640000000e+01 2.446730000000e+00
1.021400000000e+08 1.392280000000e+01 2.499420000000e+00
1.040500000000e+08 1.369350000000e+01 2.549560000000e+00
1.060000000000e+08 1.347050000000e+01 2.599750000000e+00
1.079800000000e+08 1.325140000000e+01 2.646470000000e+00
1.100000000000e+08 1.303840000000e+01 2.691770000000e+00