4.000000000000e+01 6.516550000000e+03 7.975430000000e+04
4.074800000000e+01 5.352190000000e+03 8.009740000000e+04
4.151100000000e+01 5.795880000000e+03 7.761810000000e+04
4.228700000000e+01 6.336330000000e+03 7.579460000000e+04
4.307800000000e+01 5.921390000000e+03 7.340010000000e+04
4.388400000000e+01 6.901230000000e+03 7.254790000000e+04
4.470500000000e+01 7.027400000000e+03 7.094950000000e+04
4.554100000000e+01 7.497660000000e+03 6.917790000000e+04
4.639300000000e+01 6.044630000000e+03 6.858190000000e+04
4.726100000000e+01 6.071360000000e+03 6.599070000000e+04
4.814500000000e+01 8.351180000000e+03 6.615280000000e+04
4.904600000000e+01 5.541480000000e+03 6.321550000000e+04
4.996300000000e+01 5.752890000000e+03 6.115560000000e+04
5.089800000000e+01 6.011510000000e+03 6.242710000000e+04
5.185000000000e+01 4.595160000000e+03 6.140020000000e+04
5.282000000000e+01 5.752850000000e+03 6.880900000000e+04
5.380800000000e+01 7.291330000000e+03 6.529470000000e+04
5.481500000000e+01 7.162790000000e+03 6.488710000000e+04
5.584000000000e+01 7.505710000000e+03 6.436720000000e+04
5.688500000000e+01 6.143280000000e+03 6.246790000000e+04
5.794900000000e+01 6.371390000000e+03 6.223560000000e+04
5.903300000000e+01 6.606840000000e+03 6.066390000000e+04
6.013700000000e+01 6.625510000000e+03 5.883990000000e+04
6.126200000000e+01 6.083330000000e+03 5.841040000000e+04
6.240800000000e+01 6.358460000000e+03 5.780350000000e+04
6.357500000000e+01 6.251700000000e+03 5.559000000000e+04
6.476500000000e+01 7.016750000000e+03 5.432970000000e+04
6.597600000000e+01 6.650500000000e+03 5.270060000000e+04
6.721000000000e+01 6.442630000000e+03 5.083780000000e+04
6.846800000000e+01 6.074540000000e+03 5.045670000000e+04
6.974900000000e+01 6.176340000000e+03 5.020520000000e+04
7.105300000000e+01 6.412310000000e+03 4.816850000000e+04
7.238200000000e+01 6.282250000000e+03 4.717190000000e+04
7.373600000000e+01 6.484550000000e+03 4.571750000000e+04
7.511600000000e+01 6.028620000000e+03 4.525200000000e+04
7.652100000000e+01 6.441410000000e+03 4.458820000000e+04
7.795200000000e+01 6.311390000000e+03 4.343680000000e+04
7.941100000000e+01 5.587320000000e+03 4.410820000000e+04
8.089600000000e+01 6.057440000000e+03 4.268230000000e+04
8.241000000000e+01 6.084230000000e+03 4.210370000000e+04
8.395100000000e+01 5.806890000000e+03 4.070110000000e+04
8.552200000000e+01 6.155530000000e+03 4.018580000000e+04
8.712100000000e+01 6.018480000000e+03 3.898500000000e+04
8.875100000000e+01 6.077780000000e+03 3.855200000000e+04
9.041100000000e+01 6.583550000000e+03 3.769800000000e+04
9.210300000000e+01 6.193570000000e+03 3.677900000000e+04
9.382600000000e+01 6.275370000000e+03 3.558400000000e+04
9.558100000000e+01 6.351680000000e+03 3.516600000000e+04
9.736900000000e+01 6.094330000000e+03 3.435680000000e+04
9.919000000000e+01 6.559150000000e+03 3.378030000000e+04
1.010500000000e+02 6.093670000000e+03 3.262800000000e+04
1.029400000000e+02 6.350860000000e+03 3.217720000000e+04
1.048600000000e+02 6.295420000000e+03 3.172230000000e+04
1.068200000000e+02 6.560240000000e+03 3.118220000000e+04
1.088200000000e+02 6.329170000000e+03 3.113310000000e+04
1.108600000000e+02 6.246510000000e+03 3.027210000000e+04
1.129300000000e+02 6.419580000000e+03 2.943200000000e+04
1.150400000000e+02 6.160610000000e+03 2.851320000000e+04
1.172000000000e+02 6.607480000000e+03 2.824670000000e+04
1.193900000000e+02 6.130800000000e+03 2.748710000000e+04
1.216200000000e+02 6.347030000000e+03 2.673300000000e+04
1.239000000000e+02 6.247840000000e+03 2.643200000000e+04
1.262100000000e+02 6.198680000000e+03 2.577220000000e+04
1.285700000000e+02 6.422360000000e+03 2.520720000000e+04
1.309800000000e+02 6.155630000000e+03 2.507760000000e+04
1.334300000000e+02 6.304380000000e+03 2.473920000000e+04
1.359300000000e+02 6.213060000000e+03 2.440450000000e+04
1.384700000000e+02 6.158590000000e+03 2.411090000000e+04
1.410600000000e+02 6.107690000000e+03 2.345870000000e+04
1.437000000000e+02 6.247190000000e+03 2.342100000000e+04
1.463900000000e+02 6.391290000000e+03 2.275440000000e+04
1.491300000000e+02 6.257530000000e+03 2.244360000000e+04
1.519100000000e+02 6.397370000000e+03 2.176670000000e+04
1.547600000000e+02 6.224920000000e+03 2.111600000000e+04
1.576500000000e+02 6.285030000000e+03 2.075350000000e+04
1.606000000000e+02 6.310190000000e+03 2.029220000000e+04
1.636000000000e+02 6.114240000000e+03 1.978610000000e+04
1.666700000000e+02 6.200000000000e+03 1.960810000000e+04
1.697800000000e+02 6.107600000000e+03 1.915020000000e+04
1.729600000000e+02 6.156800000000e+03 1.880630000000e+04
1.762000000000e+02 6.240010000000e+03 1.845810000000e+04
1.794900000000e+02 6.358820000000e+03 1.817990000000e+04
1.828500000000e+02 6.177720000000e+03 1.770200000000e+04
1.862700000000e+02 6.345720000000e+03 1.763320000000e+04
1.897500000000e+02 6.295760000000e+03 1.736540000000e+04
1.933000000000e+02 6.322550000000e+03 1.710240000000e+04
1.969200000000e+02 6.023190000000e+03 1.673510000000e+04
2.006000000000e+02 6.244260000000e+03 1.678960000000e+04
2.043600000000e+02 6.263260000000e+03 1.635010000000e+04
2.081800000000e+02 6.201720000000e+03 1.605970000000e+04
2.120700000000e+02 6.214550000000e+03 1.576850000000e+04
2.160400000000e+02 6.334500000000e+03 1.545830000000e+04
2.200800000000e+02 6.288550000000e+03 1.500690000000e+04
2.242000000000e+02 6.234390000000e+03 1.487240000000e+04
2.283900000000e+02 6.172740000000e+03 1.454610000000e+04
2.326600000000e+02 6.200590000000e+03 1.413110000000e+04
2.370200000000e+02 6.162910000000e+03 1.399110000000e+04
2.414500000000e+02 6.179150000000e+03 1.372600000000e+04
2.459700000000e+02 6.217810000000e+03 1.343090000000e+04
2.505700000000e+02 6.182630000000e+03 1.300320000000e+04
2.552600000000e+02 6.269030000000e+03 1.272740000000e+04
2.600300000000e+02 6.140760000000e+03 1.250980000000e+04
2.649000000000e+02 6.255340000000e+03 1.229780000000e+04
2.698500000000e+02 6.290550000000e+03 1.211660000000e+04
2.749000000000e+02 6.307890000000e+03 1.180750000000e+04
2.800400000000e+02 6.218680000000e+03 1.170180000000e+04
2.852800000000e+02 6.245010000000e+03 1.134470000000e+04
2.906200000000e+02 6.159030000000e+03 1.115510000000e+04
2.960500000000e+02 6.259780000000e+03 1.100870000000e+04
3.015900000000e+02 6.290880000000e+03 1.066730000000e+04
3.072300000000e+02 6.218380000000e+03 1.059790000000e+04
3.129800000000e+02 6.203220000000e+03 1.020300000000e+04
3.188300000000e+02 6.246470000000e+03 1.029620000000e+04
3.248000000000e+02 6.137290000000e+03 9.881540000000e+03
3.308800000000e+02 6.217760000000e+03 9.619620000000e+03
3.370700000000e+02 6.242560000000e+03 9.501640000000e+03
3.433700000000e+02 6.279270000000e+03 9.358940000000e+03
3.497900000000e+02 6.284060000000e+03 9.158760000000e+03
3.563400000000e+02 6.247780000000e+03 9.070370000000e+03
3.630000000000e+02 6.221190000000e+03 8.832690000000e+03
3.697900000000e+02 6.273580000000e+03 8.641880000000e+03
3.767100000000e+02 6.232580000000e+03 8.549630000000e+03
3.837600000000e+02 6.269770000000e+03 8.366750000000e+03
3.909400000000e+02 6.290570000000e+03 8.166430000000e+03
3.982500000000e+02 6.254780000000e+03 8.044240000000e+03
4.057000000000e+02 6.255860000000e+03 7.871830000000e+03
4.132900000000e+02 6.193480000000e+03 7.738810000000e+03
4.210200000000e+02 6.199380000000e+03 7.548390000000e+03
4.289000000000e+02 6.291190000000e+03 7.456470000000e+03
4.369200000000e+02 6.242170000000e+03 7.306380000000e+03
4.450900000000e+02 6.235660000000e+03 7.153900000000e+03
4.534200000000e+02 6.287080000000e+03 7.033340000000e+03
4.619000000000e+02 6.247970000000e+03 6.898540000000e+03
4.705400000000e+02 6.305160000000e+03 6.785720000000e+03
4.793500000000e+02 6.233060000000e+03 6.649700000000e+03
4.883100000000e+02 6.214670000000e+03 6.515750000000e+03
4.974500000000e+02 6.199310000000e+03 6.293560000000e+03
5.067500000000e+02 6.232920000000e+03 6.264220000000e+03
5.162300000000e+02 6.248130000000e+03 6.133890000000e+03
5.258900000000e+02 6.253540000000e+03 6.043820000000e+03
5.357300000000e+02 6.274890000000e+03 5.875860000000e+03
5.457500000000e+02 6.229040000000e+03 5.801790000000e+03
5.559600000000e+02 6.255300000000e+03 5.716570000000e+03
5.663600000000e+02 6.206930000000e+03 5.581990000000e+03
5.769500000000e+02 6.206960000000e+03 5.468530000000e+03
5.877400000000e+02 6.235640000000e+03 5.390290000000e+03
5.987400000000e+02 6.246860000000e+03 5.321060000000e+03
6.099400000000e+02 6.235450000000e+03 5.153550000000e+03
6.213500000000e+02 6.214020000000e+03 5.107500000000e+03
6.329700000000e+02 6.238520000000e+03 5.036530000000e+03
6.448200000000e+02 6.192320000000e+03 4.885080000000e+03
6.568800000000e+02 6.228470000000e+03 4.827390000000e+03
6.691600000000e+02 6.222790000000e+03 4.728390000000e+03
6.816800000000e+02 6.240540000000e+03 4.651130000000e+03
6.944300000000e+02 6.201670000000e+03 4.552910000000e+03
7.074200000000e+02 6.190640000000e+03 4.478580000000e+03
7.206600000000e+02 6.225980000000e+03 4.428760000000e+03
7.341400000000e+02 6.238390000000e+03 4.320700000000e+03
7.478700000000e+02 6.214870000000e+03 4.246690000000e+03
7.618600000000e+02 6.232140000000e+03 4.166670000000e+03
7.761200000000e+02 6.276530000000e+03 4.108720000000e+03
7.906300000000e+02 6.235140000000e+03 4.041240000000e+03
8.054200000000e+02 6.228520000000e+03 3.949610000000e+03
8.204900000000e+02 6.233460000000e+03 3.843720000000e+03
8.358400000000e+02 6.192420000000e+03 3.797310000000e+03
8.514800000000e+02 6.203110000000e+03 3.733550000000e+03
8.674000000000e+02 6.224110000000e+03 3.681870000000e+03
8.836300000000e+02 6.214920000000e+03 3.607720000000e+03
9.001600000000e+02 6.225250000000e+03 3.551410000000e+03
9.170000000000e+02 6.229710000000e+03 3.477850000000e+03
9.341500000000e+02 6.234510000000e+03 3.422000000000e+03
9.516300000000e+02 6.214110000000e+03 3.403240000000e+03
9.694300000000e+02 6.232690000000e+03 3.333990000000e+03
9.875700000000e+02 6.262670000000e+03 3.290620000000e+03
1.006000000000e+03 6.227980000000e+03 3.247930000000e+03
1.024900000000e+03 6.250020000000e+03 3.174900000000e+03
1.044000000000e+03 6.206190000000e+03 3.135810000000e+03
1.063600000000e+03 6.228120000000e+03 3.091910000000e+03
1.083500000000e+03 6.238180000000e+03 3.055580000000e+03
1.103700000000e+03 6.234110000000e+03 2.975700000000e+03
1.124400000000e+03 6.241010000000e+03 2.941540000000e+03
1.145400000000e+03 6.233050000000e+03 2.885300000000e+03
1.166800000000e+03 6.238230000000e+03 2.832820000000e+03
1.188700000000e+03 6.236560000000e+03 2.799020000000e+03
1.210900000000e+03 6.229130000000e+03 2.731800000000e+03
1.233500000000e+03 6.236010000000e+03 2.680020000000e+03
1.256600000000e+03 6.229970000000e+03 2.630220000000e+03
1.280100000000e+03 6.220430000000e+03 2.585520000000e+03
1.304100000000e+03 6.223560000000e+03 2.544900000000e+03
1.328500000000e+03 6.234190000000e+03 2.502540000000e+03
1.353300000000e+03 6.219060000000e+03 2.463590000000e+03
1.378600000000e+03 6.222640000000e+03 2.422440000000e+03
1.404400000000e+03 6.224530000000e+03 2.370230000000e+03
1.430700000000e+03 6.227210000000e+03 2.330990000000e+03
1.457500000000e+03 6.232200000000e+03 2.270700000000e+03
1.484700000000e+03 6.229260000000e+03 2.248600000000e+03
1.512500000000e+03 6.237560000000e+03 2.205900000000e+03
1.540800000000e+03 6.229650000000e+03 2.171480000000e+03
1.569600000000e+03 6.212890000000e+03 2.130400000000e+03
1.599000000000e+03 6.232050000000e+03 2.082940000000e+03
1.628900000000e+03 6.236700000000e+03 2.048300000000e+03
1.659400000000e+03 6.225020000000e+03 1.998230000000e+03
1.690400000000e+03 6.218880000000e+03 1.984050000000e+03
1.722000000000e+03 6.223660000000e+03 1.947720000000e+03
1.754200000000e+03 6.232910000000e+03 1.907210000000e+03
1.787100000000e+03 6.226710000000e+03 1.876690000000e+03
1.820500000000e+03 6.228350000000e+03 1.847240000000e+03
1.854500000000e+03 6.223060000000e+03 1.815930000000e+03
1.889200000000e+03 6.232220000000e+03 1.789000000000e+03
1.924600000000e+03 6.235320000000e+03 1.754330000000e+03
1.960600000000e+03 6.231620000000e+03 1.717200000000e+03
1.997300000000e+03 6.225680000000e+03 1.686100000000e+03
2.034600000000e+03 6.221560000000e+03 1.655560000000e+03
2.072700000000e+03 6.228900000000e+03 1.624040000000e+03
2.111500000000e+03 6.225840000000e+03 1.584700000000e+03
2.151000000000e+03 6.228910000000e+03 1.556650000000e+03
2.191200000000e+03 6.221430000000e+03 1.539720000000e+03
2.232200000000e+03 6.226100000000e+03 1.508920000000e+03
2.273900000000e+03 6.227270000000e+03 1.471390000000e+03
2.316500000000e+03 6.225270000000e+03 1.449470000000e+03
2.359800000000e+03 6.228560000000e+03 1.429340000000e+03
2.404000000000e+03 6.227300000000e+03 1.400380000000e+03
2.448900000000e+03 6.224920000000e+03 1.379740000000e+03
2.494700000000e+03 6.220460000000e+03 1.346200000000e+03
2.541400000000e+03 6.227930000000e+03 1.334240000000e+03
2.588900000000e+03 6.231430000000e+03 1.303780000000e+03
2.637400000000e+03 6.230770000000e+03 1.285410000000e+03
2.686700000000e+03 6.226020000000e+03 1.262360000000e+03
2.737000000000e+03 6.220580000000e+03 1.235750000000e+03
2.788200000000e+03 6.225090000000e+03 1.212580000000e+03
2.840300000000e+03 6.222450000000e+03 1.202430000000e+03
2.893500000000e+03 6.230010000000e+03 1.167380000000e+03
2.947600000000e+03 6.222460000000e+03 1.159290000000e+03
3.002700000000e+03 6.228360000000e+03 1.135690000000e+03
3.058900000000e+03 6.224920000000e+03 1.112720000000e+03
3.116100000000e+03 6.225580000000e+03 1.093670000000e+03
3.174400000000e+03 6.225200000000e+03 1.072720000000e+03
3.233800000000e+03 6.230860000000e+03 1.062830000000e+03
3.294300000000e+03 6.226160000000e+03 1.043600000000e+03
3.355900000000e+03 6.223010000000e+03 1.020660000000e+03
3.418700000000e+03 6.220190000000e+03 1.011580000000e+03
3.482600000000e+03 6.219850000000e+03 9.848780000000e+02
3.547800000000e+03 6.226200000000e+03 9.690900000000e+02
3.614200000000e+03 6.222830000000e+03 9.626700000000e+02
3.681800000000e+03 6.216900000000e+03 9.382410000000e+02
3.750600000000e+03 6.220610000000e+03 9.287830000000e+02
3.820800000000e+03 6.215750000000e+03 9.113580000000e+02
3.892300000000e+03 6.217100000000e+03 8.951100000000e+02
3.965100000000e+03 6.223080000000e+03 8.788960000000e+02
4.039300000000e+03 6.219810000000e+03 8.689980000000e+02
4.114800000000e+03 6.223760000000e+03 8.480900000000e+02
4.191800000000e+03 6.219620000000e+03 8.364930000000e+02
4.270200000000e+03 6.220260000000e+03 8.230980000000e+02
4.350100000000e+03 6.220390000000e+03 8.123130000000e+02
4.431500000000e+03 6.218650000000e+03 7.963550000000e+02
4.514400000000e+03 6.218940000000e+03 7.839880000000e+02
4.598800000000e+03 6.222660000000e+03 7.721950000000e+02
4.684800000000e+03 6.223270000000e+03 7.635810000000e+02
4.772500000000e+03 6.219130000000e+03 7.443620000000e+02
4.861800000000e+03 6.226970000000e+03 7.379810000000e+02
4.952700000000e+03 6.220460000000e+03 7.255730000000e+02
5.045400000000e+03 6.221100000000e+03 7.116120000000e+02
5.139700000000e+03 6.218050000000e+03 7.033600000000e+02
5.235900000000e+03 6.218020000000e+03 6.921320000000e+02
5.333800000000e+03 6.217700000000e+03 6.841670000000e+02
5.433600000000e+03 6.221620000000e+03 6.732100000000e+02
5.535300000000e+03 6.220570000000e+03 6.566240000000e+02
5.638800000000e+03 6.220400000000e+03 6.515300000000e+02
5.744300000000e+03 6.219430000000e+03 6.409480000000e+02
5.851700000000e+03 6.219150000000e+03 6.338790000000e+02
5.961200000000e+03 6.219950000000e+03 6.266130000000e+02
6.072700000000e+03 6.218550000000e+03 6.149160000000e+02
6.186300000000e+03 6.220180000000e+03 6.042340000000e+02
6.302100000000e+03 6.222780000000e+03 5.991260000000e+02
6.419900000000e+03 6.219360000000e+03 5.862680000000e+02
6.540000000000e+03 6.219720000000e+03 5.803300000000e+02
6.662400000000e+03 6.223540000000e+03 5.700320000000e+02
6.787000000000e+03 6.218320000000e+03 5.626060000000e+02
6.914000000000e+03 6.220150000000e+03 5.560000000000e+02
7.043300000000e+03 6.221240000000e+03 5.462370000000e+02
7.175100000000e+03 6.220840000000e+03 5.374180000000e+02
7.309300000000e+03 6.220050000000e+03 5.340610000000e+02
7.446000000000e+03 6.219940000000e+03 5.264920000000e+02
7.585300000000e+03 6.222360000000e+03 5.191410000000e+02
7.727200000000e+03 6.223400000000e+03 5.126880000000e+02
7.871800000000e+03 6.221310000000e+03 5.041570000000e+02
8.019000000000e+03 6.222890000000e+03 4.980650000000e+02
8.169000000000e+03 6.221500000000e+03 4.936310000000e+02
8.321800000000e+03 6.219930000000e+03 4.867090000000e+02
8.477500000000e+03 6.222560000000e+03 4.793340000000e+02
8.636100000000e+03 6.222530000000e+03 4.770380000000e+02
8.797700000000e+03 6.220760000000e+03 4.700250000000e+02
8.962200000000e+03 6.221520000000e+03 4.643000000000e+02
9.129900000000e+03 6.217290000000e+03 4.578060000000e+02
9.300700000000e+03 6.222190000000e+03 4.527470000000e+02
9.474700000000e+03 6.218060000000e+03 4.504640000000e+02
9.651900000000e+03 6.220360000000e+03 4.458090000000e+02
9.832500000000e+03 6.221890000000e+03 4.414700000000e+02
1.001600000000e+04 6.222390000000e+03 4.374130000000e+02
1.020400000000e+04 6.219720000000e+03 4.322940000000e+02
1.039500000000e+04 6.221480000000e+03 4.255490000000e+02
1.058900000000e+04 6.222750000000e+03 4.241670000000e+02
1.078700000000e+04 6.221640000000e+03 4.177860000000e+02
1.098900000000e+04 6.223460000000e+03 4.160370000000e+02
1.119500000000e+04 6.221220000000e+03 4.131000000000e+02
1.140400000000e+04 6.224250000000e+03 4.079150000000e+02
1.161700000000e+04 6.225520000000e+03 4.043600000000e+02
1.183500000000e+04 6.221870000000e+03 3.997390000000e+02
1.205600000000e+04 6.223070000000e+03 3.975060000000e+02
1.228200000000e+04 6.222270000000e+03 3.930470000000e+02
1.251100000000e+04 6.225260000000e+03 3.918110000000e+02
1.274500000000e+04 6.226230000000e+03 3.901560000000e+02
1.298400000000e+04 6.225480000000e+03 3.883450000000e+02
1.322700000000e+04 6.226620000000e+03 3.845110000000e+02
1.347400000000e+04 6.226690000000e+03 3.810730000000e+02
1.372600000000e+04 6.226890000000e+03 3.792540000000e+02
1.398300000000e+04 6.226870000000e+03 3.751610000000e+02
1.424400000000e+04 6.227600000000e+03 3.758560000000e+02
1.451100000000e+04 6.227250000000e+03 3.715210000000e+02
1.478200000000e+04 6.227150000000e+03 3.698540000000e+02
1.505900000000e+04 6.227460000000e+03 3.673110000000e+02
1.534100000000e+04 6.229720000000e+03 3.629460000000e+02
1.562800000000e+04 6.228790000000e+03 3.608380000000e+02
1.592000000000e+04 6.230250000000e+03 3.572890000000e+02
1.621800000000e+04 6.231980000000e+03 3.551130000000e+02
1.652100000000e+04 6.231370000000e+03 3.548440000000e+02
1.683000000000e+04 6.231710000000e+03 3.526720000000e+02
1.714500000000e+04 6.232940000000e+03 3.492870000000e+02
1.746600000000e+04 6.233470000000e+03 3.482260000000e+02
1.779200000000e+04 6.234750000000e+03 3.481790000000e+02
1.812500000000e+04 6.234780000000e+03 3.458820000000e+02
1.846400000000e+04 6.235280000000e+03 3.440780000000e+02
1.881000000000e+04 6.236330000000e+03 3.428970000000e+02
1.916200000000e+04 6.236450000000e+03 3.418940000000e+02
1.952000000000e+04 6.237980000000e+03 3.401010000000e+02
1.988500000000e+04 6.237220000000e+03 3.391870000000e+02
2.025700000000e+04 6.239320000000e+03 3.384230000000e+02
2.063600000000e+04 6.238730000000e+03 3.367120000000e+02
2.102200000000e+04 6.240200000000e+03 3.371800000000e+02
2.141500000000e+04 6.240720000000e+03 3.364060000000e+02
2.181600000000e+04 6.242700000000e+03 3.357140000000e+02
2.222400000000e+04 6.242270000000e+03 3.343620000000e+02
2.264000000000e+04 6.243280000000e+03 3.350790000000e+02
2.306300000000e+04 6.244580000000e+03 3.351440000000e+02
2.349500000000e+04 6.244270000000e+03 3.342890000000e+02
2.393400000000e+04 6.245160000000e+03 3.343900000000e+02
2.438200000000e+04 6.245230000000e+03 3.343740000000e+02
2.483800000000e+04 6.247390000000e+03 3.345720000000e+02
2.530300000000e+04 6.248100000000e+03 3.352750000000e+02
2.577600000000e+04 6.248990000000e+03 3.362980000000e+02
2.625800000000e+04 6.249980000000e+03 3.364360000000e+02
2.675000000000e+04 6.251260000000e+03 3.363780000000e+02
2.725000000000e+04 6.251850000000e+03 3.362420000000e+02
2.776000000000e+04 6.252550000000e+03 3.385900000000e+02
2.827900000000e+04 6.253450000000e+03 3.390500000000e+02
2.880800000000e+04 6.255240000000e+03 3.401020000000e+02
2.934700000000e+04 6.256190000000e+03 3.415980000000e+02
2.989600000000e+04 6.257560000000e+03 3.420950000000e+02
3.045500000000e+04 6.258010000000e+03 3.439600000000e+02
3.102500000000e+04 6.259140000000e+03 3.450430000000e+02
3.160500000000e+04 6.259950000000e+03 3.469990000000e+02
3.219700000000e+04 6.262400000000e+03 3.475840000000e+02
3.279900000000e+04 6.262730000000e+03 3.502220000000e+02
3.341200000000e+04 6.264200000000e+03 3.518600000000e+02
3.403700000000e+04 6.265930000000e+03 3.532030000000e+02
3.467400000000e+04 6.266690000000e+03 3.550960000000e+02
3.532300000000e+04 6.267960000000e+03 3.573670000000e+02
3.598400000000e+04 6.269580000000e+03 3.593760000000e+02
3.665700000000e+04 6.271210000000e+03 3.614130000000e+02
3.734200000000e+04 6.271900000000e+03 3.636470000000e+02
3.804100000000e+04 6.274310000000e+03 3.673610000000e+02
3.875300000000e+04 6.276050000000e+03 3.701550000000e+02
3.947800000000e+04 6.277260000000e+03 3.733670000000e+02
4.021600000000e+04 6.279110000000e+03 3.767020000000e+02
4.096800000000e+04 6.281000000000e+03 3.796480000000e+02
4.173500000000e+04 6.283690000000e+03 3.832320000000e+02
4.251500000000e+04 6.285580000000e+03 3.869670000000e+02
4.331100000000e+04 6.288160000000e+03 3.915930000000e+02
4.412100000000e+04 6.290430000000e+03 3.950820000000e+02
4.494600000000e+04 6.293150000000e+03 3.995200000000e+02
4.578700000000e+04 6.295860000000e+03 4.040770000000e+02
4.664400000000e+04 6.297630000000e+03 4.084470000000e+02
4.751600000000e+04 6.300540000000e+03 4.133300000000e+02
4.840500000000e+04 6.302760000000e+03 4.188520000000e+02
4.931100000000e+04 6.304990000000e+03 4.244960000000e+02
5.023300000000e+04 6.308080000000e+03 4.306800000000e+02
5.117300000000e+04 6.311050000000e+03 4.356970000000e+02
5.213000000000e+04 6.314310000000e+03 4.416120000000e+02
5.310500000000e+04 6.317350000000e+03 4.488920000000e+02
5.409900000000e+04 6.320520000000e+03 4.550310000000e+02
5.511100000000e+04 6.323480000000e+03 4.624450000000e+02
5.614100000000e+04 6.326780000000e+03 4.688420000000e+02
5.719200000000e+04 6.330920000000e+03 4.771970000000e+02
5.826200000000e+04 6.334010000000e+03 4.850320000000e+02
5.935100000000e+04 6.337990000000e+03 4.941910000000e+02
6.046200000000e+04 6.341200000000e+03 5.024260000000e+02
6.159300000000e+04 6.345280000000e+03 5.115820000000e+02
6.274500000000e+04 6.348270000000e+03 5.211510000000e+02
6.391900000000e+04 6.352280000000e+03 5.308180000000e+02
6.511400000000e+04 6.356120000000e+03 5.408750000000e+02
6.633200000000e+04 6.359620000000e+03 5.516890000000e+02
6.757300000000e+04 6.363430000000e+03 5.635010000000e+02
6.883700000000e+04 6.367590000000e+03 5.743170000000e+02
7.012500000000e+04 6.371090000000e+03 5.871640000000e+02
7.143700000000e+04 6.374970000000e+03 5.991670000000e+02
7.277300000000e+04 6.378080000000e+03 6.123240000000e+02
7.413500000000e+04 6.382480000000e+03 6.259400000000e+02
7.552100000000e+04 6.385750000000e+03 6.400090000000e+02
7.693400000000e+04 6.389200000000e+03 6.542490000000e+02
7.837300000000e+04 6.392390000000e+03 6.699140000000e+02
7.984000000000e+04 6.395730000000e+03 6.861660000000e+02
8.133300000000e+04 6.397920000000e+03 7.018890000000e+02
8.285500000000e+04 6.400790000000e+03 7.191840000000e+02
8.440400000000e+04 6.403250000000e+03 7.367400000000e+02
8.598300000000e+04 6.405600000000e+03 7.553010000000e+02
8.759200000000e+04 6.407680000000e+03 7.738010000000e+02
8.923000000000e+04 6.410620000000e+03 7.926220000000e+02
9.090000000000e+04 6.411630000000e+03 8.122630000000e+02
9.260000000000e+04 6.413170000000e+03 8.331830000000e+02
9.433200000000e+04 6.414550000000e+03 8.542430000000e+02
9.609700000000e+04 6.414320000000e+03 8.773430000000e+02
9.789500000000e+04 6.414630000000e+03 8.982310000000e+02
9.972600000000e+04 6.414220000000e+03 9.205260000000e+02
1.015900000000e+05 6.413860000000e+03 9.432750000000e+02
1.034900000000e+05 6.412530000000e+03 9.667270000000e+02
1.054300000000e+05 6.410940000000e+03 9.911000000000e+02
1.074000000000e+05 6.409310000000e+03 1.014970000000e+03
1.094100000000e+05 6.407280000000e+03 1.039420000000e+03
1.114600000000e+05 6.405110000000e+03 1.065100000000e+03
1.135400000000e+05 6.402120000000e+03 1.091440000000e+03
1.156600000000e+05 6.398740000000e+03 1.117890000000e+03
1.178300000000e+05 6.394190000000e+03 1.144730000000e+03
1.200300000000e+05 6.388830000000e+03 1.172270000000e+03
1.222800000000e+05 6.383400000000e+03 1.199630000000e+03
1.245700000000e+05 6.377350000000e+03 1.227980000000e+03
1.269000000000e+05 6.371030000000e+03 1.256460000000e+03
1.292700000000e+05 6.364390000000e+03 1.285160000000e+03
1.316900000000e+05 6.356510000000e+03 1.314720000000e+03
1.341500000000e+05 6.347960000000e+03 1.343810000000e+03
1.366600000000e+05 6.339880000000e+03 1.373990000000e+03
1.392200000000e+05 6.330330000000e+03 1.404310000000e+03
1.418200000000e+05 6.320700000000e+03 1.434880000000e+03
1.444700000000e+05 6.310530000000e+03 1.466630000000e+03
1.471800000000e+05 6.299560000000e+03 1.497900000000e+03
1.499300000000e+05 6.287550000000e+03 1.529380000000e+03
1.527400000000e+05 6.275280000000e+03 1.561460000000e+03
1.555900000000e+05 6.262370000000e+03 1.593880000000e+03
1.585000000000e+05 6.248790000000e+03 1.626950000000e+03
1.614700000000e+05 6.233380000000e+03 1.659470000000e+03
1.644900000000e+05 6.218140000000e+03 1.693010000000e+03
1.675700000000e+05 6.202190000000e+03 1.726360000000e+03
1.707000000000e+05 6.185920000000e+03 1.759990000000e+03
1.738900000000e+05 6.168450000000e+03 1.794880000000e+03
1.771500000000e+05 6.150220000000e+03 1.828670000000e+03
1.804600000000e+05 6.131100000000e+03 1.863690000000e+03
1.838400000000e+05 6.111160000000e+03 1.898700000000e+03
1.872700000000e+05 6.090750000000e+03 1.933730000000e+03
1.907800000000e+05 6.069290000000e+03 1.968540000000e+03
1.943500000000e+05 6.047420000000e+03 2.003700000000e+03
1.979800000000e+05 6.024670000000e+03 2.039940000000e+03
2.016900000000e+05 5.999310000000e+03 2.076030000000e+03
2.054600000000e+05 5.974440000000e+03 2.112440000000e+03
2.093000000000e+05 5.948820000000e+03 2.148670000000e+03
2.132200000000e+05 5.921220000000e+03 2.185040000000e+03
2.172100000000e+05 5.893070000000e+03 2.221250000000e+03
2.212700000000e+05 5.864840000000e+03 2.257760000000e+03
2.254100000000e+05 5.835010000000e+03 2.293570000000e+03
2.296300000000e+05 5.803530000000e+03 2.329680000000e+03
2.339200000000e+05 5.772160000000e+03 2.366070000000e+03
2.383000000000e+05 5.739220000000e+03 2.401870000000e+03
2.427500000000e+05 5.705310000000e+03 2.438470000000e+03
2.473000000000e+05 5.669740000000e+03 2.473900000000e+03
2.519200000000e+05 5.633300000000e+03 2.509660000000e+03
2.566300000000e+05 5.595270000000e+03 2.544430000000e+03
2.614400000000e+05 5.558480000000e+03 2.579140000000e+03
2.663300000000e+05 5.518890000000e+03 2.614200000000e+03
2.713100000000e+05 5.478820000000e+03 2.648730000000e+03
2.763800000000e+05 5.437590000000e+03 2.683080000000e+03
2.815500000000e+05 5.394900000000e+03 2.716830000000e+03
2.868200000000e+05 5.351400000000e+03 2.749570000000e+03
2.921900000000e+05 5.306360000000e+03 2.782860000000e+03
2.976500000000e+05 5.260870000000e+03 2.814820000000e+03
3.032200000000e+05 5.214270000000e+03 2.846250000000e+03
3.088900000000e+05 5.166340000000e+03 2.877330000000e+03
3.146700000000e+05 5.117970000000e+03 2.907370000000e+03
3.205600000000e+05 5.067940000000e+03 2.937010000000e+03
3.265500000000e+05 5.017340000000e+03 2.965780000000e+03
3.326600000000e+05 4.965560000000e+03 2.993260000000e+03
3.388900000000e+05 4.913220000000e+03 3.020450000000e+03
3.452200000000e+05 4.859330000000e+03 3.046690000000e+03
3.516800000000e+05 4.804140000000e+03 3.070590000000e+03
3.582600000000e+05 4.751560000000e+03 3.093170000000e+03
3.649600000000e+05 4.696390000000e+03 3.117740000000e+03
3.717900000000e+05 4.639510000000e+03 3.136120000000e+03
3.787500000000e+05 4.586580000000e+03 3.160300000000e+03
3.858300000000e+05 4.528910000000e+03 3.181090000000e+03
3.930500000000e+05 4.470820000000e+03 3.200820000000e+03
4.004000000000e+05 4.412690000000e+03 3.219020000000e+03
4.078900000000e+05 4.353480000000e+03 3.236090000000e+03
4.155200000000e+05 4.294060000000e+03 3.252180000000e+03
4.232900000000e+05 4.234430000000e+03 3.266620000000e+03
4.312100000000e+05 4.174830000000e+03 3.280030000000e+03
4.392800000000e+05 4.115150000000e+03 3.292730000000e+03
4.475000000000e+05 4.055000000000e+03 3.303900000000e+03
4.558700000000e+05 3.994280000000e+03 3.314430000000e+03
4.644000000000e+05 3.933830000000e+03 3.323670000000e+03
4.730800000000e+05 3.873200000000e+03 3.331600000000e+03
4.819300000000e+05 3.812280000000e+03 3.338270000000e+03
4.909500000000e+05 3.751500000000e+03 3.344080000000e+03
5.001300000000e+05 3.690910000000e+03 3.348650000000e+03
5.094900000000e+05 3.630150000000e+03 3.352380000000e+03
5.190200000000e+05 3.569900000000e+03 3.354870000000e+03
5.287300000000e+05 3.509410000000e+03 3.355850000000e+03
5.386200000000e+05 3.449410000000e+03 3.355680000000e+03
5.487000000000e+05 3.390430000000e+03 3.355380000000e+03
5.589600000000e+05 3.330800000000e+03 3.354430000000e+03
5.694200000000e+05 3.271070000000e+03 3.351880000000e+03
5.800700000000e+05 3.211700000000e+03 3.347400000000e+03
5.909200000000e+05 3.152750000000e+03 3.340410000000e+03
6.019700000000e+05 3.100380000000e+03 3.332780000000e+03
6.132300000000e+05 3.047120000000e+03 3.330960000000e+03
6.247100000000e+05 2.988560000000e+03 3.327620000000e+03
6.363900000000e+05 2.931010000000e+03 3.321290000000e+03
6.483000000000e+05 2.874080000000e+03 3.313980000000e+03
6.604200000000e+05 2.818310000000e+03 3.304560000000e+03
6.727800000000e+05 2.764350000000e+03 3.296370000000e+03
6.853600000000e+05 2.709350000000e+03 3.287830000000e+03
6.981800000000e+05 2.654640000000e+03 3.278120000000e+03
7.112500000000e+05 2.600440000000e+03 3.267590000000e+03
7.245500000000e+05 2.546470000000e+03 3.256790000000e+03
7.381000000000e+05 2.493220000000e+03 3.245440000000e+03
7.519100000000e+05 2.440160000000e+03 3.233580000000e+03
7.659800000000e+05 2.387340000000e+03 3.220500000000e+03
7.803100000000e+05 2.336170000000e+03 3.207340000000e+03
7.949000000000e+05 2.284600000000e+03 3.194470000000e+03
8.097700000000e+05 2.233280000000e+03 3.180760000000e+03
8.249200000000e+05 2.182440000000e+03 3.166480000000e+03
8.403500000000e+05 2.131900000000e+03 3.151540000000e+03
8.560700000000e+05 2.082360000000e+03 3.136050000000e+03
8.720900000000e+05 2.032650000000e+03 3.120650000000e+03
8.884000000000e+05 1.984700000000e+03 3.104650000000e+03
9.050200000000e+05 1.935440000000e+03 3.089060000000e+03
9.219500000000e+05 1.886310000000e+03 3.072140000000e+03
9.392000000000e+05 1.839010000000e+03 3.053790000000e+03
9.567700000000e+05 1.793270000000e+03 3.038000000000e+03
9.746700000000e+05 1.744760000000e+03 3.021880000000e+03
9.929000000000e+05 1.696640000000e+03 3.004420000000e+03
1.011500000000e+06 1.648990000000e+03 2.985810000000e+03
1.030400000000e+06 1.601560000000e+03 2.966790000000e+03
1.049700000000e+06 1.555490000000e+03 2.946670000000e+03
1.069300000000e+06 1.510430000000e+03 2.927830000000e+03
1.089300000000e+06 1.464130000000e+03 2.908360000000e+03
1.109700000000e+06 1.418250000000e+03 2.888290000000e+03
1.130400000000e+06 1.372970000000e+03 2.867950000000e+03
1.151600000000e+06 1.327700000000e+03 2.846680000000e+03
1.173100000000e+06 1.282740000000e+03 2.824980000000e+03
1.195100000000e+06 1.238170000000e+03 2.803110000000e+03
1.217400000000e+06 1.192980000000e+03 2.780480000000e+03
1.240200000000e+06 1.148410000000e+03 2.756490000000e+03
1.263400000000e+06 1.104570000000e+03 2.731450000000e+03
1.287000000000e+06 1.062380000000e+03 2.705330000000e+03
1.311100000000e+06 1.022840000000e+03 2.680480000000e+03
1.335600000000e+06 9.809450000000e+02 2.658360000000e+03
1.360600000000e+06 9.374430000000e+02 2.633450000000e+03
1.386100000000e+06 8.947800000000e+02 2.606810000000e+03
1.412000000000e+06 8.532230000000e+02 2.579430000000e+03
1.438400000000e+06 8.123150000000e+02 2.551410000000e+03
1.465300000000e+06 7.721230000000e+02 2.523060000000e+03
1.492700000000e+06 7.322860000000e+02 2.494320000000e+03
1.520700000000e+06 6.925490000000e+02 2.464490000000e+03
1.549100000000e+06 6.538410000000e+02 2.433850000000e+03
1.578100000000e+06 6.162750000000e+02 2.401950000000e+03
1.607600000000e+06 5.807460000000e+02 2.369730000000e+03
1.637700000000e+06 5.457880000000e+02 2.338800000000e+03
1.668300000000e+06 5.102900000000e+02 2.307230000000e+03
1.699500000000e+06 4.754800000000e+02 2.274770000000e+03
1.731300000000e+06 4.415880000000e+02 2.241560000000e+03
1.763700000000e+06 4.085920000000e+02 2.207650000000e+03
1.796700000000e+06 3.765240000000e+02 2.173280000000e+03
1.830300000000e+06 3.454960000000e+02 2.138380000000e+03
1.864600000000e+06 3.157540000000e+02 2.103210000000e+03
1.899400000000e+06 2.869850000000e+02 2.068180000000e+03
1.935000000000e+06 2.589280000000e+02 2.032630000000e+03
1.971200000000e+06 2.320110000000e+02 1.996980000000e+03
2.008000000000e+06 2.060340000000e+02 1.961180000000e+03
2.045600000000e+06 1.810890000000e+02 1.925060000000e+03
2.083900000000e+06 1.572080000000e+02 1.888720000000e+03
2.122900000000e+06 1.344130000000e+02 1.852440000000e+03
2.162600000000e+06 1.129150000000e+02 1.816110000000e+03
2.203000000000e+06 9.245440000000e+01 1.779910000000e+03
2.244200000000e+06 7.297020000000e+01 1.743800000000e+03
2.286200000000e+06 5.492940000000e+01 1.707940000000e+03
2.329000000000e+06 3.755780000000e+01 1.672850000000e+03
2.372500000000e+06 2.082560000000e+01 1.637530000000e+03
2.416900000000e+06 5.398390000000e+00 1.602450000000e+03
2.462100000000e+06 -9.240850000000e+00 1.567810000000e+03
2.508200000000e+06 -2.304070000000e+01 1.533330000000e+03
2.555100000000e+06 -3.585600000000e+01 1.499170000000e+03
2.602900000000e+06 -4.776220000000e+01 1.465410000000e+03
2.651600000000e+06 -5.880490000000e+01 1.432060000000e+03
2.701200000000e+06 -6.888840000000e+01 1.399280000000e+03
2.751700000000e+06 -7.830390000000e+01 1.367000000000e+03
2.803200000000e+06 -8.689820000000e+01 1.335070000000e+03
2.855700000000e+06 -9.453040000000e+01 1.303790000000e+03
2.909100000000e+06 -1.017320000000e+02 1.273340000000e+03
2.963500000000e+06 -1.083800000000e+02 1.243300000000e+03
3.018900000000e+06 -1.143430000000e+02 1.213770000000e+03
3.075400000000e+06 -1.198180000000e+02 1.184870000000e+03
3.132900000000e+06 -1.248950000000e+02 1.156520000000e+03
3.191600000000e+06 -1.293450000000e+02 1.128480000000e+03
3.251300000000e+06 -1.332310000000e+02 1.101150000000e+03
3.312100000000e+06 -1.366510000000e+02 1.074340000000e+03
3.374000000000e+06 -1.395540000000e+02 1.048100000000e+03
3.437200000000e+06 -1.420790000000e+02 1.022430000000e+03
3.501400000000e+06 -1.441040000000e+02 9.974390000000e+02
3.566900000000e+06 -1.458380000000e+02 9.730180000000e+02
3.633700000000e+06 -1.472910000000e+02 9.491470000000e+02
3.701600000000e+06 -1.484320000000e+02 9.257530000000e+02
3.770900000000e+06 -1.491660000000e+02 9.028750000000e+02
3.841400000000e+06 -1.496700000000e+02 8.807370000000e+02
3.913300000000e+06 -1.498820000000e+02 8.589980000000e+02
3.986500000000e+06 -1.498130000000e+02 8.378020000000e+02
4.061100000000e+06 -1.494390000000e+02 8.172570000000e+02
4.137000000000e+06 -1.490150000000e+02 7.973190000000e+02
4.214400000000e+06 -1.484840000000e+02 7.778970000000e+02
4.293300000000e+06 -1.478510000000e+02 7.588450000000e+02
4.373600000000e+06 -1.471030000000e+02 7.402440000000e+02
4.455400000000e+06 -1.461910000000e+02 7.220650000000e+02
4.538700000000e+06 -1.450480000000e+02 7.042850000000e+02
4.623700000000e+06 -1.437350000000e+02 6.870070000000e+02
4.710100000000e+06 -1.423490000000e+02 6.702950000000e+02
4.798300000000e+06 -1.409550000000e+02 6.539380000000e+02
4.888000000000e+06 -1.395190000000e+02 6.380060000000e+02
4.979500000000e+06 -1.379510000000e+02 6.223420000000e+02
5.072600000000e+06 -1.362830000000e+02 6.070440000000e+02
5.167500000000e+06 -1.344370000000e+02 5.921990000000e+02
5.264200000000e+06 -1.324940000000e+02 5.778210000000e+02
5.362600000000e+06 -1.305200000000e+02 5.638780000000e+02
5.463000000000e+06 -1.285970000000e+02 5.504780000000e+02
5.565200000000e+06 -1.268640000000e+02 5.372720000000e+02
5.669300000000e+06 -1.250570000000e+02 5.242700000000e+02
5.775300000000e+06 -1.231080000000e+02 5.115920000000e+02
5.883300000000e+06 -1.211380000000e+02 4.992930000000e+02
5.993400000000e+06 -1.191970000000e+02 4.873310000000e+02
6.105500000000e+06 -1.172780000000e+02 4.756040000000e+02
6.219700000000e+06 -1.152850000000e+02 4.640980000000e+02
6.336100000000e+06 -1.132520000000e+02 4.529310000000e+02
6.454600000000e+06 -1.111560000000e+02 4.420040000000e+02
6.575400000000e+06 -1.089080000000e+02 4.315650000000e+02
6.698400000000e+06 -1.069910000000e+02 4.215190000000e+02
6.823700000000e+06 -1.051590000000e+02 4.114650000000e+02
6.951300000000e+06 -1.032040000000e+02 4.016390000000e+02
7.081400000000e+06 -1.011980000000e+02 3.920710000000e+02
7.213800000000e+06 -9.926840000000e+01 3.828310000000e+02
7.348800000000e+06 -9.736650000000e+01 3.737010000000e+02
7.486200000000e+06 -9.542940000000e+01 3.647860000000e+02
7.626300000000e+06 -9.341880000000e+01 3.560660000000e+02
7.768900000000e+06 -9.135320000000e+01 3.477370000000e+02
7.914300000000e+06 -8.951610000000e+01 3.396700000000e+02
8.062300000000e+06 -8.772510000000e+01 3.316560000000e+02
8.213100000000e+06 -8.584460000000e+01 3.238370000000e+02
8.366800000000e+06 -8.399780000000e+01 3.162990000000e+02
8.523300000000e+06 -8.228890000000e+01 3.088870000000e+02
8.682700000000e+06 -8.051240000000e+01 3.015810000000e+02
8.845200000000e+06 -7.867990000000e+01 2.944650000000e+02
9.010600000000e+06 -7.685160000000e+01 2.876460000000e+02
9.179200000000e+06 -7.515720000000e+01 2.809720000000e+02
9.350900000000e+06 -7.345110000000e+01 2.744210000000e+02
9.525800000000e+06 -7.173350000000e+01 2.681010000000e+02
9.704000000000e+06 -7.018810000000e+01 2.619040000000e+02
9.885600000000e+06 -6.859630000000e+01 2.557360000000e+02
1.007000000000e+07 -6.693860000000e+01 2.497600000000e+02
1.025900000000e+07 -6.529230000000e+01 2.439790000000e+02
1.045100000000e+07 -6.372740000000e+01 2.383410000000e+02
1.064600000000e+07 -6.215090000000e+01 2.328660000000e+02
1.084500000000e+07 -6.072160000000e+01 2.275760000000e+02
1.104800000000e+07 -5.929350000000e+01 2.222630000000e+02
1.125500000000e+07 -5.779500000000e+01 2.170780000000e+02
1.146600000000e+07 -5.631560000000e+01 2.120850000000e+02
1.168000000000e+07 -5.487420000000e+01 2.072220000000e+02
1.189900000000e+07 -5.344290000000e+01 2.025260000000e+02
1.212100000000e+07 -5.217800000000e+01 1.979380000000e+02
1.234800000000e+07 -5.084850000000e+01 1.933300000000e+02
1.257900000000e+07 -4.949830000000e+01 1.889030000000e+02
1.281400000000e+07 -4.818350000000e+01 1.846100000000e+02
1.305400000000e+07 -4.686620000000e+01 1.804290000000e+02
1.329800000000e+07 -4.568210000000e+01 1.763900000000e+02
1.354700000000e+07 -4.448480000000e+01 1.723300000000e+02
1.380000000000e+07 -4.325830000000e+01 1.684190000000e+02
1.405800000000e+07 -4.206160000000e+01 1.646120000000e+02
1.432100000000e+07 -4.088690000000e+01 1.609280000000e+02
1.458900000000e+07 -3.979880000000e+01 1.573070000000e+02
1.486200000000e+07 -3.868120000000e+01 1.537380000000e+02
1.514000000000e+07 -3.758160000000e+01 1.502810000000e+02
1.542300000000e+07 -3.649150000000e+01 1.469100000000e+02
1.571200000000e+07 -3.546040000000e+01 1.436490000000e+02
1.600600000000e+07 -3.444720000000e+01 1.404200000000e+02
1.630500000000e+07 -3.343730000000e+01 1.372820000000e+02
1.661000000000e+07 -3.244290000000e+01 1.342240000000e+02
1.692100000000e+07 -3.148380000000e+01 1.312510000000e+02
1.723800000000e+07 -3.054370000000e+01 1.283370000000e+02
1.756000000000e+07 -2.962730000000e+01 1.254980000000e+02
1.788900000000e+07 -2.871230000000e+01 1.227210000000e+02
1.822300000000e+07 -2.783550000000e+01 1.200310000000e+02
1.856400000000e+07 -2.697120000000e+01 1.173900000000e+02
1.891100000000e+07 -2.613290000000e+01 1.148050000000e+02
1.926500000000e+07 -2.530150000000e+01 1.122940000000e+02
1.962500000000e+07 -2.450050000000e+01 1.098400000000e+02
1.999300000000e+07 -2.371700000000e+01 1.074390000000e+02
2.036700000000e+07 -2.294050000000e+01 1.050980000000e+02
2.074800000000e+07 -2.218490000000e+01 1.028150000000e+02
2.113600000000e+07 -2.145530000000e+01 1.005930000000e+02
2.153100000000e+07 -2.074000000000e+01 9.841870000000e+01
2.193400000000e+07 -2.003800000000e+01 9.628720000000e+01
2.234400000000e+07 -1.935140000000e+01 9.422200000000e+01
2.276200000000e+07 -1.868840000000e+01 9.219800000000e+01
2.318800000000e+07 -1.803710000000e+01 9.022260000000e+01
2.362200000000e+07 -1.740250000000e+01 8.829200000000e+01
2.406400000000e+07 -1.678540000000e+01 8.640920000000e+01
2.451400000000e+07 -1.617990000000e+01 8.457170000000e+01
2.497200000000e+07 -1.559210000000e+01 8.277910000000e+01
2.544000000000e+07 -1.501460000000e+01 8.102470000000e+01
2.591500000000e+07 -1.445560000000e+01 7.931310000000e+01
2.640000000000e+07 -1.391320000000e+01 7.764320000000e+01
2.689400000000e+07 -1.338130000000e+01 7.600680000000e+01
2.739700000000e+07 -1.286220000000e+01 7.441580000000e+01
2.791000000000e+07 -1.236030000000e+01 7.285610000000e+01
2.843200000000e+07 -1.186770000000e+01 7.133950000000e+01
2.896400000000e+07 -1.139030000000e+01 6.985200000000e+01
2.950500000000e+07 -1.092380000000e+01 6.840720000000e+01
3.005700000000e+07 -1.047230000000e+01 6.698530000000e+01
3.062000000000e+07 -1.003090000000e+01 6.559990000000e+01
3.119200000000e+07 -9.603800000000e+00 6.425090000000e+01
3.177600000000e+07 -9.184680000000e+00 6.292540000000e+01
3.237000000000e+07 -8.780080000000e+00 6.163700000000e+01
3.297600000000e+07 -8.384070000000e+00 6.037400000000e+01
3.359300000000e+07 -8.001220000000e+00 5.914530000000e+01
3.422100000000e+07 -7.626230000000e+00 5.794130000000e+01
3.486100000000e+07 -7.263660000000e+00 5.676550000000e+01
3.551400000000e+07 -6.909440000000e+00 5.561510000000e+01
3.617800000000e+07 -6.568380000000e+00 5.449340000000e+01
3.685500000000e+07 -6.235270000000e+00 5.339670000000e+01
3.754400000000e+07 -5.911960000000e+00 5.232280000000e+01
3.824600000000e+07 -5.598750000000e+00 5.127410000000e+01
3.896200000000e+07 -5.292190000000e+00 5.024830000000e+01
3.969100000000e+07 -4.996400000000e+00 4.924700000000e+01
4.043300000000e+07 -4.708130000000e+00 4.826630000000e+01
4.119000000000e+07 -4.428920000000e+00 4.731000000000e+01
4.196000000000e+07 -4.158190000000e+00 4.637330000000e+01
4.274500000000e+07 -3.893940000000e+00 4.545720000000e+01
4.354500000000e+07 -3.637630000000e+00 4.456360000000e+01
4.435900000000e+07 -3.390670000000e+00 4.368750000000e+01
4.518900000000e+07 -3.149100000000e+00 4.283440000000e+01
4.603400000000e+07 -2.915820000000e+00 4.199820000000e+01
4.689500000000e+07 -2.688000000000e+00 4.118110000000e+01
4.777300000000e+07 -2.469930000000e+00 4.038190000000e+01
4.866600000000e+07 -2.253830000000e+00 3.959950000000e+01
4.957700000000e+07 -2.047350000000e+00 3.883400000000e+01
5.050400000000e+07 -1.847160000000e+00 3.808690000000e+01
5.144900000000e+07 -1.652730000000e+00 3.735690000000e+01
5.241100000000e+07 -1.464280000000e+00 3.664070000000e+01
5.339200000000e+07 -1.282290000000e+00 3.594020000000e+01
5.439100000000e+07 -1.105690000000e+00 3.525530000000e+01
5.540800000000e+07 -9.326840000000e-01 3.458730000000e+01
5.644500000000e+07 -7.681020000000e-01 3.393320000000e+01
5.750100000000e+07 -6.066220000000e-01 3.329180000000e+01
5.857600000000e+07 -4.500430000000e-01 3.266540000000e+01
5.967200000000e+07 -2.982070000000e-01 3.205290000000e+01
6.078800000000e+07 -1.519040000000e-01 3.145200000000e+01
6.192500000000e+07 -8.608830000000e-03 3.086410000000e+01
6.308400000000e+07 1.289830000000e-01 3.029220000000e+01
6.426400000000e+07 2.628820000000e-01 2.972800000000e+01
6.546600000000e+07 3.921570000000e-01 2.917870000000e+01
6.669100000000e+07 5.173350000000e-01 2.864040000000e+01
6.793800000000e+07 6.388940000000e-01 2.811370000000e+01
6.920900000000e+07 7.561550000000e-01 2.759980000000e+01
7.050400000000e+07 8.709230000000e-01 2.709510000000e+01
7.182300000000e+07 9.793430000000e-01 2.660180000000e+01
7.316600000000e+07 1.088170000000e+00 2.611820000000e+01
7.453500000000e+07 1.190880000000e+00 2.564520000000e+01
7.592900000000e+07 1.291870000000e+00 2.518340000000e+01
7.735000000000e+07 1.387900000000e+00 2.472960000000e+01
7.879700000000e+07 1.481980000000e+00 2.428810000000e+01
8.027100000000e+07 1.572640000000e+00 2.385410000000e+01
8.177200000000e+07 1.660450000000e+00 2.343010000000e+01
8.330200000000e+07 1.745170000000e+00 2.301500000000e+01
8.486000000000e+07 1.827330000000e+00 2.261010000000e+01
8.644800000000e+07 1.905760000000e+00 2.221060000000e+01
8.806500000000e+07 1.981940000000e+00 2.182110000000e+01
8.971200000000e+07 2.056050000000e+00 2.144290000000e+01
9.139000000000e+07 2.126090000000e+00 2.106950000000e+01
9.310000000000e+07 2.194050000000e+00 2.070480000000e+01
9.484200000000e+07 2.261230000000e+00 2.034830000000e+01
9.661600000000e+07 2.322670000000e+00 2.000020000000e+01
9.842300000000e+07 2.385460000000e+00 1.966160000000e+01
1.002600000000e+08 2.443580000000e+00 1.932950000000e+01
1.021400000000e+08 2.501440000000e+00 1.900250000000e+01
1.040500000000e+08 2.555230000000e+00 1.868670000000e+01
1.060000000000e+08 2.608220000000e+00 1.837560000000e+01
1.079800000000e+08 2.658600000000e+00 1.807370000000e+01
1.100000000000e+08 2.707620000000e+00 1.777490000000e+01