4.000000000000e+01 3.752450000000e+03 -2.988660000000e+02
4.074800000000e+01 4.492230000000e+03 -9.978900000000e+01
4.151100000000e+01 4.188910000000e+03 -3.141900000000e+02
4.228700000000e+01 5.444490000000e+03 -1.495250000000e+02
4.307800000000e+01 3.114720000000e+03 -1.345080000000e+01
4.388400000000e+01 4.182080000000e+03 -2.501770000000e+01
4.470500000000e+01 5.538490000000e+03 -2.817370000000e+02
4.554100000000e+01 4.164370000000e+03 2.415200000000e+02
4.639300000000e+01 3.465660000000e+03 -1.413310000000e+02
4.726100000000e+01 3.761560000000e+03 5.510680000000e+02
4.814500000000e+01 4.177440000000e+03 -3.171380000000e+02
4.904600000000e+01 4.107450000000e+03 -7.001410000000e+02
4.996300000000e+01 4.302100000000e+03 -9.410060000000e+02
5.089800000000e+01 4.392210000000e+03 4.867250000000e+02
5.185000000000e+01 4.167270000000e+03 7.881460000000e+01
5.282000000000e+01 4.273760000000e+03 3.287140000000e+02
5.380800000000e+01 4.605730000000e+03 -6.160740000000e+02
5.481500000000e+01 4.221170000000e+03 1.917570000000e+02
5.584000000000e+01 3.759960000000e+03 -3.777480000000e+02
5.688500000000e+01 3.692590000000e+03 -1.131190000000e+02
5.794900000000e+01 3.868930000000e+03 2.803240000000e+02
5.903300000000e+01 3.905820000000e+03 4.976590000000e+01
6.013700000000e+01 3.657780000000e+03 2.594750000000e+02
6.126200000000e+01 4.183330000000e+03 3.629000000000e+02
6.240800000000e+01 4.227860000000e+03 -1.495310000000e+02
6.357500000000e+01 3.639240000000e+03 2.876560000000e+02
6.476500000000e+01 4.660470000000e+03 1.326310000000e+02
6.597600000000e+01 4.370280000000e+03 -3.810370000000e+02
6.721000000000e+01 4.025320000000e+03 -3.760070000000e+02
6.846800000000e+01 3.990140000000e+03 -1.429780000000e+02
6.974900000000e+01 4.061210000000e+03 -2.632140000000e+02
7.105300000000e+01 3.967570000000e+03 2.460790000000e+01
7.238200000000e+01 4.208070000000e+03 7.724340000000e+01
7.373600000000e+01 4.226440000000e+03 1.115320000000e+02
7.511600000000e+01 4.391560000000e+03 -2.029960000000e+02
7.652100000000e+01 4.245460000000e+03 5.765520000000e+01
7.795200000000e+01 3.989290000000e+03 2.280820000000e+02
7.941100000000e+01 3.976750000000e+03 -6.029330000000e+01
8.089600000000e+01 4.101740000000e+03 3.920640000000e+01
8.241000000000e+01 3.876860000000e+03 -3.289820000000e+02
8.395100000000e+01 3.929800000000e+03 -3.441340000000e+02
8.552200000000e+01 4.024440000000e+03 -8.534450000000e+01
8.712100000000e+01 4.230360000000e+03 6.044160000000e+01
8.875100000000e+01 4.213630000000e+03 1.511920000000e+01
9.041100000000e+01 4.135330000000e+03 -9.669550000000e+00
9.210300000000e+01 4.113040000000e+03 -4.315510000000e+01
9.382600000000e+01 4.006560000000e+03 2.039040000000e+02
9.558100000000e+01 4.213530000000e+03 1.855890000000e+02
9.736900000000e+01 3.927450000000e+03 6.953170000000e+01
9.919000000000e+01 4.090490000000e+03 2.134770000000e+02
1.010500000000e+02 4.104340000000e+03 -7.766230000000e+01
1.029400000000e+02 3.837960000000e+03 8.986410000000e+00
1.048600000000e+02 4.025240000000e+03 -4.401240000000e+01
1.068200000000e+02 4.289150000000e+03 2.026060000000e+02
1.088200000000e+02 4.056950000000e+03 -5.838490000000e+01
1.108600000000e+02 4.279460000000e+03 -1.244330000000e+02
1.129300000000e+02 4.025850000000e+03 8.812570000000e+01
1.150400000000e+02 4.125380000000e+03 -3.145790000000e+01
1.172000000000e+02 4.119710000000e+03 2.103360000000e+02
1.193900000000e+02 4.004920000000e+03 -9.425600000000e+01
1.216200000000e+02 4.064550000000e+03 -2.044470000000e+02
1.239000000000e+02 3.892620000000e+03 8.557410000000e+01
1.262100000000e+02 4.152220000000e+03 -1.127620000000e+01
1.285800000000e+02 4.080700000000e+03 5.107260000000e+01
1.309800000000e+02 4.138300000000e+03 -6.946200000000e+01
1.334300000000e+02 4.234000000000e+03 1.503150000000e+02
1.359300000000e+02 3.991400000000e+03 -1.166640000000e+01
1.384700000000e+02 3.968270000000e+03 -6.152020000000e+01
1.410600000000e+02 4.124940000000e+03 -3.696940000000e+01
1.437000000000e+02 3.943550000000e+03 -1.472830000000e+02
1.463900000000e+02 4.118530000000e+03 3.701220000000e+01
1.491300000000e+02 4.136950000000e+03 6.809730000000e+01
1.519200000000e+02 4.226220000000e+03 -9.167160000000e+01
1.547600000000e+02 4.004070000000e+03 -4.860740000000e+00
1.576500000000e+02 4.078970000000e+03 -8.588940000000e+01
1.606000000000e+02 4.010170000000e+03 7.253840000000e+01
1.636100000000e+02 4.316080000000e+03 -8.996800000000e+01
1.666700000000e+02 4.145010000000e+03 8.880410000000e+01
1.697800000000e+02 4.277820000000e+03 -9.897270000000e+01
1.729600000000e+02 4.281700000000e+03 -5.789220000000e+01
1.762000000000e+02 4.030720000000e+03 -4.898140000000e+01
1.794900000000e+02 4.068410000000e+03 -3.528390000000e+01
1.828500000000e+02 4.147660000000e+03 1.139690000000e+02
1.862700000000e+02 3.896260000000e+03 -2.745080000000e+01
1.897500000000e+02 4.077630000000e+03 5.453750000000e+01
1.933000000000e+02 4.012080000000e+03 8.366960000000e+01
1.969200000000e+02 3.969130000000e+03 -5.719780000000e+01
2.006000000000e+02 4.193760000000e+03 -2.812490000000e+01
2.043600000000e+02 4.092650000000e+03 2.755770000000e+01
2.081800000000e+02 4.054330000000e+03 3.720880000000e+01
2.120700000000e+02 4.083280000000e+03 -9.682810000000e+01
2.160400000000e+02 4.089620000000e+03 1.350450000000e+02
2.200800000000e+02 4.004150000000e+03 5.940040000000e+01
2.242000000000e+02 3.984380000000e+03 3.087740000000e+01
2.283900000000e+02 4.066730000000e+03 5.465760000000e+01
2.326700000000e+02 4.058770000000e+03 -2.324340000000e+01
2.370200000000e+02 4.113170000000e+03 8.363320000000e+01
2.414500000000e+02 4.084950000000e+03 4.673310000000e+01
2.459700000000e+02 4.071170000000e+03 -1.667590000000e+02
2.505700000000e+02 4.130920000000e+03 -8.077400000000e+01
2.552600000000e+02 4.043120000000e+03 1.640750000000e+01
2.600300000000e+02 4.104580000000e+03 -1.954680000000e+00
2.649000000000e+02 4.127930000000e+03 -1.377660000000e+01
2.698500000000e+02 4.105510000000e+03 1.427730000000e+01
2.749000000000e+02 4.048640000000e+03 -1.445880000000e+01
2.800400000000e+02 3.981830000000e+03 -9.517910000000e+01
2.852800000000e+02 4.155800000000e+03 -2.815040000000e+00
2.906200000000e+02 4.054280000000e+03 -1.175280000000e+01
2.960500000000e+02 4.039150000000e+03 3.056010000000e+01
3.015900000000e+02 4.075120000000e+03 -5.794130000000e+01
3.072300000000e+02 4.023830000000e+03 7.328910000000e+01
3.129800000000e+02 4.107430000000e+03 -2.371020000000e+00
3.188400000000e+02 4.101890000000e+03 -2.423090000000e+00
3.248000000000e+02 4.034110000000e+03 -3.661840000000e+00
3.308800000000e+02 3.995000000000e+03 -1.585290000000e+01
3.370700000000e+02 4.058160000000e+03 -2.988700000000e+01
3.433700000000e+02 4.101750000000e+03 1.832560000000e+01
3.497900000000e+02 4.087740000000e+03 -3.580410000000e+01
3.563400000000e+02 4.082460000000e+03 -3.537420000000e+01
3.630000000000e+02 4.067050000000e+03 -3.262480000000e+01
3.697900000000e+02 4.097800000000e+03 2.930430000000e+01
3.767100000000e+02 4.045990000000e+03 3.866950000000e+01
3.837600000000e+02 4.069510000000e+03 1.925770000000e+01
3.909400000000e+02 4.104490000000e+03 -3.182730000000e+01
3.982500000000e+02 4.084360000000e+03 3.956440000000e+00
4.057000000000e+02 4.078310000000e+03 6.955740000000e+01
4.132900000000e+02 4.056690000000e+03 -5.017700000000e+00
4.210200000000e+02 4.036070000000e+03 3.281300000000e+01
4.289000000000e+02 4.089570000000e+03 5.977480000000e+01
4.369200000000e+02 4.089430000000e+03 -2.824530000000e+01
4.450900000000e+02 4.065790000000e+03 1.845410000000e+01
4.534200000000e+02 4.119530000000e+03 -1.282400000000e+01
4.619000000000e+02 4.075120000000e+03 1.168630000000e+01
4.705400000000e+02 4.083910000000e+03 4.873840000000e+01
4.793500000000e+02 4.072220000000e+03 1.408140000000e+01
4.883100000000e+02 4.096330000000e+03 6.066290000000e+01
4.974500000000e+02 4.118750000000e+03 1.293550000000e+01
5.067500000000e+02 4.072480000000e+03 1.033100000000e+01
5.162300000000e+02 4.087730000000e+03 -4.076210000000e+00
5.258900000000e+02 4.062060000000e+03 8.601900000000e+00
5.357300000000e+02 4.064790000000e+03 2.552150000000e+01
5.457500000000e+02 4.060870000000e+03 1.050540000000e+01
5.559600000000e+02 4.083810000000e+03 -3.653260000000e+01
5.663600000000e+02 4.102010000000e+03 6.102610000000e-01
5.769500000000e+02 4.078500000000e+03 6.712990000000e+00
5.877500000000e+02 4.083690000000e+03 -2.170600000000e+01
5.987400000000e+02 4.079630000000e+03 -8.200460000000e+00
6.099400000000e+02 4.079750000000e+03 1.124980000000e+01
6.213500000000e+02 4.083300000000e+03 -8.147460000000e+00
6.329700000000e+02 4.064480000000e+03 3.004830000000e+01
6.448200000000e+02 4.114110000000e+03 3.647990000000e+01
6.568800000000e+02 4.076050000000e+03 4.582280000000e+01
6.691700000000e+02 4.108310000000e+03 3.884400000000e+01
6.816800000000e+02 4.044510000000e+03 6.949200000000e+00
6.944400000000e+02 4.088630000000e+03 -9.558890000000e+00
7.074300000000e+02 4.066250000000e+03 1.800520000000e+01
7.206600000000e+02 4.080700000000e+03 9.352170000000e+00
7.341400000000e+02 4.077830000000e+03 2.118560000000e+00
7.478700000000e+02 4.089920000000e+03 1.979080000000e+01
7.618600000000e+02 4.077390000000e+03 2.054820000000e+00
7.761200000000e+02 4.079100000000e+03 2.725660000000e+01
7.906300000000e+02 4.068670000000e+03 1.675330000000e+01
8.054300000000e+02 4.067470000000e+03 4.064030000000e+01
8.204900000000e+02 4.076670000000e+03 2.973490000000e+01
8.358400000000e+02 4.076100000000e+03 3.232670000000e+01
8.514800000000e+02 4.065770000000e+03 1.932870000000e+01
8.674000000000e+02 4.079960000000e+03 3.047070000000e+00
8.836300000000e+02 4.076920000000e+03 3.367300000000e+01
9.001600000000e+02 4.081270000000e+03 3.009590000000e+01
9.170000000000e+02 4.069070000000e+03 3.080690000000e+01
9.341500000000e+02 4.077750000000e+03 1.780310000000e+01
9.516300000000e+02 4.066360000000e+03 7.573690000000e+00
9.694300000000e+02 4.081240000000e+03 4.560390000000e+01
9.875700000000e+02 4.071120000000e+03 -2.408670000000e+00
1.006000000000e+03 4.078780000000e+03 2.592910000000e+01
1.024900000000e+03 4.063600000000e+03 7.022330000000e+00
1.044000000000e+03 4.084630000000e+03 1.770200000000e+01
1.063600000000e+03 4.071520000000e+03 1.979390000000e+01
1.083500000000e+03 4.070970000000e+03 3.037930000000e+01
1.103700000000e+03 4.084310000000e+03 2.322860000000e+01
1.124400000000e+03 4.056450000000e+03 1.285610000000e+01
1.145400000000e+03 4.063800000000e+03 1.764360000000e+01
1.166800000000e+03 4.071940000000e+03 2.993550000000e+01
1.188700000000e+03 4.071100000000e+03 3.319800000000e+01
1.210900000000e+03 4.084750000000e+03 4.377150000000e+01
1.233500000000e+03 4.068420000000e+03 2.876180000000e+01
1.256600000000e+03 4.060500000000e+03 2.066920000000e+01
1.280100000000e+03 4.064520000000e+03 2.631710000000e+01
1.304100000000e+03 4.074830000000e+03 2.197420000000e+01
1.328500000000e+03 4.063250000000e+03 3.398200000000e+01
1.353300000000e+03 4.066570000000e+03 2.991890000000e+01
1.378600000000e+03 4.070700000000e+03 3.495180000000e+01
1.404400000000e+03 4.072030000000e+03 2.454520000000e+01
1.430700000000e+03 4.075680000000e+03 3.064500000000e+01
1.457500000000e+03 4.056940000000e+03 3.755830000000e+01
1.484700000000e+03 4.059500000000e+03 2.299170000000e+01
1.512500000000e+03 4.066980000000e+03 3.223390000000e+01
1.540800000000e+03 4.071650000000e+03 1.949580000000e+01
1.569600000000e+03 4.075890000000e+03 2.639170000000e+01
1.599000000000e+03 4.062530000000e+03 2.397380000000e+01
1.628900000000e+03 4.073500000000e+03 2.920030000000e+01
1.659400000000e+03 4.067320000000e+03 3.285380000000e+01
1.690400000000e+03 4.063380000000e+03 3.048330000000e+01
1.722000000000e+03 4.070630000000e+03 2.700180000000e+01
1.754200000000e+03 4.068600000000e+03 3.204610000000e+01
1.787100000000e+03 4.063890000000e+03 3.399310000000e+01
1.820500000000e+03 4.069170000000e+03 2.681950000000e+01
1.854500000000e+03 4.073260000000e+03 2.467790000000e+01
1.889200000000e+03 4.070980000000e+03 3.510470000000e+01
1.924600000000e+03 4.067750000000e+03 2.669990000000e+01
1.960600000000e+03 4.068420000000e+03 3.058570000000e+01
1.997300000000e+03 4.070060000000e+03 2.455240000000e+01
2.034600000000e+03 4.067130000000e+03 3.171160000000e+01
2.072700000000e+03 4.070130000000e+03 2.144240000000e+01
2.111500000000e+03 4.067360000000e+03 3.382080000000e+01
2.151000000000e+03 4.067550000000e+03 1.651250000000e+01
2.191200000000e+03 4.066620000000e+03 3.082780000000e+01
2.232200000000e+03 4.067070000000e+03 2.320280000000e+01
2.273900000000e+03 4.072700000000e+03 2.702430000000e+01
2.316500000000e+03 4.076610000000e+03 3.232860000000e+01
2.359800000000e+03 4.057830000000e+03 3.404870000000e+01
2.404000000000e+03 4.065990000000e+03 2.856830000000e+01
2.448900000000e+03 4.067190000000e+03 3.387670000000e+01
2.494700000000e+03 4.068040000000e+03 3.177560000000e+01
2.541400000000e+03 4.072220000000e+03 2.996770000000e+01
2.588900000000e+03 4.061000000000e+03 2.806320000000e+01
2.637400000000e+03 4.067280000000e+03 2.652580000000e+01
2.686700000000e+03 4.064600000000e+03 2.992860000000e+01
2.737000000000e+03 4.069450000000e+03 3.063400000000e+01
2.788200000000e+03 4.065910000000e+03 3.001310000000e+01
2.840300000000e+03 4.067050000000e+03 2.996360000000e+01
2.893500000000e+03 4.064060000000e+03 3.683610000000e+01
2.947600000000e+03 4.066830000000e+03 3.248370000000e+01
3.002700000000e+03 4.068160000000e+03 2.784200000000e+01
3.058900000000e+03 4.068810000000e+03 3.278060000000e+01
3.116100000000e+03 4.071680000000e+03 3.091310000000e+01
3.174400000000e+03 4.072990000000e+03 3.406010000000e+01
3.233800000000e+03 4.067870000000e+03 3.171500000000e+01
3.294300000000e+03 4.061190000000e+03 3.499590000000e+01
3.355900000000e+03 4.067850000000e+03 3.331150000000e+01
3.418700000000e+03 4.065810000000e+03 3.096010000000e+01
3.482600000000e+03 4.069270000000e+03 3.741790000000e+01
3.547800000000e+03 4.063660000000e+03 3.660990000000e+01
3.614200000000e+03 4.067660000000e+03 3.205310000000e+01
3.681800000000e+03 4.062500000000e+03 3.396880000000e+01
3.750600000000e+03 4.064080000000e+03 3.700740000000e+01
3.820800000000e+03 4.064450000000e+03 3.249620000000e+01
3.892300000000e+03 4.068840000000e+03 3.263580000000e+01
3.965100000000e+03 4.065810000000e+03 3.429010000000e+01
4.039300000000e+03 4.062970000000e+03 3.415100000000e+01
4.114800000000e+03 4.063870000000e+03 3.194570000000e+01
4.191800000000e+03 4.064030000000e+03 3.317290000000e+01
4.270200000000e+03 4.062990000000e+03 3.576330000000e+01
4.350100000000e+03 4.061290000000e+03 3.709980000000e+01
4.431500000000e+03 4.063450000000e+03 3.623480000000e+01
4.514400000000e+03 4.064810000000e+03 3.457630000000e+01
4.598800000000e+03 4.064240000000e+03 3.796260000000e+01
4.684800000000e+03 4.064620000000e+03 3.645640000000e+01
4.772500000000e+03 4.066050000000e+03 3.872160000000e+01
4.861800000000e+03 4.062120000000e+03 3.702350000000e+01
4.952700000000e+03 4.060200000000e+03 3.509400000000e+01
5.045400000000e+03 4.064350000000e+03 3.666750000000e+01
5.139700000000e+03 4.063770000000e+03 3.491480000000e+01
5.235900000000e+03 4.063400000000e+03 3.650020000000e+01
5.333800000000e+03 4.063200000000e+03 4.047300000000e+01
5.433600000000e+03 4.065420000000e+03 3.974270000000e+01
5.535300000000e+03 4.061170000000e+03 3.909150000000e+01
5.638800000000e+03 4.061410000000e+03 3.884990000000e+01
5.744300000000e+03 4.065000000000e+03 4.025470000000e+01
5.851700000000e+03 4.061990000000e+03 4.036530000000e+01
5.961200000000e+03 4.064140000000e+03 3.859730000000e+01
6.072700000000e+03 4.061960000000e+03 3.894990000000e+01
6.186300000000e+03 4.064320000000e+03 4.064690000000e+01
6.302100000000e+03 4.061590000000e+03 3.991460000000e+01
6.419900000000e+03 4.063230000000e+03 4.135310000000e+01
6.540000000000e+03 4.063970000000e+03 3.987860000000e+01
6.662400000000e+03 4.061320000000e+03 4.119060000000e+01
6.787000000000e+03 4.061700000000e+03 4.172700000000e+01
6.914000000000e+03 4.062520000000e+03 4.369230000000e+01
7.043300000000e+03 4.062150000000e+03 4.125210000000e+01
7.175100000000e+03 4.064750000000e+03 4.254440000000e+01
7.309300000000e+03 4.059560000000e+03 4.083140000000e+01
7.446000000000e+03 4.062630000000e+03 4.253240000000e+01
7.585300000000e+03 4.061800000000e+03 4.349220000000e+01
7.727200000000e+03 4.062340000000e+03 4.338940000000e+01
7.871800000000e+03 4.061070000000e+03 4.387860000000e+01
8.019000000000e+03 4.062120000000e+03 4.386420000000e+01
8.169000000000e+03 4.059460000000e+03 4.392240000000e+01
8.321800000000e+03 4.060660000000e+03 4.490790000000e+01
8.477500000000e+03 4.062690000000e+03 4.782440000000e+01
8.636100000000e+03 4.062650000000e+03 4.622450000000e+01
8.797700000000e+03 4.063800000000e+03 4.669850000000e+01
8.962200000000e+03 4.061770000000e+03 4.752570000000e+01
9.129900000000e+03 4.060620000000e+03 4.741430000000e+01
9.300700000000e+03 4.061350000000e+03 4.696550000000e+01
9.474700000000e+03 4.061680000000e+03 4.894830000000e+01
9.651900000000e+03 4.060870000000e+03 4.673210000000e+01
9.832500000000e+03 4.061230000000e+03 4.849260000000e+01
1.001600000000e+04 4.058910000000e+03 5.094020000000e+01
1.020400000000e+04 4.061010000000e+03 5.073590000000e+01
1.039500000000e+04 4.061080000000e+03 5.009900000000e+01
1.058900000000e+04 4.061430000000e+03 5.037250000000e+01
1.078700000000e+04 4.060450000000e+03 5.176240000000e+01
1.098900000000e+04 4.061210000000e+03 5.337890000000e+01
1.119500000000e+04 4.059580000000e+03 5.193440000000e+01
1.140400000000e+04 4.060530000000e+03 5.235810000000e+01
1.161700000000e+04 4.061430000000e+03 5.118460000000e+01
1.183500000000e+04 4.060660000000e+03 5.449690000000e+01
1.205600000000e+04 4.061640000000e+03 5.417250000000e+01
1.228200000000e+04 4.059800000000e+03 5.459840000000e+01
1.251100000000e+04 4.060180000000e+03 5.499910000000e+01
1.274500000000e+04 4.061710000000e+03 5.647220000000e+01
1.298400000000e+04 4.060010000000e+03 5.655620000000e+01
1.322700000000e+04 4.061290000000e+03 5.863130000000e+01
1.347400000000e+04 4.061740000000e+03 5.805900000000e+01
1.372600000000e+04 4.059520000000e+03 5.741820000000e+01
1.398300000000e+04 4.061710000000e+03 5.782340000000e+01
1.424400000000e+04 4.060660000000e+03 5.922100000000e+01
1.451100000000e+04 4.061770000000e+03 5.987010000000e+01
1.478200000000e+04 4.060260000000e+03 6.010520000000e+01
1.505900000000e+04 4.059980000000e+03 6.083850000000e+01
1.534100000000e+04 4.060210000000e+03 6.134230000000e+01
1.562800000000e+04 4.060680000000e+03 6.323590000000e+01
1.592000000000e+04 4.061190000000e+03 6.321010000000e+01
1.621800000000e+04 4.060400000000e+03 6.210380000000e+01
1.652100000000e+04 4.061500000000e+03 6.458770000000e+01
1.683000000000e+04 4.061380000000e+03 6.503630000000e+01
1.714500000000e+04 4.061340000000e+03 6.571440000000e+01
1.746600000000e+04 4.061590000000e+03 6.715950000000e+01
1.779200000000e+04 4.061980000000e+03 6.674200000000e+01
1.812500000000e+04 4.062020000000e+03 6.814120000000e+01
1.846400000000e+04 4.062720000000e+03 6.843170000000e+01
1.881000000000e+04 4.061910000000e+03 6.942590000000e+01
1.916200000000e+04 4.062640000000e+03 7.007420000000e+01
1.952000000000e+04 4.062950000000e+03 6.983420000000e+01
1.988500000000e+04 4.062040000000e+03 7.058140000000e+01
2.025700000000e+04 4.063230000000e+03 7.278500000000e+01
2.063600000000e+04 4.062780000000e+03 7.228910000000e+01
2.102200000000e+04 4.063250000000e+03 7.380710000000e+01
2.141500000000e+04 4.062960000000e+03 7.514980000000e+01
2.181600000000e+04 4.063830000000e+03 7.616210000000e+01
2.222400000000e+04 4.063090000000e+03 7.674080000000e+01
2.264000000000e+04 4.063630000000e+03 7.791790000000e+01
2.306300000000e+04 4.063590000000e+03 7.865870000000e+01
2.349500000000e+04 4.063520000000e+03 7.946660000000e+01
2.393400000000e+04 4.063700000000e+03 8.127350000000e+01
2.438200000000e+04 4.064410000000e+03 8.151500000000e+01
2.483800000000e+04 4.063870000000e+03 8.260710000000e+01
2.530300000000e+04 4.064560000000e+03 8.345740000000e+01
2.577600000000e+04 4.065190000000e+03 8.451300000000e+01
2.625800000000e+04 4.065560000000e+03 8.596430000000e+01
2.675000000000e+04 4.064730000000e+03 8.700040000000e+01
2.725000000000e+04 4.065330000000e+03 8.818140000000e+01
2.776000000000e+04 4.065210000000e+03 8.913420000000e+01
2.827900000000e+04 4.065520000000e+03 9.019300000000e+01
2.880800000000e+04 4.066010000000e+03 9.153260000000e+01
2.934700000000e+04 4.066950000000e+03 9.250870000000e+01
2.989600000000e+04 4.067230000000e+03 9.345290000000e+01
3.045500000000e+04 4.066690000000e+03 9.510550000000e+01
3.102500000000e+04 4.067590000000e+03 9.685170000000e+01
3.160500000000e+04 4.067940000000e+03 9.734350000000e+01
3.219700000000e+04 4.067940000000e+03 9.862250000000e+01
3.279900000000e+04 4.068440000000e+03 9.976980000000e+01
3.341200000000e+04 4.068190000000e+03 1.015920000000e+02
3.403700000000e+04 4.069490000000e+03 1.028860000000e+02
3.467400000000e+04 4.069120000000e+03 1.047890000000e+02
3.532300000000e+04 4.069930000000e+03 1.055880000000e+02
3.598400000000e+04 4.070550000000e+03 1.064550000000e+02
3.665700000000e+04 4.070500000000e+03 1.079850000000e+02
3.734200000000e+04 4.071070000000e+03 1.096810000000e+02
3.804100000000e+04 4.071500000000e+03 1.111150000000e+02
3.875300000000e+04 4.072150000000e+03 1.124930000000e+02
3.947800000000e+04 4.072460000000e+03 1.145020000000e+02
4.021600000000e+04 4.072890000000e+03 1.159360000000e+02
4.096800000000e+04 4.073370000000e+03 1.177350000000e+02
4.173500000000e+04 4.074070000000e+03 1.188430000000e+02
4.251500000000e+04 4.074740000000e+03 1.209900000000e+02
4.331100000000e+04 4.075640000000e+03 1.229320000000e+02
4.412100000000e+04 4.076750000000e+03 1.245610000000e+02
4.494600000000e+04 4.077410000000e+03 1.270160000000e+02
4.578700000000e+04 4.078150000000e+03 1.281400000000e+02
4.664400000000e+04 4.079000000000e+03 1.302030000000e+02
4.751600000000e+04 4.079830000000e+03 1.320170000000e+02
4.840500000000e+04 4.080200000000e+03 1.345040000000e+02
4.931100000000e+04 4.080960000000e+03 1.360030000000e+02
5.023300000000e+04 4.081870000000e+03 1.379480000000e+02
5.117300000000e+04 4.082870000000e+03 1.398370000000e+02
5.213000000000e+04 4.083610000000e+03 1.428540000000e+02
5.310500000000e+04 4.084910000000e+03 1.451640000000e+02
5.409900000000e+04 4.085930000000e+03 1.471450000000e+02
5.511100000000e+04 4.087110000000e+03 1.499420000000e+02
5.614100000000e+04 4.088680000000e+03 1.523590000000e+02
5.719200000000e+04 4.090010000000e+03 1.544730000000e+02
5.826200000000e+04 4.091230000000e+03 1.570840000000e+02
5.935100000000e+04 4.092510000000e+03 1.592050000000e+02
6.046200000000e+04 4.093990000000e+03 1.619680000000e+02
6.159300000000e+04 4.095400000000e+03 1.650300000000e+02
6.274500000000e+04 4.097080000000e+03 1.671770000000e+02
6.391900000000e+04 4.098700000000e+03 1.700140000000e+02
6.511400000000e+04 4.100030000000e+03 1.731750000000e+02
6.633200000000e+04 4.102280000000e+03 1.759750000000e+02
6.757300000000e+04 4.103890000000e+03 1.789580000000e+02
6.883700000000e+04 4.105810000000e+03 1.824310000000e+02
7.012500000000e+04 4.107880000000e+03 1.852330000000e+02
7.143700000000e+04 4.110010000000e+03 1.885800000000e+02
7.277300000000e+04 4.112180000000e+03 1.917830000000e+02
7.413500000000e+04 4.115080000000e+03 1.949120000000e+02
7.552100000000e+04 4.117860000000e+03 1.981950000000e+02
7.693400000000e+04 4.120010000000e+03 2.020130000000e+02
7.837300000000e+04 4.122650000000e+03 2.058340000000e+02
7.984000000000e+04 4.125350000000e+03 2.094020000000e+02
8.133300000000e+04 4.127850000000e+03 2.137860000000e+02
8.285500000000e+04 4.130800000000e+03 2.179300000000e+02
8.440400000000e+04 4.133900000000e+03 2.218660000000e+02
8.598300000000e+04 4.137340000000e+03 2.261460000000e+02
8.759200000000e+04 4.140640000000e+03 2.307530000000e+02
8.923000000000e+04 4.144800000000e+03 2.353210000000e+02
9.090000000000e+04 4.148400000000e+03 2.397790000000e+02
9.260000000000e+04 4.152180000000e+03 2.447230000000e+02
9.433200000000e+04 4.156410000000e+03 2.497120000000e+02
9.609700000000e+04 4.160130000000e+03 2.550700000000e+02
9.789500000000e+04 4.164520000000e+03 2.603580000000e+02
9.972600000000e+04 4.168940000000e+03 2.660910000000e+02
1.015900000000e+05 4.173460000000e+03 2.717060000000e+02
1.034900000000e+05 4.178700000000e+03 2.776580000000e+02
1.054300000000e+05 4.183550000000e+03 2.836210000000e+02
1.074000000000e+05 4.188970000000e+03 2.901180000000e+02
1.094100000000e+05 4.194450000000e+03 2.966750000000e+02
1.114600000000e+05 4.200760000000e+03 3.032480000000e+02
1.135400000000e+05 4.207010000000e+03 3.102940000000e+02
1.156600000000e+05 4.213360000000e+03 3.175500000000e+02
1.178300000000e+05 4.219310000000e+03 3.249970000000e+02
1.200300000000e+05 4.226040000000e+03 3.328450000000e+02
1.222800000000e+05 4.232860000000e+03 3.410400000000e+02
1.245700000000e+05 4.240030000000e+03 3.496100000000e+02
1.269000000000e+05 4.247650000000e+03 3.581030000000e+02
1.292700000000e+05 4.255620000000e+03 3.673950000000e+02
1.316900000000e+05 4.263610000000e+03 3.765820000000e+02
1.341500000000e+05 4.272440000000e+03 3.865490000000e+02
1.366600000000e+05 4.281160000000e+03 3.966090000000e+02
1.392200000000e+05 4.290180000000e+03 4.073470000000e+02
1.418200000000e+05 4.299880000000e+03 4.187680000000e+02
1.444700000000e+05 4.309880000000e+03 4.303770000000e+02
1.471800000000e+05 4.320560000000e+03 4.423990000000e+02
1.499300000000e+05 4.331180000000e+03 4.552440000000e+02
1.527400000000e+05 4.342170000000e+03 4.684240000000e+02
1.555900000000e+05 4.353830000000e+03 4.826200000000e+02
1.585000000000e+05 4.365610000000e+03 4.972400000000e+02
1.614700000000e+05 4.377080000000e+03 5.129250000000e+02
1.644900000000e+05 4.389860000000e+03 5.289180000000e+02
1.675700000000e+05 4.403020000000e+03 5.464380000000e+02
1.707000000000e+05 4.416580000000e+03 5.639790000000e+02
1.738900000000e+05 4.430610000000e+03 5.829730000000e+02
1.771500000000e+05 4.445020000000e+03 6.024750000000e+02
1.804600000000e+05 4.459940000000e+03 6.234100000000e+02
1.838400000000e+05 4.475240000000e+03 6.448450000000e+02
1.872700000000e+05 4.491140000000e+03 6.682390000000e+02
1.907800000000e+05 4.507360000000e+03 6.925470000000e+02
1.943500000000e+05 4.523550000000e+03 7.185360000000e+02
1.979800000000e+05 4.540470000000e+03 7.470620000000e+02
2.016900000000e+05 4.556770000000e+03 7.748800000000e+02
2.054600000000e+05 4.574530000000e+03 8.056860000000e+02
2.093000000000e+05 4.592170000000e+03 8.380750000000e+02
2.132200000000e+05 4.610280000000e+03 8.721600000000e+02
2.172100000000e+05 4.628290000000e+03 9.091170000000e+02
2.212700000000e+05 4.643580000000e+03 9.460090000000e+02
2.254100000000e+05 4.662280000000e+03 9.855820000000e+02
2.296300000000e+05 4.679990000000e+03 1.027870000000e+03
2.339200000000e+05 4.697390000000e+03 1.072930000000e+03
2.383000000000e+05 4.714530000000e+03 1.120220000000e+03
2.427500000000e+05 4.730900000000e+03 1.169820000000e+03
2.473000000000e+05 4.746040000000e+03 1.222500000000e+03
2.519200000000e+05 4.760870000000e+03 1.277890000000e+03
2.566300000000e+05 4.774750000000e+03 1.335900000000e+03
2.614400000000e+05 4.786980000000e+03 1.397470000000e+03
2.663300000000e+05 4.797370000000e+03 1.461610000000e+03
2.713100000000e+05 4.806560000000e+03 1.529320000000e+03
2.763800000000e+05 4.813470000000e+03 1.599710000000e+03
2.815500000000e+05 4.817640000000e+03 1.673970000000e+03
2.868200000000e+05 4.819290000000e+03 1.750870000000e+03
2.921900000000e+05 4.817910000000e+03 1.831380000000e+03
2.976500000000e+05 4.812970000000e+03 1.914640000000e+03
3.032200000000e+05 4.804200000000e+03 2.001090000000e+03
3.088900000000e+05 4.791490000000e+03 2.091290000000e+03
3.146700000000e+05 4.770490000000e+03 2.180020000000e+03
3.205600000000e+05 4.750800000000e+03 2.273920000000e+03
3.265500000000e+05 4.724840000000e+03 2.370120000000e+03
3.326600000000e+05 4.691980000000e+03 2.468010000000e+03
3.388900000000e+05 4.653210000000e+03 2.567100000000e+03
3.452200000000e+05 4.608630000000e+03 2.667410000000e+03
3.516800000000e+05 4.557620000000e+03 2.767490000000e+03
3.582600000000e+05 4.500100000000e+03 2.867890000000e+03
3.649600000000e+05 4.435950000000e+03 2.967340000000e+03
3.717900000000e+05 4.364910000000e+03 3.065400000000e+03
3.787500000000e+05 4.286950000000e+03 3.161750000000e+03
3.858300000000e+05 4.202800000000e+03 3.254690000000e+03
3.930500000000e+05 4.112230000000e+03 3.345420000000e+03
4.004000000000e+05 4.015210000000e+03 3.432280000000e+03
4.078900000000e+05 3.911650000000e+03 3.514780000000e+03
4.155200000000e+05 3.802940000000e+03 3.592120000000e+03
4.232900000000e+05 3.689220000000e+03 3.664060000000e+03
4.312100000000e+05 3.569640000000e+03 3.730350000000e+03
4.392800000000e+05 3.446710000000e+03 3.789620000000e+03
4.475000000000e+05 3.321420000000e+03 3.842650000000e+03
4.558700000000e+05 3.191350000000e+03 3.888700000000e+03
4.644000000000e+05 3.060950000000e+03 3.928020000000e+03
4.730800000000e+05 2.927280000000e+03 3.961670000000e+03
4.819300000000e+05 2.791670000000e+03 3.986770000000e+03
4.909500000000e+05 2.655340000000e+03 4.004620000000e+03
5.001300000000e+05 2.519000000000e+03 4.015230000000e+03
5.094900000000e+05 2.383160000000e+03 4.018890000000e+03
5.190200000000e+05 2.247950000000e+03 4.014790000000e+03
5.287300000000e+05 2.114760000000e+03 4.002780000000e+03
5.386200000000e+05 1.985890000000e+03 3.986280000000e+03
5.487000000000e+05 1.856800000000e+03 3.963980000000e+03
5.589600000000e+05 1.730510000000e+03 3.934480000000e+03
5.694200000000e+05 1.607450000000e+03 3.899340000000e+03
5.800700000000e+05 1.488340000000e+03 3.858580000000e+03
5.909200000000e+05 1.373600000000e+03 3.812840000000e+03
6.019700000000e+05 1.262450000000e+03 3.762610000000e+03
6.132300000000e+05 1.156080000000e+03 3.707920000000e+03
6.247100000000e+05 1.054340000000e+03 3.649850000000e+03
6.363900000000e+05 9.578440000000e+02 3.588110000000e+03
6.483000000000e+05 8.658570000000e+02 3.523780000000e+03
6.604200000000e+05 7.785020000000e+02 3.456940000000e+03
6.727800000000e+05 6.965660000000e+02 3.388000000000e+03
6.853600000000e+05 6.201870000000e+02 3.317510000000e+03
6.981800000000e+05 5.479280000000e+02 3.246670000000e+03
7.112500000000e+05 4.803600000000e+02 3.174580000000e+03
7.245500000000e+05 4.173980000000e+02 3.101850000000e+03
7.381000000000e+05 3.589740000000e+02 3.029290000000e+03
7.519100000000e+05 3.045170000000e+02 2.956760000000e+03
7.659800000000e+05 2.542350000000e+02 2.884390000000e+03
7.803100000000e+05 2.082120000000e+02 2.812510000000e+03
7.949000000000e+05 1.657840000000e+02 2.741960000000e+03
8.097700000000e+05 1.263960000000e+02 2.672410000000e+03
8.249200000000e+05 9.025810000000e+01 2.603710000000e+03
8.403500000000e+05 5.710600000000e+01 2.536070000000e+03
8.560700000000e+05 2.690940000000e+01 2.469910000000e+03
8.720900000000e+05 -6.828480000000e-01 2.404940000000e+03
8.884000000000e+05 -2.574810000000e+01 2.341430000000e+03
9.050200000000e+05 -4.875260000000e+01 2.279250000000e+03
9.219500000000e+05 -6.946120000000e+01 2.218510000000e+03
9.392000000000e+05 -8.829460000000e+01 2.159370000000e+03
9.567700000000e+05 -1.051500000000e+02 2.101660000000e+03
9.746700000000e+05 -1.205540000000e+02 2.045410000000e+03
9.929000000000e+05 -1.344670000000e+02 1.990640000000e+03
1.011500000000e+06 -1.468650000000e+02 1.937340000000e+03
1.030400000000e+06 -1.578540000000e+02 1.885520000000e+03
1.049700000000e+06 -1.677340000000e+02 1.835060000000e+03
1.069300000000e+06 -1.763860000000e+02 1.786100000000e+03
1.089300000000e+06 -1.842350000000e+02 1.738270000000e+03
1.109700000000e+06 -1.911430000000e+02 1.691930000000e+03
1.130400000000e+06 -1.969060000000e+02 1.646980000000e+03
1.151600000000e+06 -2.019610000000e+02 1.603170000000e+03
1.173100000000e+06 -2.062470000000e+02 1.560530000000e+03
1.195100000000e+06 -2.098690000000e+02 1.519030000000e+03
1.217400000000e+06 -2.127940000000e+02 1.478670000000e+03
1.240200000000e+06 -2.151310000000e+02 1.439520000000e+03
1.263400000000e+06 -2.169250000000e+02 1.401330000000e+03
1.287000000000e+06 -2.182540000000e+02 1.364260000000e+03
1.311100000000e+06 -2.190690000000e+02 1.328320000000e+03
1.335600000000e+06 -2.194340000000e+02 1.293450000000e+03
1.360600000000e+06 -2.193980000000e+02 1.259520000000e+03
1.386100000000e+06 -2.190530000000e+02 1.226440000000e+03
1.412000000000e+06 -2.182680000000e+02 1.194360000000e+03
1.438400000000e+06 -2.172860000000e+02 1.163100000000e+03
1.465300000000e+06 -2.157950000000e+02 1.132720000000e+03
1.492700000000e+06 -2.142120000000e+02 1.103200000000e+03
1.520700000000e+06 -2.124130000000e+02 1.074520000000e+03
1.549100000000e+06 -2.102660000000e+02 1.046670000000e+03
1.578100000000e+06 -2.079840000000e+02 1.019650000000e+03
1.607600000000e+06 -2.054850000000e+02 9.933890000000e+02
1.637700000000e+06 -2.027890000000e+02 9.678740000000e+02
1.668300000000e+06 -2.000020000000e+02 9.431080000000e+02
1.699500000000e+06 -1.970500000000e+02 9.190250000000e+02
1.731300000000e+06 -1.940140000000e+02 8.956200000000e+02
1.763700000000e+06 -1.907870000000e+02 8.728710000000e+02
1.796700000000e+06 -1.874560000000e+02 8.507900000000e+02
1.830300000000e+06 -1.841160000000e+02 8.293870000000e+02
1.864600000000e+06 -1.806640000000e+02 8.085660000000e+02
1.899400000000e+06 -1.771420000000e+02 7.884500000000e+02
1.935000000000e+06 -1.736270000000e+02 7.687830000000e+02
1.971200000000e+06 -1.700130000000e+02 7.497620000000e+02
2.008000000000e+06 -1.664290000000e+02 7.313100000000e+02
2.045600000000e+06 -1.627440000000e+02 7.133870000000e+02
2.083900000000e+06 -1.590970000000e+02 6.959770000000e+02
2.122900000000e+06 -1.554290000000e+02 6.791170000000e+02
2.162600000000e+06 -1.517800000000e+02 6.627490000000e+02
2.203000000000e+06 -1.481330000000e+02 6.468950000000e+02
2.244200000000e+06 -1.445340000000e+02 6.315240000000e+02
2.286200000000e+06 -1.409530000000e+02 6.165390000000e+02
2.329000000000e+06 -1.374050000000e+02 6.020680000000e+02
2.372500000000e+06 -1.339100000000e+02 5.880140000000e+02
2.416900000000e+06 -1.303850000000e+02 5.743890000000e+02
2.462100000000e+06 -1.269980000000e+02 5.611560000000e+02
2.508200000000e+06 -1.236370000000e+02 5.483170000000e+02
2.555100000000e+06 -1.203590000000e+02 5.358640000000e+02
2.602900000000e+06 -1.171040000000e+02 5.237980000000e+02
2.651600000000e+06 -1.139410000000e+02 5.121040000000e+02
2.701200000000e+06 -1.108640000000e+02 5.007710000000e+02
2.751700000000e+06 -1.078530000000e+02 4.897300000000e+02
2.803200000000e+06 -1.049030000000e+02 4.790220000000e+02
2.855700000000e+06 -1.020640000000e+02 4.686030000000e+02
2.909100000000e+06 -9.930380000000e+01 4.585060000000e+02
2.963500000000e+06 -9.663310000000e+01 4.487050000000e+02
3.018900000000e+06 -9.399360000000e+01 4.391940000000e+02
3.075400000000e+06 -9.150340000000e+01 4.299320000000e+02
3.132900000000e+06 -8.908490000000e+01 4.208980000000e+02
3.191600000000e+06 -8.675860000000e+01 4.121300000000e+02
3.251300000000e+06 -8.456870000000e+01 4.035930000000e+02
3.312100000000e+06 -8.244240000000e+01 3.952890000000e+02
3.374000000000e+06 -8.039040000000e+01 3.871870000000e+02
3.437200000000e+06 -7.843750000000e+01 3.792660000000e+02
3.501400000000e+06 -7.656990000000e+01 3.715570000000e+02
3.566900000000e+06 -7.477690000000e+01 3.640400000000e+02
3.633700000000e+06 -7.307920000000e+01 3.567020000000e+02
3.701600000000e+06 -7.146850000000e+01 3.495250000000e+02
3.770900000000e+06 -6.992480000000e+01 3.425020000000e+02
3.841400000000e+06 -6.845910000000e+01 3.356310000000e+02
3.913300000000e+06 -6.706270000000e+01 3.288920000000e+02
3.986500000000e+06 -6.572770000000e+01 3.222840000000e+02
4.061100000000e+06 -6.443440000000e+01 3.158360000000e+02
4.137000000000e+06 -6.320930000000e+01 3.094940000000e+02
4.214400000000e+06 -6.206360000000e+01 3.032750000000e+02
4.293300000000e+06 -6.094320000000e+01 2.971780000000e+02
4.373600000000e+06 -5.987570000000e+01 2.911840000000e+02
4.455400000000e+06 -5.886870000000e+01 2.852880000000e+02
4.538700000000e+06 -5.787740000000e+01 2.795100000000e+02
4.623700000000e+06 -5.691290000000e+01 2.738430000000e+02
4.710100000000e+06 -5.600200000000e+01 2.682710000000e+02
4.798300000000e+06 -5.510790000000e+01 2.627660000000e+02
4.888000000000e+06 -5.423770000000e+01 2.574020000000e+02
4.979500000000e+06 -5.339710000000e+01 2.520950000000e+02
5.072600000000e+06 -5.257200000000e+01 2.468620000000e+02
5.167500000000e+06 -5.175280000000e+01 2.417530000000e+02
5.264200000000e+06 -5.096190000000e+01 2.367300000000e+02
5.362600000000e+06 -5.017810000000e+01 2.318150000000e+02
5.463000000000e+06 -4.940810000000e+01 2.269580000000e+02
5.565200000000e+06 -4.866310000000e+01 2.222020000000e+02
5.669300000000e+06 -4.790070000000e+01 2.175250000000e+02
5.775300000000e+06 -4.717510000000e+01 2.129480000000e+02
5.883300000000e+06 -4.644510000000e+01 2.084310000000e+02
5.993400000000e+06 -4.572820000000e+01 2.040230000000e+02
6.105500000000e+06 -4.502630000000e+01 1.996920000000e+02
6.219700000000e+06 -4.430900000000e+01 1.954330000000e+02
6.336100000000e+06 -4.362500000000e+01 1.912770000000e+02
6.454600000000e+06 -4.293030000000e+01 1.871810000000e+02
6.575400000000e+06 -4.224930000000e+01 1.831680000000e+02
6.698400000000e+06 -4.157800000000e+01 1.792410000000e+02
6.823700000000e+06 -4.089820000000e+01 1.753950000000e+02
6.951300000000e+06 -4.022920000000e+01 1.716170000000e+02
7.081400000000e+06 -3.957420000000e+01 1.679160000000e+02
7.213800000000e+06 -3.893010000000e+01 1.642810000000e+02
7.348800000000e+06 -3.827630000000e+01 1.607350000000e+02
7.486200000000e+06 -3.763500000000e+01 1.572400000000e+02
7.626300000000e+06 -3.699720000000e+01 1.538280000000e+02
7.768900000000e+06 -3.638510000000e+01 1.504800000000e+02
7.914300000000e+06 -3.575470000000e+01 1.471990000000e+02
8.062300000000e+06 -3.513300000000e+01 1.439890000000e+02
8.213100000000e+06 -3.453330000000e+01 1.408470000000e+02
8.366800000000e+06 -3.392930000000e+01 1.377580000000e+02
8.523300000000e+06 -3.332860000000e+01 1.347490000000e+02
8.682700000000e+06 -3.274300000000e+01 1.317920000000e+02
8.845200000000e+06 -3.215620000000e+01 1.288980000000e+02
9.010600000000e+06 -3.157610000000e+01 1.260680000000e+02
9.179200000000e+06 -3.100330000000e+01 1.232840000000e+02
9.350900000000e+06 -3.044000000000e+01 1.205700000000e+02
9.525800000000e+06 -2.987390000000e+01 1.179050000000e+02
9.704000000000e+06 -2.932260000000e+01 1.152990000000e+02
9.885600000000e+06 -2.877490000000e+01 1.127470000000e+02
1.007000000000e+07 -2.822960000000e+01 1.102560000000e+02
1.025900000000e+07 -2.768620000000e+01 1.077970000000e+02
1.045100000000e+07 -2.715530000000e+01 1.053950000000e+02
1.064600000000e+07 -2.662720000000e+01 1.030620000000e+02
1.084500000000e+07 -2.610800000000e+01 1.007650000000e+02
1.104800000000e+07 -2.558880000000e+01 9.851530000000e+01
1.125500000000e+07 -2.507180000000e+01 9.632300000000e+01
1.146600000000e+07 -2.456720000000e+01 9.416710000000e+01
1.168000000000e+07 -2.406650000000e+01 9.206510000000e+01
1.189900000000e+07 -2.356840000000e+01 9.000990000000e+01
1.212100000000e+07 -2.307900000000e+01 8.799910000000e+01
1.234800000000e+07 -2.259190000000e+01 8.603520000000e+01
1.257900000000e+07 -2.211420000000e+01 8.410540000000e+01
1.281400000000e+07 -2.163880000000e+01 8.223530000000e+01
1.305400000000e+07 -2.116730000000e+01 8.039430000000e+01
1.329800000000e+07 -2.070400000000e+01 7.859570000000e+01
1.354700000000e+07 -2.024650000000e+01 7.684000000000e+01
1.380000000000e+07 -1.979360000000e+01 7.512840000000e+01
1.405800000000e+07 -1.935340000000e+01 7.345800000000e+01
1.432100000000e+07 -1.891010000000e+01 7.182360000000e+01
1.458900000000e+07 -1.847740000000e+01 7.022290000000e+01
1.486200000000e+07 -1.805060000000e+01 6.865890000000e+01
1.514000000000e+07 -1.763230000000e+01 6.714080000000e+01
1.542300000000e+07 -1.722190000000e+01 6.564790000000e+01
1.571200000000e+07 -1.681550000000e+01 6.419300000000e+01
1.600600000000e+07 -1.641720000000e+01 6.277050000000e+01
1.630500000000e+07 -1.602670000000e+01 6.138450000000e+01
1.661000000000e+07 -1.564000000000e+01 6.002390000000e+01
1.692100000000e+07 -1.526480000000e+01 5.869850000000e+01
1.723800000000e+07 -1.488870000000e+01 5.740430000000e+01
1.756000000000e+07 -1.452730000000e+01 5.614380000000e+01
1.788900000000e+07 -1.417100000000e+01 5.490540000000e+01
1.822300000000e+07 -1.382240000000e+01 5.370450000000e+01
1.856400000000e+07 -1.347850000000e+01 5.252600000000e+01
1.891100000000e+07 -1.314520000000e+01 5.137720000000e+01
1.926500000000e+07 -1.281250000000e+01 5.025290000000e+01
1.962500000000e+07 -1.249170000000e+01 4.915690000000e+01
1.999300000000e+07 -1.217450000000e+01 4.808190000000e+01
2.036700000000e+07 -1.186170000000e+01 4.704040000000e+01
2.074800000000e+07 -1.156000000000e+01 4.601750000000e+01
2.113600000000e+07 -1.126270000000e+01 4.501810000000e+01
2.153100000000e+07 -1.096990000000e+01 4.404010000000e+01
2.193400000000e+07 -1.068760000000e+01 4.308660000000e+01
2.234400000000e+07 -1.040840000000e+01 4.215720000000e+01
2.276200000000e+07 -1.013530000000e+01 4.124540000000e+01
2.318800000000e+07 -9.868270000000e+00 4.035470000000e+01
2.362200000000e+07 -9.606500000000e+00 3.948830000000e+01
2.406400000000e+07 -9.350090000000e+00 3.863880000000e+01
2.451400000000e+07 -9.100940000000e+00 3.781090000000e+01
2.497200000000e+07 -8.856010000000e+00 3.700150000000e+01
2.544000000000e+07 -8.617520000000e+00 3.621100000000e+01
2.591500000000e+07 -8.384630000000e+00 3.543820000000e+01
2.640000000000e+07 -8.155270000000e+00 3.468390000000e+01
2.689400000000e+07 -7.929730000000e+00 3.394690000000e+01
2.739700000000e+07 -7.710790000000e+00 3.322650000000e+01
2.791000000000e+07 -7.498270000000e+00 3.252230000000e+01
2.843200000000e+07 -7.288580000000e+00 3.183430000000e+01
2.896400000000e+07 -7.085520000000e+00 3.116190000000e+01
2.950500000000e+07 -6.885650000000e+00 3.050780000000e+01
3.005700000000e+07 -6.691860000000e+00 2.986690000000e+01
3.062000000000e+07 -6.503160000000e+00 2.923910000000e+01
3.119200000000e+07 -6.318110000000e+00 2.862780000000e+01
3.177600000000e+07 -6.137550000000e+00 2.803030000000e+01
3.237000000000e+07 -5.960720000000e+00 2.744650000000e+01
3.297600000000e+07 -5.788100000000e+00 2.687510000000e+01
3.359300000000e+07 -5.620460000000e+00 2.631750000000e+01
3.422100000000e+07 -5.457080000000e+00 2.577380000000e+01
3.486100000000e+07 -5.297710000000e+00 2.524280000000e+01
3.551400000000e+07 -5.142700000000e+00 2.472230000000e+01
3.617800000000e+07 -4.990060000000e+00 2.421580000000e+01
3.685500000000e+07 -4.843060000000e+00 2.371990000000e+01
3.754400000000e+07 -4.699010000000e+00 2.323580000000e+01
3.824600000000e+07 -4.559320000000e+00 2.276240000000e+01
3.896200000000e+07 -4.422200000000e+00 2.229880000000e+01
3.969100000000e+07 -4.289820000000e+00 2.184730000000e+01
4.043300000000e+07 -4.160070000000e+00 2.140630000000e+01
4.119000000000e+07 -4.035860000000e+00 2.097530000000e+01
4.196000000000e+07 -3.912680000000e+00 2.055360000000e+01
4.274500000000e+07 -3.793210000000e+00 2.014170000000e+01
4.354500000000e+07 -3.677370000000e+00 1.974010000000e+01
4.435900000000e+07 -3.565190000000e+00 1.934700000000e+01
4.518900000000e+07 -3.454790000000e+00 1.896290000000e+01
4.603400000000e+07 -3.348290000000e+00 1.858830000000e+01
4.689500000000e+07 -3.244390000000e+00 1.822170000000e+01
4.777300000000e+07 -3.143620000000e+00 1.786300000000e+01
4.866600000000e+07 -3.046070000000e+00 1.751420000000e+01
4.957700000000e+07 -2.951830000000e+00 1.717240000000e+01
5.050400000000e+07 -2.859570000000e+00 1.683770000000e+01
5.144900000000e+07 -2.770100000000e+00 1.651160000000e+01
5.241100000000e+07 -2.683060000000e+00 1.619220000000e+01
5.339200000000e+07 -2.599780000000e+00 1.588040000000e+01
5.439100000000e+07 -2.517960000000e+00 1.557580000000e+01
5.540800000000e+07 -2.439260000000e+00 1.527830000000e+01
5.644500000000e+07 -2.362750000000e+00 1.498650000000e+01
5.750100000000e+07 -2.288440000000e+00 1.470160000000e+01
5.857600000000e+07 -2.217500000000e+00 1.442390000000e+01
5.967200000000e+07 -2.147510000000e+00 1.415090000000e+01
6.078800000000e+07 -2.080860000000e+00 1.388540000000e+01
6.192500000000e+07 -2.015260000000e+00 1.362460000000e+01
6.308400000000e+07 -1.953100000000e+00 1.337010000000e+01
6.426400000000e+07 -1.892070000000e+00 1.312060000000e+01
6.546600000000e+07 -1.832910000000e+00 1.287690000000e+01
6.669100000000e+07 -1.776000000000e+00 1.263870000000e+01
6.793800000000e+07 -1.721010000000e+00 1.240480000000e+01
6.920900000000e+07 -1.667360000000e+00 1.217670000000e+01
7.050400000000e+07 -1.616060000000e+00 1.195290000000e+01
7.182300000000e+07 -1.566320000000e+00 1.173400000000e+01
7.316600000000e+07 -1.518520000000e+00 1.152080000000e+01
7.453500000000e+07 -1.471990000000e+00 1.131120000000e+01
7.592900000000e+07 -1.426870000000e+00 1.110640000000e+01
7.735000000000e+07 -1.383080000000e+00 1.090550000000e+01
7.879700000000e+07 -1.342800000000e+00 1.070950000000e+01
8.027100000000e+07 -1.302060000000e+00 1.051770000000e+01
8.177200000000e+07 -1.262660000000e+00 1.032980000000e+01
8.330200000000e+07 -1.225500000000e+00 1.014620000000e+01
8.486000000000e+07 -1.190150000000e+00 9.966490000000e+00
8.644800000000e+07 -1.155090000000e+00 9.790270000000e+00
8.806500000000e+07 -1.122330000000e+00 9.618830000000e+00
8.971200000000e+07 -1.090170000000e+00 9.451040000000e+00
9.139000000000e+07 -1.059240000000e+00 9.286040000000e+00
9.310000000000e+07 -1.030260000000e+00 9.125230000000e+00
9.484200000000e+07 -1.001330000000e+00 8.968150000000e+00
9.661600000000e+07 -9.751070000000e-01 8.814490000000e+00
9.842300000000e+07 -9.489670000000e-01 8.664620000000e+00
1.002600000000e+08 -9.245120000000e-01 8.518940000000e+00
1.021400000000e+08 -9.011310000000e-01 8.376000000000e+00
1.040500000000e+08 -8.788360000000e-01 8.236560000000e+00
1.060000000000e+08 -8.581780000000e-01 8.099940000000e+00
1.079800000000e+08 -8.373800000000e-01 7.966290000000e+00
1.100000000000e+08 -8.188870000000e-01 7.835520000000e+00