4.000000000000e+01 7.491310000000e+03 5.295160000000e+04
4.074800000000e+01 5.891560000000e+03 4.998710000000e+04
4.151100000000e+01 5.923930000000e+03 4.994740000000e+04
4.228700000000e+01 6.581520000000e+03 4.868490000000e+04
4.307800000000e+01 5.327120000000e+03 4.763610000000e+04
4.388400000000e+01 6.107300000000e+03 4.750370000000e+04
4.470500000000e+01 6.160560000000e+03 4.574360000000e+04
4.554100000000e+01 6.167840000000e+03 4.543280000000e+04
4.639300000000e+01 5.489660000000e+03 4.449070000000e+04
4.726100000000e+01 5.339510000000e+03 4.329310000000e+04
4.814500000000e+01 6.581740000000e+03 4.220140000000e+04
4.904600000000e+01 4.282350000000e+03 4.145790000000e+04
4.996300000000e+01 6.279390000000e+03 4.009770000000e+04
5.089800000000e+01 5.200900000000e+03 3.978370000000e+04
5.185000000000e+01 4.707270000000e+03 3.899200000000e+04
5.282000000000e+01 5.997220000000e+03 3.772590000000e+04
5.380800000000e+01 6.079860000000e+03 3.612170000000e+04
5.481500000000e+01 6.010890000000e+03 3.840780000000e+04
5.584000000000e+01 6.416730000000e+03 3.810760000000e+04
5.688500000000e+01 5.348430000000e+03 3.586390000000e+04
5.794900000000e+01 6.346650000000e+03 3.576510000000e+04
5.903300000000e+01 5.934590000000e+03 3.605110000000e+04
6.013700000000e+01 6.134340000000e+03 3.511870000000e+04
6.126200000000e+01 5.455630000000e+03 3.445340000000e+04
6.240800000000e+01 4.820160000000e+03 3.346720000000e+04
6.357500000000e+01 5.946610000000e+03 3.269460000000e+04
6.476500000000e+01 5.579500000000e+03 3.207670000000e+04
6.597600000000e+01 6.055970000000e+03 3.154570000000e+04
6.721000000000e+01 5.554560000000e+03 3.117550000000e+04
6.846800000000e+01 5.597540000000e+03 3.035090000000e+04
6.974900000000e+01 5.651740000000e+03 3.133290000000e+04
7.105300000000e+01 5.973640000000e+03 2.990870000000e+04
7.238200000000e+01 5.561650000000e+03 2.911770000000e+04
7.373600000000e+01 5.606120000000e+03 2.859080000000e+04
7.511600000000e+01 5.286690000000e+03 2.869340000000e+04
7.652100000000e+01 5.622810000000e+03 2.741860000000e+04
7.795200000000e+01 5.663180000000e+03 2.671550000000e+04
7.941100000000e+01 5.705110000000e+03 2.610900000000e+04
8.089600000000e+01 5.117340000000e+03 2.589800000000e+04
8.241000000000e+01 5.757060000000e+03 2.605630000000e+04
8.395100000000e+01 5.669360000000e+03 2.535190000000e+04
8.552200000000e+01 5.254250000000e+03 2.484060000000e+04
8.712100000000e+01 5.644840000000e+03 2.470680000000e+04
8.875100000000e+01 5.453370000000e+03 2.373000000000e+04
9.041100000000e+01 5.900660000000e+03 2.359490000000e+04
9.210300000000e+01 5.705950000000e+03 2.279520000000e+04
9.382600000000e+01 5.872100000000e+03 2.201630000000e+04
9.558100000000e+01 5.788860000000e+03 2.170250000000e+04
9.736900000000e+01 5.612840000000e+03 2.116060000000e+04
9.919000000000e+01 5.592300000000e+03 2.125680000000e+04
1.010500000000e+02 5.744680000000e+03 2.040460000000e+04
1.029400000000e+02 5.491510000000e+03 2.018520000000e+04
1.048600000000e+02 5.571870000000e+03 1.979920000000e+04
1.068200000000e+02 5.759950000000e+03 1.948630000000e+04
1.088200000000e+02 5.717060000000e+03 1.920030000000e+04
1.108600000000e+02 5.714200000000e+03 1.871200000000e+04
1.129300000000e+02 5.725020000000e+03 1.855010000000e+04
1.150400000000e+02 5.402490000000e+03 1.797930000000e+04
1.172000000000e+02 5.746500000000e+03 1.798800000000e+04
1.193900000000e+02 5.587010000000e+03 1.804890000000e+04
1.216200000000e+02 5.642890000000e+03 1.773490000000e+04
1.239000000000e+02 5.659910000000e+03 1.762310000000e+04
1.262100000000e+02 5.763430000000e+03 1.717540000000e+04
1.285700000000e+02 5.685520000000e+03 1.688730000000e+04
1.309800000000e+02 5.427610000000e+03 1.651560000000e+04
1.334300000000e+02 5.744750000000e+03 1.626040000000e+04
1.359300000000e+02 5.861120000000e+03 1.573330000000e+04
1.384700000000e+02 5.771390000000e+03 1.560090000000e+04
1.410600000000e+02 5.602180000000e+03 1.500440000000e+04
1.437000000000e+02 5.555280000000e+03 1.493650000000e+04
1.463900000000e+02 5.576890000000e+03 1.444220000000e+04
1.491300000000e+02 5.634200000000e+03 1.430810000000e+04
1.519100000000e+02 5.871460000000e+03 1.387490000000e+04
1.547600000000e+02 5.645180000000e+03 1.364460000000e+04
1.576500000000e+02 5.676830000000e+03 1.329900000000e+04
1.606000000000e+02 5.700060000000e+03 1.291540000000e+04
1.636000000000e+02 5.713520000000e+03 1.277650000000e+04
1.666700000000e+02 5.505230000000e+03 1.273620000000e+04
1.697800000000e+02 5.647170000000e+03 1.226850000000e+04
1.729600000000e+02 5.567070000000e+03 1.218950000000e+04
1.762000000000e+02 5.677910000000e+03 1.192890000000e+04
1.794900000000e+02 5.666160000000e+03 1.143960000000e+04
1.828500000000e+02 5.594820000000e+03 1.145520000000e+04
1.862700000000e+02 5.543060000000e+03 1.114240000000e+04
1.897500000000e+02 5.681880000000e+03 1.110280000000e+04
1.933000000000e+02 5.891390000000e+03 1.088370000000e+04
1.969200000000e+02 5.582060000000e+03 1.062580000000e+04
2.006000000000e+02 5.595110000000e+03 1.045870000000e+04
2.043600000000e+02 5.682320000000e+03 1.010860000000e+04
2.081800000000e+02 5.764450000000e+03 1.001970000000e+04
2.120700000000e+02 5.522940000000e+03 9.924990000000e+03
2.160400000000e+02 5.650540000000e+03 9.620290000000e+03
2.200800000000e+02 5.613360000000e+03 9.412570000000e+03
2.242000000000e+02 5.604040000000e+03 9.234060000000e+03
2.283900000000e+02 5.546290000000e+03 9.046930000000e+03
2.326600000000e+02 5.695590000000e+03 8.900930000000e+03
2.370200000000e+02 5.533920000000e+03 8.839840000000e+03
2.414500000000e+02 5.632590000000e+03 8.732660000000e+03
2.459700000000e+02 5.564150000000e+03 8.575400000000e+03
2.505700000000e+02 5.599600000000e+03 8.279260000000e+03
2.552600000000e+02 5.689380000000e+03 8.213790000000e+03
2.600300000000e+02 5.609160000000e+03 7.986370000000e+03
2.649000000000e+02 5.625050000000e+03 7.993670000000e+03
2.698500000000e+02 5.677620000000e+03 8.086570000000e+03
2.749000000000e+02 5.634930000000e+03 7.883810000000e+03
2.800400000000e+02 5.637030000000e+03 7.955700000000e+03
2.852800000000e+02 5.558030000000e+03 7.789300000000e+03
2.906200000000e+02 5.568810000000e+03 7.591790000000e+03
2.960500000000e+02 5.592140000000e+03 7.486120000000e+03
3.015900000000e+02 5.688000000000e+03 7.287810000000e+03
3.072300000000e+02 5.677120000000e+03 7.184000000000e+03
3.129800000000e+02 5.627860000000e+03 6.998990000000e+03
3.188300000000e+02 5.597930000000e+03 7.043190000000e+03
3.248000000000e+02 5.580470000000e+03 6.843050000000e+03
3.308800000000e+02 5.624020000000e+03 6.613750000000e+03
3.370700000000e+02 5.608960000000e+03 6.504700000000e+03
3.433700000000e+02 5.599390000000e+03 6.420860000000e+03
3.497900000000e+02 5.663650000000e+03 6.303370000000e+03
3.563400000000e+02 5.623070000000e+03 6.270760000000e+03
3.630000000000e+02 5.600640000000e+03 6.198880000000e+03
3.697900000000e+02 5.692230000000e+03 6.064360000000e+03
3.767100000000e+02 5.661090000000e+03 5.999030000000e+03
3.837600000000e+02 5.688870000000e+03 5.858760000000e+03
3.909400000000e+02 5.668670000000e+03 5.670260000000e+03
3.982500000000e+02 5.632630000000e+03 5.588670000000e+03
4.057000000000e+02 5.653420000000e+03 5.527360000000e+03
4.132900000000e+02 5.645630000000e+03 5.333120000000e+03
4.210200000000e+02 5.601410000000e+03 5.285760000000e+03
4.289000000000e+02 5.635920000000e+03 5.159470000000e+03
4.369200000000e+02 5.606730000000e+03 5.093640000000e+03
4.450900000000e+02 5.648970000000e+03 5.022250000000e+03
4.534200000000e+02 5.678240000000e+03 4.862420000000e+03
4.619000000000e+02 5.655640000000e+03 4.766940000000e+03
4.705400000000e+02 5.682820000000e+03 4.671460000000e+03
4.793500000000e+02 5.642450000000e+03 4.610530000000e+03
4.883100000000e+02 5.606290000000e+03 4.572760000000e+03
4.974500000000e+02 5.582390000000e+03 4.422360000000e+03
5.067500000000e+02 5.619990000000e+03 4.356970000000e+03
5.162300000000e+02 5.633460000000e+03 4.282900000000e+03
5.258900000000e+02 5.607180000000e+03 4.250750000000e+03
5.357300000000e+02 5.651700000000e+03 4.158530000000e+03
5.457500000000e+02 5.642970000000e+03 4.061760000000e+03
5.559600000000e+02 5.621920000000e+03 4.005590000000e+03
5.663600000000e+02 5.609720000000e+03 3.893520000000e+03
5.769500000000e+02 5.645340000000e+03 3.809870000000e+03
5.877400000000e+02 5.612430000000e+03 3.740640000000e+03
5.987400000000e+02 5.607440000000e+03 3.683180000000e+03
6.099400000000e+02 5.635010000000e+03 3.610320000000e+03
6.213500000000e+02 5.652990000000e+03 3.568470000000e+03
6.329700000000e+02 5.645340000000e+03 3.489640000000e+03
6.448200000000e+02 5.599110000000e+03 3.405110000000e+03
6.568800000000e+02 5.603260000000e+03 3.385580000000e+03
6.691600000000e+02 5.613420000000e+03 3.288030000000e+03
6.816800000000e+02 5.635570000000e+03 3.244290000000e+03
6.944300000000e+02 5.608620000000e+03 3.168400000000e+03
7.074200000000e+02 5.592360000000e+03 3.093250000000e+03
7.206600000000e+02 5.617260000000e+03 3.072450000000e+03
7.341400000000e+02 5.623540000000e+03 3.005390000000e+03
7.478700000000e+02 5.625450000000e+03 2.947190000000e+03
7.618600000000e+02 5.632450000000e+03 2.870850000000e+03
7.761200000000e+02 5.659940000000e+03 2.846920000000e+03
7.906300000000e+02 5.653250000000e+03 2.782640000000e+03
8.054200000000e+02 5.643500000000e+03 2.718140000000e+03
8.204900000000e+02 5.621810000000e+03 2.669970000000e+03
8.358400000000e+02 5.593040000000e+03 2.622980000000e+03
8.514800000000e+02 5.636240000000e+03 2.541960000000e+03
8.674000000000e+02 5.635650000000e+03 2.543160000000e+03
8.836300000000e+02 5.616930000000e+03 2.494810000000e+03
9.001600000000e+02 5.626410000000e+03 2.411800000000e+03
9.170000000000e+02 5.630690000000e+03 2.382890000000e+03
9.341500000000e+02 5.622600000000e+03 2.337320000000e+03
9.516300000000e+02 5.605430000000e+03 2.318650000000e+03
9.694300000000e+02 5.634340000000e+03 2.256440000000e+03
9.875700000000e+02 5.626020000000e+03 2.225330000000e+03
1.006000000000e+03 5.620360000000e+03 2.177640000000e+03
1.024900000000e+03 5.623280000000e+03 2.138270000000e+03
1.044000000000e+03 5.621230000000e+03 2.111030000000e+03
1.063600000000e+03 5.623540000000e+03 2.063320000000e+03
1.083500000000e+03 5.635290000000e+03 2.041350000000e+03
1.103700000000e+03 5.610640000000e+03 1.971700000000e+03
1.124400000000e+03 5.636630000000e+03 1.939660000000e+03
1.145400000000e+03 5.639440000000e+03 1.908600000000e+03
1.166800000000e+03 5.631270000000e+03 1.883810000000e+03
1.188700000000e+03 5.622060000000e+03 1.849630000000e+03
1.210900000000e+03 5.619370000000e+03 1.798140000000e+03
1.233500000000e+03 5.627830000000e+03 1.760610000000e+03
1.256600000000e+03 5.622390000000e+03 1.741240000000e+03
1.280100000000e+03 5.616660000000e+03 1.702170000000e+03
1.304100000000e+03 5.624570000000e+03 1.693160000000e+03
1.328500000000e+03 5.620390000000e+03 1.660630000000e+03
1.353300000000e+03 5.622000000000e+03 1.643440000000e+03
1.378600000000e+03 5.634590000000e+03 1.596810000000e+03
1.404400000000e+03 5.631730000000e+03 1.558990000000e+03
1.430700000000e+03 5.630510000000e+03 1.533740000000e+03
1.457500000000e+03 5.621880000000e+03 1.497720000000e+03
1.484700000000e+03 5.629230000000e+03 1.484540000000e+03
1.512500000000e+03 5.625140000000e+03 1.459280000000e+03
1.540800000000e+03 5.640190000000e+03 1.426930000000e+03
1.569600000000e+03 5.615070000000e+03 1.410860000000e+03
1.599000000000e+03 5.632310000000e+03 1.376900000000e+03
1.628900000000e+03 5.628050000000e+03 1.350410000000e+03
1.659400000000e+03 5.616200000000e+03 1.312660000000e+03
1.690400000000e+03 5.617910000000e+03 1.311240000000e+03
1.722000000000e+03 5.627030000000e+03 1.290310000000e+03
1.754200000000e+03 5.628340000000e+03 1.263340000000e+03
1.787100000000e+03 5.628740000000e+03 1.241340000000e+03
1.820500000000e+03 5.620910000000e+03 1.227770000000e+03
1.854500000000e+03 5.625230000000e+03 1.191230000000e+03
1.889200000000e+03 5.641350000000e+03 1.188150000000e+03
1.924600000000e+03 5.631310000000e+03 1.166640000000e+03
1.960600000000e+03 5.623710000000e+03 1.142540000000e+03
1.997300000000e+03 5.624680000000e+03 1.130030000000e+03
2.034600000000e+03 5.625440000000e+03 1.113560000000e+03
2.072700000000e+03 5.630080000000e+03 1.104730000000e+03
2.111500000000e+03 5.628790000000e+03 1.083450000000e+03
2.151000000000e+03 5.624050000000e+03 1.073030000000e+03
2.191200000000e+03 5.617140000000e+03 1.061320000000e+03
2.232200000000e+03 5.628590000000e+03 1.045190000000e+03
2.273900000000e+03 5.624850000000e+03 1.024630000000e+03
2.316500000000e+03 5.620550000000e+03 1.006910000000e+03
2.359800000000e+03 5.627300000000e+03 9.955820000000e+02
2.404000000000e+03 5.623950000000e+03 9.716060000000e+02
2.448900000000e+03 5.632020000000e+03 9.494860000000e+02
2.494700000000e+03 5.624240000000e+03 9.376610000000e+02
2.541400000000e+03 5.631960000000e+03 9.270120000000e+02
2.588900000000e+03 5.627720000000e+03 9.067130000000e+02
2.637400000000e+03 5.630870000000e+03 8.909200000000e+02
2.686700000000e+03 5.625890000000e+03 8.706860000000e+02
2.737000000000e+03 5.625870000000e+03 8.605380000000e+02
2.788200000000e+03 5.618080000000e+03 8.394220000000e+02
2.840300000000e+03 5.619960000000e+03 8.299180000000e+02
2.893500000000e+03 5.625380000000e+03 8.107200000000e+02
2.947600000000e+03 5.620880000000e+03 8.020510000000e+02
3.002700000000e+03 5.623690000000e+03 7.847930000000e+02
3.058900000000e+03 5.628950000000e+03 7.713360000000e+02
3.116100000000e+03 5.629000000000e+03 7.536440000000e+02
3.174400000000e+03 5.628570000000e+03 7.404050000000e+02
3.233800000000e+03 5.624650000000e+03 7.311450000000e+02
3.294300000000e+03 5.626200000000e+03 7.210020000000e+02
3.355900000000e+03 5.619360000000e+03 7.062770000000e+02
3.418700000000e+03 5.620440000000e+03 6.931340000000e+02
3.482600000000e+03 5.616590000000e+03 6.784350000000e+02
3.547800000000e+03 5.626050000000e+03 6.647950000000e+02
3.614200000000e+03 5.625220000000e+03 6.584430000000e+02
3.681800000000e+03 5.618220000000e+03 6.469440000000e+02
3.750600000000e+03 5.623510000000e+03 6.389800000000e+02
3.820800000000e+03 5.621360000000e+03 6.265030000000e+02
3.892300000000e+03 5.620590000000e+03 6.176900000000e+02
3.965100000000e+03 5.622160000000e+03 6.056400000000e+02
4.039300000000e+03 5.613640000000e+03 5.960540000000e+02
4.114800000000e+03 5.622340000000e+03 5.872800000000e+02
4.191800000000e+03 5.618180000000e+03 5.782600000000e+02
4.270200000000e+03 5.621030000000e+03 5.696530000000e+02
4.350100000000e+03 5.619930000000e+03 5.602100000000e+02
4.431500000000e+03 5.618050000000e+03 5.539830000000e+02
4.514400000000e+03 5.620430000000e+03 5.489010000000e+02
4.598800000000e+03 5.626340000000e+03 5.405520000000e+02
4.684800000000e+03 5.624480000000e+03 5.349660000000e+02
4.772500000000e+03 5.622790000000e+03 5.249010000000e+02
4.861800000000e+03 5.625490000000e+03 5.214780000000e+02
4.952700000000e+03 5.620670000000e+03 5.138990000000e+02
5.045400000000e+03 5.618950000000e+03 5.062000000000e+02
5.139700000000e+03 5.621480000000e+03 4.950640000000e+02
5.235900000000e+03 5.621740000000e+03 4.896640000000e+02
5.333800000000e+03 5.618030000000e+03 4.783160000000e+02
5.433600000000e+03 5.620650000000e+03 4.754970000000e+02
5.535300000000e+03 5.622560000000e+03 4.685730000000e+02
5.638800000000e+03 5.619930000000e+03 4.608010000000e+02
5.744300000000e+03 5.622850000000e+03 4.539350000000e+02
5.851700000000e+03 5.619940000000e+03 4.496280000000e+02
5.961200000000e+03 5.620570000000e+03 4.461540000000e+02
6.072700000000e+03 5.622090000000e+03 4.370350000000e+02
6.186300000000e+03 5.620400000000e+03 4.294460000000e+02
6.302100000000e+03 5.622830000000e+03 4.254070000000e+02
6.419900000000e+03 5.621790000000e+03 4.146190000000e+02
6.540000000000e+03 5.620120000000e+03 4.124690000000e+02
6.662400000000e+03 5.622100000000e+03 4.048210000000e+02
6.787000000000e+03 5.621570000000e+03 4.001240000000e+02
6.914000000000e+03 5.622960000000e+03 3.947120000000e+02
7.043300000000e+03 5.622300000000e+03 3.869230000000e+02
7.175100000000e+03 5.620920000000e+03 3.800750000000e+02
7.309300000000e+03 5.622910000000e+03 3.771570000000e+02
7.446000000000e+03 5.622670000000e+03 3.726410000000e+02
7.585300000000e+03 5.622610000000e+03 3.665220000000e+02
7.727200000000e+03 5.622720000000e+03 3.614130000000e+02
7.871800000000e+03 5.623180000000e+03 3.560940000000e+02
8.019000000000e+03 5.623050000000e+03 3.515850000000e+02
8.169000000000e+03 5.623030000000e+03 3.497380000000e+02
8.321800000000e+03 5.621980000000e+03 3.434290000000e+02
8.477500000000e+03 5.621430000000e+03 3.369010000000e+02
8.636100000000e+03 5.620890000000e+03 3.361440000000e+02
8.797700000000e+03 5.621960000000e+03 3.291300000000e+02
8.962200000000e+03 5.621780000000e+03 3.266550000000e+02
9.129900000000e+03 5.620160000000e+03 3.213320000000e+02
9.300700000000e+03 5.621390000000e+03 3.190940000000e+02
9.474700000000e+03 5.617860000000e+03 3.167140000000e+02
9.651900000000e+03 5.621150000000e+03 3.125710000000e+02
9.832500000000e+03 5.621990000000e+03 3.075030000000e+02
1.001600000000e+04 5.622080000000e+03 3.039120000000e+02
1.020400000000e+04 5.620780000000e+03 3.021490000000e+02
1.039500000000e+04 5.620680000000e+03 2.974800000000e+02
1.058900000000e+04 5.621580000000e+03 2.976630000000e+02
1.078700000000e+04 5.621030000000e+03 2.929720000000e+02
1.098900000000e+04 5.622780000000e+03 2.908120000000e+02
1.119500000000e+04 5.620430000000e+03 2.869400000000e+02
1.140400000000e+04 5.621960000000e+03 2.830630000000e+02
1.161700000000e+04 5.624550000000e+03 2.822220000000e+02
1.183500000000e+04 5.623080000000e+03 2.791010000000e+02
1.205600000000e+04 5.623180000000e+03 2.748460000000e+02
1.228200000000e+04 5.621030000000e+03 2.726110000000e+02
1.251100000000e+04 5.624900000000e+03 2.704900000000e+02
1.274500000000e+04 5.624960000000e+03 2.692400000000e+02
1.298400000000e+04 5.622740000000e+03 2.660490000000e+02
1.322700000000e+04 5.625510000000e+03 2.647680000000e+02
1.347400000000e+04 5.624380000000e+03 2.633010000000e+02
1.372600000000e+04 5.624620000000e+03 2.602020000000e+02
1.398300000000e+04 5.624860000000e+03 2.594340000000e+02
1.424400000000e+04 5.624710000000e+03 2.583670000000e+02
1.451100000000e+04 5.624570000000e+03 2.575680000000e+02
1.478200000000e+04 5.625570000000e+03 2.551670000000e+02
1.505900000000e+04 5.624210000000e+03 2.527960000000e+02
1.534100000000e+04 5.627540000000e+03 2.512160000000e+02
1.562800000000e+04 5.625890000000e+03 2.492370000000e+02
1.592000000000e+04 5.626460000000e+03 2.473880000000e+02
1.621800000000e+04 5.627580000000e+03 2.466640000000e+02
1.652100000000e+04 5.627190000000e+03 2.444210000000e+02
1.683000000000e+04 5.628020000000e+03 2.435300000000e+02
1.714500000000e+04 5.629340000000e+03 2.423870000000e+02
1.746600000000e+04 5.629360000000e+03 2.414250000000e+02
1.779200000000e+04 5.629780000000e+03 2.410180000000e+02
1.812500000000e+04 5.629970000000e+03 2.389610000000e+02
1.846400000000e+04 5.631040000000e+03 2.383760000000e+02
1.881000000000e+04 5.631580000000e+03 2.366030000000e+02
1.916200000000e+04 5.631800000000e+03 2.361460000000e+02
1.952000000000e+04 5.632470000000e+03 2.348520000000e+02
1.988500000000e+04 5.631420000000e+03 2.341490000000e+02
2.025700000000e+04 5.633690000000e+03 2.322660000000e+02
2.063600000000e+04 5.633310000000e+03 2.319450000000e+02
2.102200000000e+04 5.633830000000e+03 2.313470000000e+02
2.141500000000e+04 5.634350000000e+03 2.310270000000e+02
2.181600000000e+04 5.635430000000e+03 2.315530000000e+02
2.222400000000e+04 5.635070000000e+03 2.306280000000e+02
2.264000000000e+04 5.636580000000e+03 2.298840000000e+02
2.306300000000e+04 5.637060000000e+03 2.305350000000e+02
2.349500000000e+04 5.637230000000e+03 2.296890000000e+02
2.393400000000e+04 5.637540000000e+03 2.297970000000e+02
2.438200000000e+04 5.638230000000e+03 2.293830000000e+02
2.483800000000e+04 5.639460000000e+03 2.292150000000e+02
2.530300000000e+04 5.639950000000e+03 2.303200000000e+02
2.577600000000e+04 5.639730000000e+03 2.303900000000e+02
2.625800000000e+04 5.642120000000e+03 2.304770000000e+02
2.675000000000e+04 5.642500000000e+03 2.299530000000e+02
2.725000000000e+04 5.642800000000e+03 2.308550000000e+02
2.776000000000e+04 5.643320000000e+03 2.317050000000e+02
2.827900000000e+04 5.644130000000e+03 2.323300000000e+02
2.880800000000e+04 5.645440000000e+03 2.324290000000e+02
2.934700000000e+04 5.645640000000e+03 2.332740000000e+02
2.989600000000e+04 5.647210000000e+03 2.328190000000e+02
3.045500000000e+04 5.647570000000e+03 2.346860000000e+02
3.102500000000e+04 5.648280000000e+03 2.359750000000e+02
3.160500000000e+04 5.649580000000e+03 2.358290000000e+02
3.219700000000e+04 5.650580000000e+03 2.369090000000e+02
3.279900000000e+04 5.650470000000e+03 2.373840000000e+02
3.341200000000e+04 5.652300000000e+03 2.393010000000e+02
3.403700000000e+04 5.653730000000e+03 2.400070000000e+02
3.467400000000e+04 5.654340000000e+03 2.416060000000e+02
3.532300000000e+04 5.655540000000e+03 2.432650000000e+02
3.598400000000e+04 5.666610000000e+03 2.437510000000e+02
3.665700000000e+04 5.668510000000e+03 2.449750000000e+02
3.734200000000e+04 5.668920000000e+03 2.474630000000e+02
3.804100000000e+04 5.670740000000e+03 2.484070000000e+02
3.875300000000e+04 5.671730000000e+03 2.505550000000e+02
3.947800000000e+04 5.672950000000e+03 2.525680000000e+02
4.021600000000e+04 5.674570000000e+03 2.541340000000e+02
4.096800000000e+04 5.676330000000e+03 2.556970000000e+02
4.173500000000e+04 5.677730000000e+03 2.584690000000e+02
4.251500000000e+04 5.679690000000e+03 2.608600000000e+02
4.331100000000e+04 5.681820000000e+03 2.635420000000e+02
4.412100000000e+04 5.684340000000e+03 2.653360000000e+02
4.494600000000e+04 5.685670000000e+03 2.682160000000e+02
4.578700000000e+04 5.687980000000e+03 2.709510000000e+02
4.664400000000e+04 5.689760000000e+03 2.739820000000e+02
4.751600000000e+04 5.691920000000e+03 2.767030000000e+02
4.840500000000e+04 5.693550000000e+03 2.805820000000e+02
4.931100000000e+04 5.695800000000e+03 2.829840000000e+02
5.023300000000e+04 5.697970000000e+03 2.868950000000e+02
5.117300000000e+04 5.700630000000e+03 2.904750000000e+02
5.213000000000e+04 5.703440000000e+03 2.941950000000e+02
5.310500000000e+04 5.706370000000e+03 2.976160000000e+02
5.409900000000e+04 5.709290000000e+03 3.012430000000e+02
5.511100000000e+04 5.712120000000e+03 3.055400000000e+02
5.614100000000e+04 5.715130000000e+03 3.097090000000e+02
5.719200000000e+04 5.718390000000e+03 3.142060000000e+02
5.826200000000e+04 5.721420000000e+03 3.186590000000e+02
5.935100000000e+04 5.725170000000e+03 3.240360000000e+02
6.046200000000e+04 5.728710000000e+03 3.287300000000e+02
6.159300000000e+04 5.732330000000e+03 3.345820000000e+02
6.274500000000e+04 5.736630000000e+03 3.393160000000e+02
6.391900000000e+04 5.740170000000e+03 3.454360000000e+02
6.511400000000e+04 5.744230000000e+03 3.509300000000e+02
6.633200000000e+04 5.748430000000e+03 3.577820000000e+02
6.757300000000e+04 5.753170000000e+03 3.639190000000e+02
6.883700000000e+04 5.757400000000e+03 3.705940000000e+02
7.012500000000e+04 5.761790000000e+03 3.778810000000e+02
7.143700000000e+04 5.766600000000e+03 3.859780000000e+02
7.277300000000e+04 5.771430000000e+03 3.932940000000e+02
7.413500000000e+04 5.777160000000e+03 4.011480000000e+02
7.552100000000e+04 5.782360000000e+03 4.098920000000e+02
7.693400000000e+04 5.787750000000e+03 4.186920000000e+02
7.837300000000e+04 5.792740000000e+03 4.284410000000e+02
7.984000000000e+04 5.798370000000e+03 4.389430000000e+02
8.133300000000e+04 5.803220000000e+03 4.492970000000e+02
8.285500000000e+04 5.809000000000e+03 4.600960000000e+02
8.440400000000e+04 5.814680000000e+03 4.720720000000e+02
8.598300000000e+04 5.820640000000e+03 4.836140000000e+02
8.759200000000e+04 5.826020000000e+03 4.960300000000e+02
8.923000000000e+04 5.832740000000e+03 5.090000000000e+02
9.090000000000e+04 5.838120000000e+03 5.222650000000e+02
9.260000000000e+04 5.844070000000e+03 5.368960000000e+02
9.433200000000e+04 5.849900000000e+03 5.519770000000e+02
9.609700000000e+04 5.854910000000e+03 5.691540000000e+02
9.789500000000e+04 5.860330000000e+03 5.848410000000e+02
9.972600000000e+04 5.865710000000e+03 6.005890000000e+02
1.015900000000e+05 5.870860000000e+03 6.187600000000e+02
1.034900000000e+05 5.875580000000e+03 6.360450000000e+02
1.054300000000e+05 5.880040000000e+03 6.551470000000e+02
1.074000000000e+05 5.884640000000e+03 6.748300000000e+02
1.094100000000e+05 5.888490000000e+03 6.949310000000e+02
1.114600000000e+05 5.892280000000e+03 7.150990000000e+02
1.135400000000e+05 5.896130000000e+03 7.367630000000e+02
1.156600000000e+05 5.899530000000e+03 7.590190000000e+02
1.178300000000e+05 5.901770000000e+03 7.815520000000e+02
1.200300000000e+05 5.903240000000e+03 8.051590000000e+02
1.222800000000e+05 5.904480000000e+03 8.291230000000e+02
1.245700000000e+05 5.905350000000e+03 8.537020000000e+02
1.269000000000e+05 5.905860000000e+03 8.784230000000e+02
1.292700000000e+05 5.905980000000e+03 9.046120000000e+02
1.316900000000e+05 5.905120000000e+03 9.311830000000e+02
1.341500000000e+05 5.904160000000e+03 9.578500000000e+02
1.366600000000e+05 5.902430000000e+03 9.851250000000e+02
1.392200000000e+05 5.899750000000e+03 1.012800000000e+03
1.418200000000e+05 5.896890000000e+03 1.041090000000e+03
1.444700000000e+05 5.893410000000e+03 1.070290000000e+03
1.471800000000e+05 5.889570000000e+03 1.098780000000e+03
1.499300000000e+05 5.884620000000e+03 1.128010000000e+03
1.527400000000e+05 5.878650000000e+03 1.158460000000e+03
1.555900000000e+05 5.872770000000e+03 1.188500000000e+03
1.585000000000e+05 5.866120000000e+03 1.218600000000e+03
1.614700000000e+05 5.857780000000e+03 1.249890000000e+03
1.644900000000e+05 5.849830000000e+03 1.280640000000e+03
1.675700000000e+05 5.840990000000e+03 1.312550000000e+03
1.707000000000e+05 5.831860000000e+03 1.344810000000e+03
1.738900000000e+05 5.821950000000e+03 1.376930000000e+03
1.771500000000e+05 5.810730000000e+03 1.409450000000e+03
1.804600000000e+05 5.799850000000e+03 1.441730000000e+03
1.838400000000e+05 5.787450000000e+03 1.475480000000e+03
1.872700000000e+05 5.775310000000e+03 1.509310000000e+03
1.907800000000e+05 5.761580000000e+03 1.542770000000e+03
1.943500000000e+05 5.747420000000e+03 1.577110000000e+03
1.979800000000e+05 5.733010000000e+03 1.611830000000e+03
2.016900000000e+05 5.716970000000e+03 1.645910000000e+03
2.054600000000e+05 5.700780000000e+03 1.681480000000e+03
2.093000000000e+05 5.683980000000e+03 1.716960000000e+03
2.132200000000e+05 5.665830000000e+03 1.753190000000e+03
2.172100000000e+05 5.647310000000e+03 1.789180000000e+03
2.212700000000e+05 5.628280000000e+03 1.825220000000e+03
2.254100000000e+05 5.607990000000e+03 1.861820000000e+03
2.296300000000e+05 5.586810000000e+03 1.898290000000e+03
2.339200000000e+05 5.564680000000e+03 1.935460000000e+03
2.383000000000e+05 5.541300000000e+03 1.972410000000e+03
2.427500000000e+05 5.517180000000e+03 2.009630000000e+03
2.473000000000e+05 5.492170000000e+03 2.047000000000e+03
2.519200000000e+05 5.466490000000e+03 2.085020000000e+03
2.566300000000e+05 5.438940000000e+03 2.122940000000e+03
2.614400000000e+05 5.411240000000e+03 2.160540000000e+03
2.663300000000e+05 5.382000000000e+03 2.199090000000e+03
2.713100000000e+05 5.351480000000e+03 2.236820000000e+03
2.763800000000e+05 5.320450000000e+03 2.274550000000e+03
2.815500000000e+05 5.287680000000e+03 2.312610000000e+03
2.868200000000e+05 5.253810000000e+03 2.350540000000e+03
2.921900000000e+05 5.219010000000e+03 2.387980000000e+03
2.976500000000e+05 5.182590000000e+03 2.425870000000e+03
3.032200000000e+05 5.145220000000e+03 2.463700000000e+03
3.088900000000e+05 5.105870000000e+03 2.499870000000e+03
3.146700000000e+05 5.066200000000e+03 2.533270000000e+03
3.205600000000e+05 5.028190000000e+03 2.570950000000e+03
3.265500000000e+05 4.985760000000e+03 2.607580000000e+03
3.326600000000e+05 4.942300000000e+03 2.643020000000e+03
3.388900000000e+05 4.897660000000e+03 2.678060000000e+03
3.452200000000e+05 4.852390000000e+03 2.712310000000e+03
3.516800000000e+05 4.805580000000e+03 2.745460000000e+03
3.582600000000e+05 4.757810000000e+03 2.778550000000e+03
3.649600000000e+05 4.709140000000e+03 2.810700000000e+03
3.717900000000e+05 4.658290000000e+03 2.841930000000e+03
3.787500000000e+05 4.607330000000e+03 2.872220000000e+03
3.858300000000e+05 4.555420000000e+03 2.901540000000e+03
3.930500000000e+05 4.502260000000e+03 2.930090000000e+03
4.004000000000e+05 4.448290000000e+03 2.957650000000e+03
4.078900000000e+05 4.393150000000e+03 2.984380000000e+03
4.155200000000e+05 4.337400000000e+03 3.009810000000e+03
4.232900000000e+05 4.281030000000e+03 3.034000000000e+03
4.312100000000e+05 4.223720000000e+03 3.057230000000e+03
4.392800000000e+05 4.165700000000e+03 3.079430000000e+03
4.475000000000e+05 4.106920000000e+03 3.100380000000e+03
4.558700000000e+05 4.047570000000e+03 3.119800000000e+03
4.644000000000e+05 3.987910000000e+03 3.138220000000e+03
4.730800000000e+05 3.927560000000e+03 3.155300000000e+03
4.819300000000e+05 3.866420000000e+03 3.170850000000e+03
4.909500000000e+05 3.804690000000e+03 3.184220000000e+03
5.001300000000e+05 3.744200000000e+03 3.196120000000e+03
5.094900000000e+05 3.684570000000e+03 3.209170000000e+03
5.190200000000e+05 3.622510000000e+03 3.220920000000e+03
5.287300000000e+05 3.560310000000e+03 3.230410000000e+03
5.386200000000e+05 3.497990000000e+03 3.238720000000e+03
5.487000000000e+05 3.435830000000e+03 3.245200000000e+03
5.589600000000e+05 3.374560000000e+03 3.249900000000e+03
5.694200000000e+05 3.313070000000e+03 3.254840000000e+03
5.800700000000e+05 3.251160000000e+03 3.257660000000e+03
5.909200000000e+05 3.190850000000e+03 3.259940000000e+03
6.019700000000e+05 3.129560000000e+03 3.261670000000e+03
6.132300000000e+05 3.067990000000e+03 3.261790000000e+03
6.247100000000e+05 3.007180000000e+03 3.260360000000e+03
6.363900000000e+05 2.947050000000e+03 3.258380000000e+03
6.483000000000e+05 2.886890000000e+03 3.255280000000e+03
6.604200000000e+05 2.826860000000e+03 3.250760000000e+03
6.727800000000e+05 2.767440000000e+03 3.244970000000e+03
6.853600000000e+05 2.708740000000e+03 3.238370000000e+03
6.981800000000e+05 2.650880000000e+03 3.230380000000e+03
7.112500000000e+05 2.594030000000e+03 3.222770000000e+03
7.245500000000e+05 2.536160000000e+03 3.214600000000e+03
7.381000000000e+05 2.479530000000e+03 3.204940000000e+03
7.519100000000e+05 2.423080000000e+03 3.194380000000e+03
7.659800000000e+05 2.368190000000e+03 3.182920000000e+03
7.803100000000e+05 2.313080000000e+03 3.171630000000e+03
7.949000000000e+05 2.258270000000e+03 3.159420000000e+03
8.097700000000e+05 2.204350000000e+03 3.146370000000e+03
8.249200000000e+05 2.150890000000e+03 3.132900000000e+03
8.403500000000e+05 2.098030000000e+03 3.118740000000e+03
8.560700000000e+05 2.045680000000e+03 3.103880000000e+03
8.720900000000e+05 1.994220000000e+03 3.088630000000e+03
8.884000000000e+05 1.942990000000e+03 3.073210000000e+03
9.050200000000e+05 1.891960000000e+03 3.057180000000e+03
9.219500000000e+05 1.841470000000e+03 3.040440000000e+03
9.392000000000e+05 1.791490000000e+03 3.023530000000e+03
9.567700000000e+05 1.741990000000e+03 3.005690000000e+03
9.746700000000e+05 1.693160000000e+03 2.987740000000e+03
9.929000000000e+05 1.644660000000e+03 2.969580000000e+03
1.011500000000e+06 1.596710000000e+03 2.950850000000e+03
1.030400000000e+06 1.549170000000e+03 2.932220000000e+03
1.049700000000e+06 1.501930000000e+03 2.912520000000e+03
1.069300000000e+06 1.455050000000e+03 2.893210000000e+03
1.089300000000e+06 1.408410000000e+03 2.873300000000e+03
1.109700000000e+06 1.362050000000e+03 2.853070000000e+03
1.130400000000e+06 1.316130000000e+03 2.832370000000e+03
1.151600000000e+06 1.270200000000e+03 2.811100000000e+03
1.173100000000e+06 1.224780000000e+03 2.789250000000e+03
1.195100000000e+06 1.179420000000e+03 2.766690000000e+03
1.217400000000e+06 1.134700000000e+03 2.743870000000e+03
1.240200000000e+06 1.090040000000e+03 2.720170000000e+03
1.263400000000e+06 1.045960000000e+03 2.695980000000e+03
1.287000000000e+06 1.002060000000e+03 2.671040000000e+03
1.311100000000e+06 9.596820000000e+02 2.645440000000e+03
1.335600000000e+06 9.176100000000e+02 2.619940000000e+03
1.360600000000e+06 8.752240000000e+02 2.594410000000e+03
1.386100000000e+06 8.330640000000e+02 2.567730000000e+03
1.412000000000e+06 7.913790000000e+02 2.540190000000e+03
1.438400000000e+06 7.504230000000e+02 2.512080000000e+03
1.465300000000e+06 7.100690000000e+02 2.483250000000e+03
1.492700000000e+06 6.700730000000e+02 2.453830000000e+03
1.520700000000e+06 6.307670000000e+02 2.423260000000e+03
1.549100000000e+06 5.928510000000e+02 2.391890000000e+03
1.578100000000e+06 5.561190000000e+02 2.360020000000e+03
1.607600000000e+06 5.207980000000e+02 2.328740000000e+03
1.637700000000e+06 4.855210000000e+02 2.297610000000e+03
1.668300000000e+06 4.500220000000e+02 2.265990000000e+03
1.699500000000e+06 4.150090000000e+02 2.233180000000e+03
1.731300000000e+06 3.812940000000e+02 2.199790000000e+03
1.763700000000e+06 3.481780000000e+02 2.165920000000e+03
1.796700000000e+06 3.158950000000e+02 2.131440000000e+03
1.830300000000e+06 2.846740000000e+02 2.096230000000e+03
1.864600000000e+06 2.545380000000e+02 2.060610000000e+03
1.899400000000e+06 2.253600000000e+02 2.024650000000e+03
1.935000000000e+06 1.975630000000e+02 1.988220000000e+03
1.971200000000e+06 1.708610000000e+02 1.951770000000e+03
2.008000000000e+06 1.452940000000e+02 1.915260000000e+03
2.045600000000e+06 1.208530000000e+02 1.878570000000e+03
2.083900000000e+06 9.730350000000e+01 1.841680000000e+03
2.122900000000e+06 7.491080000000e+01 1.804640000000e+03
2.162600000000e+06 5.394410000000e+01 1.767670000000e+03
2.203000000000e+06 3.383420000000e+01 1.731030000000e+03
2.244200000000e+06 1.481780000000e+01 1.694310000000e+03
2.286200000000e+06 -3.141510000000e+00 1.657740000000e+03
2.329000000000e+06 -1.992860000000e+01 1.621390000000e+03
2.372500000000e+06 -3.581870000000e+01 1.585300000000e+03
2.416900000000e+06 -5.067210000000e+01 1.549350000000e+03
2.462100000000e+06 -6.448840000000e+01 1.513760000000e+03
2.508200000000e+06 -7.721530000000e+01 1.478320000000e+03
2.555100000000e+06 -8.891190000000e+01 1.443450000000e+03
2.602900000000e+06 -9.957310000000e+01 1.408960000000e+03
2.651600000000e+06 -1.093960000000e+02 1.375080000000e+03
2.701200000000e+06 -1.183370000000e+02 1.341490000000e+03
2.751700000000e+06 -1.262540000000e+02 1.308330000000e+03
2.803200000000e+06 -1.328680000000e+02 1.275990000000e+03
2.855700000000e+06 -1.388590000000e+02 1.244830000000e+03
2.909100000000e+06 -1.446870000000e+02 1.214450000000e+03
2.963500000000e+06 -1.501200000000e+02 1.184440000000e+03
3.018900000000e+06 -1.548740000000e+02 1.154920000000e+03
3.075400000000e+06 -1.591740000000e+02 1.125880000000e+03
3.132900000000e+06 -1.627570000000e+02 1.097400000000e+03
3.191600000000e+06 -1.658320000000e+02 1.069490000000e+03
3.251300000000e+06 -1.683610000000e+02 1.042230000000e+03
3.312100000000e+06 -1.703790000000e+02 1.015580000000e+03
3.374000000000e+06 -1.719780000000e+02 9.896040000000e+02
3.437200000000e+06 -1.731180000000e+02 9.642460000000e+02
3.501400000000e+06 -1.739650000000e+02 9.395650000000e+02
3.566900000000e+06 -1.744670000000e+02 9.153580000000e+02
3.633700000000e+06 -1.745850000000e+02 8.917480000000e+02
3.701600000000e+06 -1.744440000000e+02 8.687980000000e+02
3.770900000000e+06 -1.739310000000e+02 8.463360000000e+02
3.841400000000e+06 -1.731450000000e+02 8.245070000000e+02
3.913300000000e+06 -1.719480000000e+02 8.032520000000e+02
3.986500000000e+06 -1.706090000000e+02 7.827910000000e+02
4.061100000000e+06 -1.691270000000e+02 7.628410000000e+02
4.137000000000e+06 -1.674530000000e+02 7.435170000000e+02
4.214400000000e+06 -1.657600000000e+02 7.247630000000e+02
4.293300000000e+06 -1.639900000000e+02 7.064930000000e+02
4.373600000000e+06 -1.621240000000e+02 6.886900000000e+02
4.455400000000e+06 -1.600990000000e+02 6.713560000000e+02
4.538700000000e+06 -1.580450000000e+02 6.545180000000e+02
4.623700000000e+06 -1.558770000000e+02 6.381870000000e+02
4.710100000000e+06 -1.537250000000e+02 6.222880000000e+02
4.798300000000e+06 -1.515080000000e+02 6.067590000000e+02
4.888000000000e+06 -1.492480000000e+02 5.916380000000e+02
4.979500000000e+06 -1.469130000000e+02 5.768770000000e+02
5.072600000000e+06 -1.445700000000e+02 5.623400000000e+02
5.167500000000e+06 -1.421190000000e+02 5.483610000000e+02
5.264200000000e+06 -1.395320000000e+02 5.348240000000e+02
5.362600000000e+06 -1.369780000000e+02 5.217490000000e+02
5.463000000000e+06 -1.344920000000e+02 5.090490000000e+02
5.565200000000e+06 -1.320480000000e+02 4.966950000000e+02
5.669300000000e+06 -1.296110000000e+02 4.846440000000e+02
5.775300000000e+06 -1.271790000000e+02 4.729370000000e+02
5.883300000000e+06 -1.247830000000e+02 4.615400000000e+02
5.993400000000e+06 -1.224370000000e+02 4.504140000000e+02
6.105500000000e+06 -1.201080000000e+02 4.395700000000e+02
6.219700000000e+06 -1.177990000000e+02 4.289690000000e+02
6.336100000000e+06 -1.154570000000e+02 4.186430000000e+02
6.454600000000e+06 -1.130920000000e+02 4.085770000000e+02
6.575400000000e+06 -1.107560000000e+02 3.988520000000e+02
6.698400000000e+06 -1.084810000000e+02 3.893840000000e+02
6.823700000000e+06 -1.062530000000e+02 3.801500000000e+02
6.951300000000e+06 -1.040500000000e+02 3.711430000000e+02
7.081400000000e+06 -1.018700000000e+02 3.623890000000e+02
7.213800000000e+06 -9.975300000000e+01 3.538330000000e+02
7.348800000000e+06 -9.767430000000e+01 3.454640000000e+02
7.486200000000e+06 -9.560400000000e+01 3.373070000000e+02
7.626300000000e+06 -9.352170000000e+01 3.293440000000e+02
7.768900000000e+06 -9.147780000000e+01 3.216140000000e+02
7.914300000000e+06 -8.947890000000e+01 3.140970000000e+02
8.062300000000e+06 -8.754100000000e+01 3.067530000000e+02
8.213100000000e+06 -8.562330000000e+01 2.995870000000e+02
8.366800000000e+06 -8.374840000000e+01 2.926070000000e+02
8.523300000000e+06 -8.188950000000e+01 2.857710000000e+02
8.682700000000e+06 -8.005350000000e+01 2.791030000000e+02
8.845200000000e+06 -7.823660000000e+01 2.726090000000e+02
9.010600000000e+06 -7.646740000000e+01 2.663060000000e+02
9.179200000000e+06 -7.473880000000e+01 2.601230000000e+02
9.350900000000e+06 -7.303880000000e+01 2.540800000000e+02
9.525800000000e+06 -7.136130000000e+01 2.481990000000e+02
9.704000000000e+06 -6.970530000000e+01 2.424470000000e+02
9.885600000000e+06 -6.806960000000e+01 2.368450000000e+02
1.007000000000e+07 -6.648000000000e+01 2.313940000000e+02
1.025900000000e+07 -6.491630000000e+01 2.260120000000e+02
1.045100000000e+07 -6.338210000000e+01 2.207990000000e+02
1.064600000000e+07 -6.186400000000e+01 2.157030000000e+02
1.084500000000e+07 -6.037730000000e+01 2.107340000000e+02
1.104800000000e+07 -5.891380000000e+01 2.058910000000e+02
1.125500000000e+07 -5.748030000000e+01 2.011520000000e+02
1.146600000000e+07 -5.608080000000e+01 1.965260000000e+02
1.168000000000e+07 -5.470470000000e+01 1.920200000000e+02
1.189900000000e+07 -5.334260000000e+01 1.876170000000e+02
1.212100000000e+07 -5.201350000000e+01 1.833370000000e+02
1.234800000000e+07 -5.071020000000e+01 1.791390000000e+02
1.257900000000e+07 -4.943100000000e+01 1.750580000000e+02
1.281400000000e+07 -4.818050000000e+01 1.710710000000e+02
1.305400000000e+07 -4.694420000000e+01 1.671600000000e+02
1.329800000000e+07 -4.574040000000e+01 1.633640000000e+02
1.354700000000e+07 -4.455760000000e+01 1.596500000000e+02
1.380000000000e+07 -4.339730000000e+01 1.560380000000e+02
1.405800000000e+07 -4.226340000000e+01 1.525030000000e+02
1.432100000000e+07 -4.114420000000e+01 1.490500000000e+02
1.458900000000e+07 -4.005390000000e+01 1.456730000000e+02
1.486200000000e+07 -3.898360000000e+01 1.423860000000e+02
1.514000000000e+07 -3.793650000000e+01 1.391700000000e+02
1.542300000000e+07 -3.691000000000e+01 1.360430000000e+02
1.571200000000e+07 -3.590720000000e+01 1.329790000000e+02
1.600600000000e+07 -3.491920000000e+01 1.299840000000e+02
1.630500000000e+07 -3.395760000000e+01 1.270740000000e+02
1.661000000000e+07 -3.301160000000e+01 1.242220000000e+02
1.692100000000e+07 -3.208720000000e+01 1.214450000000e+02
1.723800000000e+07 -3.118640000000e+01 1.187300000000e+02
1.756000000000e+07 -3.030570000000e+01 1.160850000000e+02
1.788900000000e+07 -2.943700000000e+01 1.134980000000e+02
1.822300000000e+07 -2.859090000000e+01 1.109720000000e+02
1.856400000000e+07 -2.776240000000e+01 1.085070000000e+02
1.891100000000e+07 -2.695560000000e+01 1.061060000000e+02
1.926500000000e+07 -2.616200000000e+01 1.037500000000e+02
1.962500000000e+07 -2.539230000000e+01 1.014600000000e+02
1.999300000000e+07 -2.463250000000e+01 9.921350000000e+01
2.036700000000e+07 -2.389340000000e+01 9.701840000000e+01
2.074800000000e+07 -2.316440000000e+01 9.488350000000e+01
2.113600000000e+07 -2.245920000000e+01 9.280080000000e+01
2.153100000000e+07 -2.176730000000e+01 9.076270000000e+01
2.193400000000e+07 -2.109070000000e+01 8.877130000000e+01
2.234400000000e+07 -2.043060000000e+01 8.683130000000e+01
2.276200000000e+07 -1.978640000000e+01 8.493600000000e+01
2.318800000000e+07 -1.915410000000e+01 8.308680000000e+01
2.362200000000e+07 -1.853700000000e+01 8.127480000000e+01
2.406400000000e+07 -1.793540000000e+01 7.951340000000e+01
2.451400000000e+07 -1.734530000000e+01 7.778980000000e+01
2.497200000000e+07 -1.677180000000e+01 7.610380000000e+01
2.544000000000e+07 -1.621370000000e+01 7.445930000000e+01
2.591500000000e+07 -1.566550000000e+01 7.285550000000e+01
2.640000000000e+07 -1.513180000000e+01 7.128660000000e+01
2.689400000000e+07 -1.461000000000e+01 6.975910000000e+01
2.739700000000e+07 -1.409980000000e+01 6.826530000000e+01
2.791000000000e+07 -1.360550000000e+01 6.680150000000e+01
2.843200000000e+07 -1.311940000000e+01 6.537870000000e+01
2.896400000000e+07 -1.265060000000e+01 6.398380000000e+01
2.950500000000e+07 -1.218820000000e+01 6.262530000000e+01
3.005700000000e+07 -1.174020000000e+01 6.129710000000e+01
3.062000000000e+07 -1.130120000000e+01 5.999960000000e+01
3.119200000000e+07 -1.087590000000e+01 5.873260000000e+01
3.177600000000e+07 -1.045830000000e+01 5.749230000000e+01
3.237000000000e+07 -1.005610000000e+01 5.628710000000e+01
3.297600000000e+07 -9.657750000000e+00 5.510250000000e+01
3.359300000000e+07 -9.273510000000e+00 5.395430000000e+01
3.422100000000e+07 -8.896680000000e+00 5.282960000000e+01
3.486100000000e+07 -8.533720000000e+00 5.172820000000e+01
3.551400000000e+07 -8.177190000000e+00 5.065110000000e+01
3.617800000000e+07 -7.832410000000e+00 4.960150000000e+01
3.685500000000e+07 -7.494990000000e+00 4.857560000000e+01
3.754400000000e+07 -7.167590000000e+00 4.757500000000e+01
3.824600000000e+07 -6.850080000000e+00 4.659830000000e+01
3.896200000000e+07 -6.537790000000e+00 4.564010000000e+01
3.969100000000e+07 -6.236620000000e+00 4.470530000000e+01
4.043300000000e+07 -5.942520000000e+00 4.379320000000e+01
4.119000000000e+07 -5.655990000000e+00 4.290140000000e+01
4.196000000000e+07 -5.378420000000e+00 4.202810000000e+01
4.274500000000e+07 -5.108710000000e+00 4.117450000000e+01
4.354500000000e+07 -4.845270000000e+00 4.034240000000e+01
4.435900000000e+07 -4.590710000000e+00 3.953260000000e+01
4.518900000000e+07 -4.341480000000e+00 3.873620000000e+01
4.603400000000e+07 -4.100400000000e+00 3.796140000000e+01
4.689500000000e+07 -3.866080000000e+00 3.720200000000e+01
4.777300000000e+07 -3.638290000000e+00 3.645710000000e+01
4.866600000000e+07 -3.415040000000e+00 3.573340000000e+01
4.957700000000e+07 -3.199070000000e+00 3.502310000000e+01
5.050400000000e+07 -2.990630000000e+00 3.433280000000e+01
5.144900000000e+07 -2.787390000000e+00 3.365620000000e+01
5.241100000000e+07 -2.591050000000e+00 3.299520000000e+01
5.339200000000e+07 -2.399860000000e+00 3.234650000000e+01
5.439100000000e+07 -2.214280000000e+00 3.171510000000e+01
5.540800000000e+07 -2.033500000000e+00 3.109720000000e+01
5.644500000000e+07 -1.860000000000e+00 3.049260000000e+01
5.750100000000e+07 -1.689900000000e+00 2.990010000000e+01
5.857600000000e+07 -1.525560000000e+00 2.932380000000e+01
5.967200000000e+07 -1.365450000000e+00 2.875650000000e+01
6.078800000000e+07 -1.210400000000e+00 2.820430000000e+01
6.192500000000e+07 -1.059830000000e+00 2.766450000000e+01
6.308400000000e+07 -9.134310000000e-01 2.713570000000e+01
6.426400000000e+07 -7.719270000000e-01 2.661810000000e+01
6.546600000000e+07 -6.344000000000e-01 2.611260000000e+01
6.669100000000e+07 -5.024450000000e-01 2.561750000000e+01
6.793800000000e+07 -3.718450000000e-01 2.513350000000e+01
6.920900000000e+07 -2.471550000000e-01 2.466140000000e+01
7.050400000000e+07 -1.246180000000e-01 2.419630000000e+01
7.182300000000e+07 -8.264750000000e-03 2.374380000000e+01
7.316600000000e+07 1.067620000000e-01 2.330040000000e+01
7.453500000000e+07 2.170730000000e-01 2.286700000000e+01
7.592900000000e+07 3.257780000000e-01 2.244250000000e+01
7.735000000000e+07 4.293010000000e-01 2.202720000000e+01
7.879700000000e+07 5.295630000000e-01 2.162200000000e+01
8.027100000000e+07 6.263340000000e-01 2.122370000000e+01
8.177200000000e+07 7.209380000000e-01 2.083660000000e+01
8.330200000000e+07 8.123470000000e-01 2.045620000000e+01
8.486000000000e+07 9.013810000000e-01 2.008410000000e+01
8.644800000000e+07 9.864820000000e-01 1.972000000000e+01
8.806500000000e+07 1.069060000000e+00 1.936390000000e+01
8.971200000000e+07 1.149170000000e+00 1.901710000000e+01
9.139000000000e+07 1.224810000000e+00 1.867620000000e+01
9.310000000000e+07 1.299640000000e+00 1.834350000000e+01
9.484200000000e+07 1.371240000000e+00 1.801720000000e+01
9.661600000000e+07 1.441550000000e+00 1.769890000000e+01
9.842300000000e+07 1.507750000000e+00 1.738830000000e+01
1.002600000000e+08 1.573020000000e+00 1.708510000000e+01
1.021400000000e+08 1.635550000000e+00 1.678810000000e+01
1.040500000000e+08 1.695130000000e+00 1.649800000000e+01
1.060000000000e+08 1.753830000000e+00 1.621360000000e+01
1.079800000000e+08 1.808780000000e+00 1.593550000000e+01
1.100000000000e+08 1.861330000000e+00 1.566290000000e+01