4.000000000000e+01 6.381320000000e+03 7.837470000000e+02
4.074800000000e+01 6.344260000000e+03 4.715110000000e+02
4.151100000000e+01 6.401690000000e+03 5.643900000000e+02
4.228700000000e+01 7.495760000000e+03 -2.566710000000e+02
4.307800000000e+01 5.297530000000e+03 -5.845140000000e+02
4.388400000000e+01 6.499910000000e+03 -8.255170000000e+02
4.470500000000e+01 7.140080000000e+03 -3.231860000000e+02
4.554100000000e+01 6.852620000000e+03 3.498950000000e+02
4.639300000000e+01 6.226440000000e+03 8.405670000000e+01
4.726100000000e+01 5.398900000000e+03 1.159060000000e+02
4.814500000000e+01 6.312940000000e+03 -6.915480000000e+01
4.904600000000e+01 6.383300000000e+03 -5.611360000000e+02
4.996300000000e+01 6.746510000000e+03 -1.192770000000e+03
5.089800000000e+01 6.574740000000e+03 2.624580000000e+02
5.185000000000e+01 6.627620000000e+03 -3.986330000000e+02
5.282000000000e+01 6.503580000000e+03 3.429280000000e+02
5.380800000000e+01 7.446390000000e+03 -8.388360000000e+02
5.481500000000e+01 6.342320000000e+03 7.533980000000e+02
5.584000000000e+01 7.631960000000e+03 -3.136240000000e+02
5.688500000000e+01 6.109870000000e+03 3.141270000000e+02
5.794900000000e+01 6.390160000000e+03 1.274730000000e+03
5.903300000000e+01 6.439050000000e+03 1.000370000000e+02
6.013700000000e+01 6.699230000000e+03 6.978980000000e+02
6.126200000000e+01 6.811870000000e+03 2.936780000000e+02
6.240800000000e+01 6.236010000000e+03 -2.675650000000e+01
6.357500000000e+01 6.001600000000e+03 3.593870000000e+02
6.476500000000e+01 6.587820000000e+03 2.026460000000e+02
6.597600000000e+01 6.817660000000e+03 2.848860000000e+02
6.721000000000e+01 6.064210000000e+03 1.118020000000e+02
6.846800000000e+01 6.082640000000e+03 4.372060000000e+02
6.974900000000e+01 6.383390000000e+03 1.718160000000e+02
7.105300000000e+01 6.632000000000e+03 1.324080000000e+02
7.238200000000e+01 6.566940000000e+03 1.953880000000e+02
7.373600000000e+01 6.396190000000e+03 3.283660000000e+02
7.511600000000e+01 6.526040000000e+03 1.444940000000e+02
7.652100000000e+01 6.656260000000e+03 1.100400000000e+02
7.795200000000e+01 6.438090000000e+03 1.423720000000e+02
7.941100000000e+01 6.483750000000e+03 1.739900000000e+02
8.089600000000e+01 6.699720000000e+03 -1.339190000000e+02
8.241000000000e+01 6.326920000000e+03 4.583740000000e+02
8.395100000000e+01 6.248370000000e+03 1.218890000000e+02
8.552200000000e+01 6.872980000000e+03 4.527670000000e+02
8.712100000000e+01 6.320130000000e+03 2.887860000000e+02
8.875100000000e+01 6.472760000000e+03 2.913980000000e+02
9.041100000000e+01 6.283840000000e+03 2.393120000000e+02
9.210300000000e+01 6.595150000000e+03 -1.049100000000e+02
9.382600000000e+01 6.555470000000e+03 1.342370000000e+02
9.558100000000e+01 6.570360000000e+03 2.352090000000e+02
9.736900000000e+01 6.616910000000e+03 4.036390000000e+01
9.919000000000e+01 6.451230000000e+03 4.660300000000e+01
1.010500000000e+02 6.423980000000e+03 2.214710000000e+02
1.029400000000e+02 6.309460000000e+03 2.508370000000e+02
1.048600000000e+02 6.417730000000e+03 2.124530000000e+02
1.068200000000e+02 6.548010000000e+03 4.333140000000e+02
1.088200000000e+02 6.456780000000e+03 1.153670000000e+02
1.108600000000e+02 6.856130000000e+03 -1.627480000000e+02
1.129300000000e+02 6.580340000000e+03 1.169380000000e+02
1.150400000000e+02 6.436730000000e+03 2.343660000000e+02
1.172000000000e+02 6.465020000000e+03 1.607200000000e+02
1.193900000000e+02 6.229110000000e+03 2.811750000000e+02
1.216200000000e+02 6.503600000000e+03 6.848170000000e+01
1.239000000000e+02 6.244550000000e+03 1.877760000000e+02
1.262100000000e+02 6.381370000000e+03 2.382300000000e+02
1.285800000000e+02 6.512350000000e+03 9.977530000000e+01
1.309800000000e+02 6.575750000000e+03 5.457050000000e+01
1.334300000000e+02 6.443980000000e+03 1.510140000000e+02
1.359300000000e+02 6.479490000000e+03 1.556530000000e+02
1.384700000000e+02 6.340050000000e+03 -1.514740000000e+01
1.410600000000e+02 6.500330000000e+03 1.541780000000e+02
1.437000000000e+02 6.340520000000e+03 -2.132730000000e+01
1.463900000000e+02 6.332540000000e+03 1.997560000000e+02
1.491300000000e+02 6.600670000000e+03 2.390990000000e+02
1.519200000000e+02 6.599250000000e+03 1.928200000000e+02
1.547600000000e+02 6.311150000000e+03 1.921760000000e+02
1.576500000000e+02 6.593800000000e+03 1.935610000000e+02
1.606000000000e+02 6.388730000000e+03 -1.456900000000e+02
1.636100000000e+02 6.581480000000e+03 6.534400000000e+01
1.666700000000e+02 6.521640000000e+03 1.786880000000e+02
1.697800000000e+02 6.551460000000e+03 7.310430000000e+01
1.729600000000e+02 6.665140000000e+03 9.766230000000e+01
1.762000000000e+02 6.374390000000e+03 1.310000000000e+02
1.794900000000e+02 6.403620000000e+03 -3.250430000000e+01
1.828500000000e+02 6.632310000000e+03 2.018550000000e+02
1.862700000000e+02 6.356000000000e+03 6.750720000000e+01
1.897500000000e+02 6.595700000000e+03 1.313580000000e+02
1.933000000000e+02 6.413390000000e+03 1.573890000000e+02
1.969200000000e+02 6.438950000000e+03 8.055710000000e+01
2.006000000000e+02 6.612870000000e+03 7.775960000000e+01
2.043600000000e+02 6.461530000000e+03 8.893410000000e+01
2.081800000000e+02 6.533620000000e+03 1.694200000000e+02
2.120700000000e+02 6.499640000000e+03 5.281280000000e+01
2.160400000000e+02 6.495400000000e+03 1.792330000000e+02
2.200800000000e+02 6.544650000000e+03 2.175340000000e+02
2.242000000000e+02 6.327600000000e+03 -1.952800000000e+00
2.283900000000e+02 6.469710000000e+03 7.837320000000e+01
2.326700000000e+02 6.373010000000e+03 1.371460000000e+02
2.370200000000e+02 6.395420000000e+03 1.389680000000e+02
2.414500000000e+02 6.475060000000e+03 1.173580000000e+02
2.459700000000e+02 6.452220000000e+03 -2.901760000000e+01
2.505700000000e+02 6.484610000000e+03 7.773420000000e+01
2.552600000000e+02 6.536590000000e+03 4.874320000000e+01
2.600300000000e+02 6.474260000000e+03 5.113820000000e+01
2.649000000000e+02 6.415380000000e+03 1.224200000000e+02
2.698500000000e+02 6.466550000000e+03 1.279100000000e+02
2.749000000000e+02 6.490040000000e+03 -1.059300000000e+01
2.800400000000e+02 6.444970000000e+03 2.865050000000e+01
2.852800000000e+02 6.538050000000e+03 7.259480000000e+01
2.906200000000e+02 6.507270000000e+03 7.437900000000e+01
2.960500000000e+02 6.426610000000e+03 1.121190000000e+02
3.015900000000e+02 6.421940000000e+03 -4.085020000000e+01
3.072300000000e+02 6.394890000000e+03 1.142030000000e+02
3.129800000000e+02 6.475510000000e+03 6.714580000000e+01
3.188400000000e+02 6.480220000000e+03 9.749450000000e+01
3.248000000000e+02 6.477590000000e+03 9.796250000000e+01
3.308800000000e+02 6.382850000000e+03 5.477410000000e+01
3.370700000000e+02 6.450110000000e+03 4.461560000000e+01
3.433700000000e+02 6.442600000000e+03 1.255200000000e+02
3.497900000000e+02 6.549300000000e+03 8.409420000000e+01
3.563400000000e+02 6.500610000000e+03 7.120480000000e+01
3.630000000000e+02 6.459720000000e+03 4.740300000000e+00
3.697900000000e+02 6.415040000000e+03 1.267950000000e+02
3.767100000000e+02 6.451790000000e+03 1.251680000000e+02
3.837600000000e+02 6.439230000000e+03 5.765360000000e+01
3.909400000000e+02 6.492580000000e+03 4.797400000000e+01
3.982500000000e+02 6.465530000000e+03 4.049720000000e+01
4.057000000000e+02 6.457530000000e+03 5.832530000000e+01
4.132900000000e+02 6.400180000000e+03 3.739750000000e+01
4.210200000000e+02 6.446900000000e+03 7.122110000000e+01
4.289000000000e+02 6.471020000000e+03 1.445970000000e+02
4.369200000000e+02 6.433360000000e+03 4.947370000000e+01
4.450900000000e+02 6.459420000000e+03 1.020270000000e+02
4.534200000000e+02 6.460850000000e+03 4.239620000000e+01
4.619000000000e+02 6.475130000000e+03 5.947300000000e+01
4.705400000000e+02 6.489320000000e+03 6.305490000000e+01
4.793500000000e+02 6.494700000000e+03 2.812300000000e+01
4.883100000000e+02 6.507260000000e+03 1.180380000000e+02
4.974500000000e+02 6.502110000000e+03 7.558850000000e+01
5.067500000000e+02 6.489300000000e+03 6.168370000000e+01
5.162300000000e+02 6.442960000000e+03 2.684360000000e+01
5.258900000000e+02 6.473240000000e+03 8.166530000000e+01
5.357300000000e+02 6.462780000000e+03 5.944930000000e+01
5.457500000000e+02 6.443870000000e+03 7.882410000000e+01
5.559600000000e+02 6.439320000000e+03 4.102330000000e+01
5.663600000000e+02 6.425380000000e+03 4.852170000000e+01
5.769500000000e+02 6.439420000000e+03 5.400190000000e+01
5.877500000000e+02 6.460780000000e+03 2.754420000000e+01
5.987400000000e+02 6.475610000000e+03 5.691720000000e+01
6.099400000000e+02 6.432860000000e+03 4.442050000000e+01
6.213500000000e+02 6.452640000000e+03 4.027830000000e+01
6.329700000000e+02 6.441730000000e+03 7.114750000000e+01
6.448200000000e+02 6.465710000000e+03 7.885620000000e+01
6.568800000000e+02 6.453370000000e+03 6.903830000000e+01
6.691700000000e+02 6.451720000000e+03 5.935610000000e+01
6.816800000000e+02 6.452770000000e+03 6.740790000000e+01
6.944400000000e+02 6.455180000000e+03 3.773980000000e+01
7.074300000000e+02 6.463700000000e+03 5.960020000000e+01
7.206600000000e+02 6.467610000000e+03 4.639790000000e+01
7.341400000000e+02 6.456540000000e+03 4.869430000000e+01
7.478700000000e+02 6.470440000000e+03 5.493430000000e+01
7.618600000000e+02 6.433670000000e+03 5.312370000000e+01
7.761200000000e+02 6.469080000000e+03 7.312470000000e+01
7.906300000000e+02 6.461910000000e+03 5.771980000000e+01
8.054300000000e+02 6.452250000000e+03 6.230990000000e+01
8.204900000000e+02 6.454290000000e+03 7.137920000000e+01
8.358400000000e+02 6.447930000000e+03 4.844610000000e+01
8.514800000000e+02 6.452380000000e+03 6.801600000000e+01
8.674000000000e+02 6.467400000000e+03 5.567490000000e+01
8.836300000000e+02 6.464760000000e+03 5.708360000000e+01
9.001600000000e+02 6.466550000000e+03 7.382780000000e+01
9.170000000000e+02 6.456510000000e+03 8.411950000000e+01
9.341500000000e+02 6.469560000000e+03 5.033420000000e+01
9.516300000000e+02 6.465910000000e+03 5.267300000000e+01
9.694300000000e+02 6.471950000000e+03 6.228220000000e+01
9.875700000000e+02 6.454420000000e+03 5.095200000000e+01
1.006000000000e+03 6.454680000000e+03 5.702230000000e+01
1.024900000000e+03 6.453610000000e+03 5.579200000000e+01
1.044000000000e+03 6.462850000000e+03 5.678030000000e+01
1.063600000000e+03 6.459240000000e+03 5.303440000000e+01
1.083500000000e+03 6.449070000000e+03 6.465250000000e+01
1.103700000000e+03 6.472810000000e+03 5.841390000000e+01
1.124400000000e+03 6.446510000000e+03 6.496310000000e+01
1.145400000000e+03 6.473910000000e+03 5.560270000000e+01
1.166800000000e+03 6.448360000000e+03 7.443520000000e+01
1.188700000000e+03 6.456370000000e+03 7.153920000000e+01
1.210900000000e+03 6.466290000000e+03 6.080180000000e+01
1.233500000000e+03 6.448270000000e+03 5.798730000000e+01
1.256600000000e+03 6.450100000000e+03 6.148320000000e+01
1.280100000000e+03 6.453490000000e+03 6.425190000000e+01
1.304100000000e+03 6.444960000000e+03 4.597090000000e+01
1.328500000000e+03 6.454940000000e+03 6.997380000000e+01
1.353300000000e+03 6.440740000000e+03 6.317660000000e+01
1.378600000000e+03 6.446180000000e+03 8.083580000000e+01
1.404400000000e+03 6.458220000000e+03 5.844190000000e+01
1.430700000000e+03 6.458770000000e+03 6.543790000000e+01
1.457500000000e+03 6.449250000000e+03 7.360960000000e+01
1.484700000000e+03 6.444520000000e+03 5.670750000000e+01
1.512500000000e+03 6.448220000000e+03 7.048190000000e+01
1.540800000000e+03 6.451380000000e+03 5.651950000000e+01
1.569600000000e+03 6.461770000000e+03 6.151530000000e+01
1.599000000000e+03 6.447300000000e+03 5.772250000000e+01
1.628900000000e+03 6.452320000000e+03 6.177610000000e+01
1.659400000000e+03 6.453640000000e+03 6.868470000000e+01
1.690400000000e+03 6.451050000000e+03 5.511950000000e+01
1.722000000000e+03 6.455230000000e+03 5.750190000000e+01
1.754200000000e+03 6.461080000000e+03 5.933120000000e+01
1.787100000000e+03 6.453010000000e+03 6.114460000000e+01
1.820500000000e+03 6.455130000000e+03 6.497250000000e+01
1.854500000000e+03 6.460960000000e+03 5.927370000000e+01
1.889200000000e+03 6.448570000000e+03 7.409480000000e+01
1.924600000000e+03 6.456630000000e+03 6.561110000000e+01
1.960600000000e+03 6.451680000000e+03 7.098620000000e+01
1.997300000000e+03 6.446060000000e+03 6.361030000000e+01
2.034600000000e+03 6.446720000000e+03 6.876970000000e+01
2.072700000000e+03 6.460280000000e+03 6.736800000000e+01
2.111500000000e+03 6.448670000000e+03 6.076790000000e+01
2.151000000000e+03 6.445540000000e+03 4.975890000000e+01
2.191200000000e+03 6.456580000000e+03 6.629900000000e+01
2.232200000000e+03 6.455900000000e+03 5.966240000000e+01
2.273900000000e+03 6.456490000000e+03 5.988920000000e+01
2.316500000000e+03 6.458790000000e+03 6.439630000000e+01
2.359800000000e+03 6.450030000000e+03 6.306370000000e+01
2.404000000000e+03 6.458390000000e+03 6.228540000000e+01
2.448900000000e+03 6.446620000000e+03 6.437390000000e+01
2.494700000000e+03 6.451170000000e+03 6.420840000000e+01
2.541400000000e+03 6.450140000000e+03 6.516790000000e+01
2.588900000000e+03 6.446520000000e+03 6.278450000000e+01
2.637400000000e+03 6.451520000000e+03 6.342510000000e+01
2.686700000000e+03 6.444630000000e+03 5.644780000000e+01
2.737000000000e+03 6.446040000000e+03 6.569650000000e+01
2.788200000000e+03 6.453390000000e+03 6.503780000000e+01
2.840300000000e+03 6.447420000000e+03 6.464780000000e+01
2.893500000000e+03 6.448980000000e+03 6.665780000000e+01
2.947600000000e+03 6.445070000000e+03 6.319950000000e+01
3.002700000000e+03 6.448660000000e+03 6.255520000000e+01
3.058900000000e+03 6.455960000000e+03 6.595610000000e+01
3.116100000000e+03 6.455970000000e+03 6.221630000000e+01
3.174400000000e+03 6.449860000000e+03 6.407590000000e+01
3.233800000000e+03 6.450620000000e+03 6.357900000000e+01
3.294300000000e+03 6.442330000000e+03 6.713090000000e+01
3.355900000000e+03 6.449710000000e+03 6.529190000000e+01
3.418700000000e+03 6.444530000000e+03 6.824720000000e+01
3.482600000000e+03 6.449490000000e+03 6.737800000000e+01
3.547800000000e+03 6.446180000000e+03 6.864800000000e+01
3.614200000000e+03 6.452170000000e+03 6.769950000000e+01
3.681800000000e+03 6.445370000000e+03 7.215610000000e+01
3.750600000000e+03 6.447070000000e+03 6.847070000000e+01
3.820800000000e+03 6.448020000000e+03 6.576030000000e+01
3.892300000000e+03 6.448510000000e+03 6.617160000000e+01
3.965100000000e+03 6.447610000000e+03 6.325420000000e+01
4.039300000000e+03 6.444240000000e+03 6.978790000000e+01
4.114800000000e+03 6.446110000000e+03 6.653280000000e+01
4.191800000000e+03 6.443680000000e+03 7.073210000000e+01
4.270200000000e+03 6.443410000000e+03 6.983170000000e+01
4.350100000000e+03 6.443760000000e+03 7.465100000000e+01
4.431500000000e+03 6.447070000000e+03 7.257670000000e+01
4.514400000000e+03 6.448090000000e+03 7.033050000000e+01
4.598800000000e+03 6.441760000000e+03 7.398150000000e+01
4.684800000000e+03 6.445560000000e+03 7.334710000000e+01
4.772500000000e+03 6.445600000000e+03 7.525700000000e+01
4.861800000000e+03 6.443530000000e+03 7.153130000000e+01
4.952700000000e+03 6.445910000000e+03 7.425600000000e+01
5.045400000000e+03 6.447730000000e+03 7.386840000000e+01
5.139700000000e+03 6.441380000000e+03 7.431190000000e+01
5.235900000000e+03 6.445090000000e+03 7.561460000000e+01
5.333800000000e+03 6.442520000000e+03 7.473450000000e+01
5.433600000000e+03 6.445760000000e+03 7.674600000000e+01
5.535300000000e+03 6.442590000000e+03 7.649670000000e+01
5.638800000000e+03 6.445100000000e+03 7.634570000000e+01
5.744300000000e+03 6.446330000000e+03 7.772280000000e+01
5.851700000000e+03 6.444450000000e+03 7.812510000000e+01
5.961200000000e+03 6.445490000000e+03 7.617250000000e+01
6.072700000000e+03 6.444640000000e+03 7.730390000000e+01
6.186300000000e+03 6.446320000000e+03 7.932260000000e+01
6.302100000000e+03 6.442600000000e+03 7.778750000000e+01
6.419900000000e+03 6.442220000000e+03 7.729910000000e+01
6.540000000000e+03 6.443150000000e+03 7.839390000000e+01
6.662400000000e+03 6.443660000000e+03 7.990780000000e+01
6.787000000000e+03 6.444530000000e+03 8.040300000000e+01
6.914000000000e+03 6.444560000000e+03 8.095400000000e+01
7.043300000000e+03 6.442360000000e+03 8.224480000000e+01
7.175100000000e+03 6.445350000000e+03 8.130030000000e+01
7.309300000000e+03 6.443650000000e+03 8.467470000000e+01
7.446000000000e+03 6.441900000000e+03 8.441790000000e+01
7.585300000000e+03 6.442470000000e+03 8.291190000000e+01
7.727200000000e+03 6.443950000000e+03 8.528700000000e+01
7.871800000000e+03 6.444580000000e+03 8.378760000000e+01
8.019000000000e+03 6.444790000000e+03 8.499340000000e+01
8.169000000000e+03 6.443110000000e+03 8.554780000000e+01
8.321800000000e+03 6.443480000000e+03 8.706890000000e+01
8.477500000000e+03 6.443670000000e+03 8.808920000000e+01
8.636100000000e+03 6.445060000000e+03 8.853240000000e+01
8.797700000000e+03 6.443660000000e+03 8.869310000000e+01
8.962200000000e+03 6.441920000000e+03 9.016100000000e+01
9.129900000000e+03 6.442890000000e+03 8.981640000000e+01
9.300700000000e+03 6.443230000000e+03 9.046370000000e+01
9.474700000000e+03 6.443470000000e+03 9.269790000000e+01
9.651900000000e+03 6.442400000000e+03 9.151090000000e+01
9.832500000000e+03 6.443770000000e+03 9.462760000000e+01
1.001600000000e+04 6.442750000000e+03 9.318270000000e+01
1.020400000000e+04 6.443360000000e+03 9.527360000000e+01
1.039500000000e+04 6.442970000000e+03 9.533410000000e+01
1.058900000000e+04 6.443070000000e+03 9.674910000000e+01
1.078700000000e+04 6.442670000000e+03 9.778700000000e+01
1.098900000000e+04 6.444880000000e+03 1.002440000000e+02
1.119500000000e+04 6.442250000000e+03 9.935450000000e+01
1.140400000000e+04 6.443220000000e+03 9.965320000000e+01
1.161700000000e+04 6.444380000000e+03 1.005360000000e+02
1.183500000000e+04 6.443030000000e+03 1.037270000000e+02
1.205600000000e+04 6.444030000000e+03 1.030960000000e+02
1.228200000000e+04 6.444310000000e+03 1.040380000000e+02
1.251100000000e+04 6.444060000000e+03 1.052950000000e+02
1.274500000000e+04 6.445320000000e+03 1.063610000000e+02
1.298400000000e+04 6.443310000000e+03 1.068270000000e+02
1.322700000000e+04 6.444800000000e+03 1.089840000000e+02
1.347400000000e+04 6.444150000000e+03 1.100890000000e+02
1.372600000000e+04 6.444820000000e+03 1.103560000000e+02
1.398300000000e+04 6.444650000000e+03 1.123390000000e+02
1.424400000000e+04 6.444010000000e+03 1.132420000000e+02
1.451100000000e+04 6.446160000000e+03 1.131870000000e+02
1.478200000000e+04 6.445960000000e+03 1.148100000000e+02
1.505900000000e+04 6.446010000000e+03 1.157300000000e+02
1.534100000000e+04 6.445570000000e+03 1.176500000000e+02
1.562800000000e+04 6.445680000000e+03 1.196410000000e+02
1.592000000000e+04 6.446300000000e+03 1.196250000000e+02
1.621800000000e+04 6.446760000000e+03 1.206530000000e+02
1.652100000000e+04 6.447170000000e+03 1.226050000000e+02
1.683000000000e+04 6.448570000000e+03 1.236790000000e+02
1.714500000000e+04 6.448320000000e+03 1.253730000000e+02
1.746600000000e+04 6.449580000000e+03 1.261920000000e+02
1.779200000000e+04 6.449890000000e+03 1.273610000000e+02
1.812500000000e+04 6.449890000000e+03 1.296280000000e+02
1.846400000000e+04 6.450650000000e+03 1.302040000000e+02
1.881000000000e+04 6.450850000000e+03 1.320250000000e+02
1.916200000000e+04 6.450700000000e+03 1.332370000000e+02
1.952000000000e+04 6.451710000000e+03 1.354820000000e+02
1.988500000000e+04 6.452240000000e+03 1.358360000000e+02
2.025700000000e+04 6.452530000000e+03 1.377670000000e+02
2.063600000000e+04 6.452720000000e+03 1.398290000000e+02
2.102200000000e+04 6.453610000000e+03 1.406000000000e+02
2.141500000000e+04 6.453970000000e+03 1.427520000000e+02
2.181600000000e+04 6.454710000000e+03 1.451340000000e+02
2.222400000000e+04 6.454860000000e+03 1.470340000000e+02
2.264000000000e+04 6.455280000000e+03 1.484030000000e+02
2.306300000000e+04 6.456350000000e+03 1.505610000000e+02
2.349500000000e+04 6.457000000000e+03 1.522860000000e+02
2.393400000000e+04 6.457260000000e+03 1.549580000000e+02
2.438200000000e+04 6.457960000000e+03 1.568260000000e+02
2.483800000000e+04 6.458320000000e+03 1.583270000000e+02
2.530300000000e+04 6.459310000000e+03 1.605180000000e+02
2.577600000000e+04 6.459960000000e+03 1.619130000000e+02
2.625800000000e+04 6.460700000000e+03 1.641660000000e+02
2.675000000000e+04 6.461220000000e+03 1.673010000000e+02
2.725000000000e+04 6.462430000000e+03 1.692100000000e+02
2.776000000000e+04 6.463510000000e+03 1.711690000000e+02
2.827900000000e+04 6.463850000000e+03 1.734440000000e+02
2.880800000000e+04 6.464600000000e+03 1.759710000000e+02
2.934700000000e+04 6.466370000000e+03 1.786100000000e+02
2.989600000000e+04 6.466640000000e+03 1.800920000000e+02
3.045500000000e+04 6.467650000000e+03 1.828440000000e+02
3.102500000000e+04 6.468870000000e+03 1.856980000000e+02
3.160500000000e+04 6.470040000000e+03 1.878940000000e+02
3.219700000000e+04 6.470900000000e+03 1.900430000000e+02
3.279900000000e+04 6.472120000000e+03 1.927860000000e+02
3.341200000000e+04 6.472680000000e+03 1.961040000000e+02
3.403700000000e+04 6.474240000000e+03 1.981870000000e+02
3.467400000000e+04 6.475020000000e+03 2.017370000000e+02
3.532300000000e+04 6.476140000000e+03 2.039410000000e+02
3.598400000000e+04 6.478520000000e+03 2.065570000000e+02
3.665700000000e+04 6.479650000000e+03 2.098470000000e+02
3.734200000000e+04 6.480600000000e+03 2.128720000000e+02
3.804100000000e+04 6.482640000000e+03 2.158850000000e+02
3.875300000000e+04 6.483780000000e+03 2.187250000000e+02
3.947800000000e+04 6.485060000000e+03 2.225650000000e+02
4.021600000000e+04 6.486900000000e+03 2.259740000000e+02
4.096800000000e+04 6.488930000000e+03 2.287490000000e+02
4.173500000000e+04 6.490730000000e+03 2.329380000000e+02
4.251500000000e+04 6.492690000000e+03 2.368790000000e+02
4.331100000000e+04 6.495120000000e+03 2.410750000000e+02
4.412100000000e+04 6.496690000000e+03 2.444710000000e+02
4.494600000000e+04 6.499720000000e+03 2.482230000000e+02
4.578700000000e+04 6.502130000000e+03 2.519540000000e+02
4.664400000000e+04 6.504400000000e+03 2.563820000000e+02
4.751600000000e+04 6.506910000000e+03 2.607300000000e+02
4.840500000000e+04 6.509100000000e+03 2.650640000000e+02
4.931100000000e+04 6.511810000000e+03 2.701210000000e+02
5.023300000000e+04 6.514650000000e+03 2.743070000000e+02
5.117300000000e+04 6.517240000000e+03 2.788030000000e+02
5.213000000000e+04 6.520680000000e+03 2.842360000000e+02
5.310500000000e+04 6.524140000000e+03 2.891580000000e+02
5.409900000000e+04 6.527710000000e+03 2.944390000000e+02
5.511100000000e+04 6.530730000000e+03 2.999670000000e+02
5.614100000000e+04 6.534750000000e+03 3.055390000000e+02
5.719200000000e+04 6.538780000000e+03 3.116410000000e+02
5.826200000000e+04 6.542330000000e+03 3.171900000000e+02
5.935100000000e+04 6.546460000000e+03 3.235360000000e+02
6.046200000000e+04 6.550790000000e+03 3.296470000000e+02
6.159300000000e+04 6.555320000000e+03 3.363070000000e+02
6.274500000000e+04 6.560310000000e+03 3.429270000000e+02
6.391900000000e+04 6.564600000000e+03 3.497140000000e+02
6.511400000000e+04 6.569900000000e+03 3.570770000000e+02
6.633200000000e+04 6.575120000000e+03 3.641540000000e+02
6.757300000000e+04 6.580560000000e+03 3.721140000000e+02
6.883700000000e+04 6.585940000000e+03 3.805120000000e+02
7.012500000000e+04 6.592090000000e+03 3.890360000000e+02
7.143700000000e+04 6.598890000000e+03 3.976020000000e+02
7.277300000000e+04 6.605300000000e+03 4.069550000000e+02
7.413500000000e+04 6.612650000000e+03 4.160290000000e+02
7.552100000000e+04 6.619740000000e+03 4.255790000000e+02
7.693400000000e+04 6.627410000000e+03 4.361510000000e+02
7.837300000000e+04 6.635210000000e+03 4.466640000000e+02
7.984000000000e+04 6.643760000000e+03 4.584940000000e+02
8.133300000000e+04 6.653360000000e+03 4.705490000000e+02
8.285500000000e+04 6.664980000000e+03 4.847370000000e+02
8.440400000000e+04 6.686470000000e+03 5.030420000000e+02
8.598300000000e+04 6.583260000000e+03 5.947740000000e+02
8.759200000000e+04 6.656250000000e+03 5.182860000000e+02
8.923000000000e+04 6.675750000000e+03 5.324930000000e+02
9.090000000000e+04 6.688650000000e+03 5.481510000000e+02
9.260000000000e+04 6.700240000000e+03 5.636220000000e+02
9.433200000000e+04 6.711020000000e+03 5.794800000000e+02
9.609700000000e+04 6.721030000000e+03 5.976890000000e+02
9.789500000000e+04 6.731140000000e+03 6.158370000000e+02
9.972600000000e+04 6.742080000000e+03 6.334690000000e+02
1.015900000000e+05 6.752830000000e+03 6.539180000000e+02
1.034900000000e+05 6.763090000000e+03 6.746340000000e+02
1.054300000000e+05 6.773240000000e+03 6.958020000000e+02
1.074000000000e+05 6.784290000000e+03 7.179460000000e+02
1.094100000000e+05 6.795260000000e+03 7.416770000000e+02
1.114600000000e+05 6.807130000000e+03 7.667860000000e+02
1.135400000000e+05 6.816170000000e+03 7.908470000000e+02
1.156600000000e+05 6.827030000000e+03 8.178120000000e+02
1.178300000000e+05 6.837080000000e+03 8.454120000000e+02
1.200300000000e+05 6.847040000000e+03 8.744600000000e+02
1.222800000000e+05 6.856560000000e+03 9.051600000000e+02
1.245700000000e+05 6.863850000000e+03 9.426010000000e+02
1.269000000000e+05 6.871650000000e+03 9.681600000000e+02
1.292700000000e+05 6.880960000000e+03 1.002820000000e+03
1.316900000000e+05 6.888780000000e+03 1.036570000000e+03
1.341500000000e+05 6.896440000000e+03 1.072700000000e+03
1.366600000000e+05 6.903300000000e+03 1.110910000000e+03
1.392200000000e+05 6.908570000000e+03 1.149380000000e+03
1.418200000000e+05 6.913980000000e+03 1.190000000000e+03
1.444700000000e+05 6.918250000000e+03 1.231160000000e+03
1.471800000000e+05 6.920970000000e+03 1.273780000000e+03
1.499300000000e+05 6.923550000000e+03 1.316970000000e+03
1.527400000000e+05 6.924600000000e+03 1.361380000000e+03
1.555900000000e+05 6.925230000000e+03 1.407320000000e+03
1.585000000000e+05 6.924370000000e+03 1.454670000000e+03
1.614700000000e+05 6.921020000000e+03 1.502280000000e+03
1.644900000000e+05 6.918190000000e+03 1.551210000000e+03
1.675700000000e+05 6.913590000000e+03 1.600690000000e+03
1.707000000000e+05 6.907640000000e+03 1.651230000000e+03
1.738900000000e+05 6.900770000000e+03 1.702630000000e+03
1.771500000000e+05 6.892060000000e+03 1.754800000000e+03
1.804600000000e+05 6.882790000000e+03 1.807800000000e+03
1.838400000000e+05 6.871210000000e+03 1.861400000000e+03
1.872700000000e+05 6.859360000000e+03 1.915690000000e+03
1.907800000000e+05 6.845560000000e+03 1.970900000000e+03
1.943500000000e+05 6.830700000000e+03 2.025750000000e+03
1.979800000000e+05 6.813710000000e+03 2.081700000000e+03
2.016900000000e+05 6.795220000000e+03 2.137640000000e+03
2.054600000000e+05 6.776970000000e+03 2.194010000000e+03
2.093000000000e+05 6.756500000000e+03 2.252080000000e+03
2.132200000000e+05 6.734750000000e+03 2.309440000000e+03
2.172100000000e+05 6.711600000000e+03 2.366860000000e+03
2.212700000000e+05 6.688140000000e+03 2.425360000000e+03
2.254100000000e+05 6.663130000000e+03 2.484420000000e+03
2.296300000000e+05 6.636700000000e+03 2.543560000000e+03
2.339200000000e+05 6.608360000000e+03 2.603230000000e+03
2.383000000000e+05 6.579010000000e+03 2.663010000000e+03
2.427500000000e+05 6.547950000000e+03 2.724460000000e+03
2.473000000000e+05 6.515410000000e+03 2.785050000000e+03
2.519200000000e+05 6.481380000000e+03 2.846900000000e+03
2.566300000000e+05 6.446000000000e+03 2.908780000000e+03
2.614400000000e+05 6.408550000000e+03 2.971270000000e+03
2.663300000000e+05 6.369830000000e+03 3.034450000000e+03
2.713100000000e+05 6.328930000000e+03 3.097800000000e+03
2.763800000000e+05 6.286690000000e+03 3.161240000000e+03
2.815500000000e+05 6.241540000000e+03 3.226120000000e+03
2.868200000000e+05 6.194810000000e+03 3.290150000000e+03
2.921900000000e+05 6.145280000000e+03 3.355550000000e+03
2.976500000000e+05 6.093550000000e+03 3.421030000000e+03
3.032200000000e+05 6.039900000000e+03 3.485710000000e+03
3.088900000000e+05 5.983200000000e+03 3.551270000000e+03
3.146700000000e+05 5.924240000000e+03 3.615520000000e+03
3.205600000000e+05 5.862820000000e+03 3.678940000000e+03
3.265500000000e+05 5.798160000000e+03 3.743910000000e+03
3.326600000000e+05 5.730980000000e+03 3.807710000000e+03
3.388900000000e+05 5.661170000000e+03 3.870780000000e+03
3.452200000000e+05 5.587560000000e+03 3.932780000000e+03
3.516800000000e+05 5.511380000000e+03 3.993160000000e+03
3.582600000000e+05 5.432690000000e+03 4.050230000000e+03
3.649600000000e+05 5.355070000000e+03 4.108970000000e+03
3.717900000000e+05 5.270730000000e+03 4.166850000000e+03
3.787500000000e+05 5.183120000000e+03 4.222510000000e+03
3.858300000000e+05 5.093590000000e+03 4.275640000000e+03
3.930500000000e+05 5.001140000000e+03 4.326620000000e+03
4.004000000000e+05 4.906090000000e+03 4.375110000000e+03
4.078900000000e+05 4.808580000000e+03 4.421060000000e+03
4.155200000000e+05 4.708330000000e+03 4.464100000000e+03
4.232900000000e+05 4.605830000000e+03 4.504620000000e+03
4.312100000000e+05 4.501680000000e+03 4.541050000000e+03
4.392800000000e+05 4.395140000000e+03 4.575430000000e+03
4.475000000000e+05 4.288050000000e+03 4.605120000000e+03
4.558700000000e+05 4.178990000000e+03 4.632670000000e+03
4.644000000000e+05 4.068700000000e+03 4.655650000000e+03
4.730800000000e+05 3.958810000000e+03 4.676330000000e+03
4.819300000000e+05 3.846180000000e+03 4.693120000000e+03
4.909500000000e+05 3.732640000000e+03 4.706010000000e+03
5.001300000000e+05 3.618930000000e+03 4.715290000000e+03
5.094900000000e+05 3.505310000000e+03 4.720000000000e+03
5.190200000000e+05 3.391920000000e+03 4.721390000000e+03
5.287300000000e+05 3.278200000000e+03 4.719220000000e+03
5.386200000000e+05 3.165830000000e+03 4.712340000000e+03
5.487000000000e+05 3.055360000000e+03 4.702950000000e+03
5.589600000000e+05 2.944610000000e+03 4.690920000000e+03
5.694200000000e+05 2.834550000000e+03 4.675020000000e+03
5.800700000000e+05 2.725440000000e+03 4.655010000000e+03
5.909200000000e+05 2.619920000000e+03 4.632580000000e+03
6.019700000000e+05 2.513450000000e+03 4.608270000000e+03
6.132300000000e+05 2.408650000000e+03 4.579760000000e+03
6.247100000000e+05 2.305850000000e+03 4.547890000000e+03
6.363900000000e+05 2.205600000000e+03 4.512550000000e+03
6.483000000000e+05 2.111180000000e+03 4.477890000000e+03
6.604200000000e+05 2.013340000000e+03 4.440870000000e+03
6.727800000000e+05 1.918530000000e+03 4.399850000000e+03
6.853600000000e+05 1.826970000000e+03 4.356830000000e+03
6.981800000000e+05 1.737820000000e+03 4.313120000000e+03
7.112500000000e+05 1.650000000000e+03 4.267650000000e+03
7.245500000000e+05 1.564170000000e+03 4.219800000000e+03
7.381000000000e+05 1.480500000000e+03 4.170700000000e+03
7.519100000000e+05 1.399630000000e+03 4.119700000000e+03
7.659800000000e+05 1.321240000000e+03 4.067140000000e+03
7.803100000000e+05 1.245710000000e+03 4.013440000000e+03
7.949000000000e+05 1.173330000000e+03 3.959880000000e+03
8.097700000000e+05 1.101850000000e+03 3.906540000000e+03
8.249200000000e+05 1.031610000000e+03 3.851060000000e+03
8.403500000000e+05 9.644620000000e+02 3.794650000000e+03
8.560700000000e+05 8.994250000000e+02 3.737700000000e+03
8.720900000000e+05 8.366140000000e+02 3.680110000000e+03
8.884000000000e+05 7.756790000000e+02 3.622280000000e+03
9.050200000000e+05 7.170390000000e+02 3.563770000000e+03
9.219500000000e+05 6.607490000000e+02 3.504920000000e+03
9.392000000000e+05 6.062430000000e+02 3.445870000000e+03
9.567700000000e+05 5.538840000000e+02 3.386630000000e+03
9.746700000000e+05 5.032900000000e+02 3.327130000000e+03
9.929000000000e+05 4.549270000000e+02 3.267770000000e+03
1.011500000000e+06 4.083440000000e+02 3.208580000000e+03
1.030400000000e+06 3.638190000000e+02 3.149810000000e+03
1.049700000000e+06 3.196800000000e+02 3.090540000000e+03
1.069300000000e+06 2.783640000000e+02 3.030920000000e+03
1.089300000000e+06 2.391170000000e+02 2.971710000000e+03
1.109700000000e+06 2.011420000000e+02 2.913040000000e+03
1.130400000000e+06 1.650580000000e+02 2.854530000000e+03
1.151600000000e+06 1.304620000000e+02 2.795810000000e+03
1.173100000000e+06 9.791190000000e+01 2.737450000000e+03
1.195100000000e+06 6.701200000000e+01 2.679380000000e+03
1.217400000000e+06 3.756900000000e+01 2.621840000000e+03
1.240200000000e+06 9.915880000000e+00 2.564440000000e+03
1.263400000000e+06 -1.627420000000e+01 2.507750000000e+03
1.287000000000e+06 -4.108570000000e+01 2.451490000000e+03
1.311100000000e+06 -6.424570000000e+01 2.395470000000e+03
1.335600000000e+06 -8.587720000000e+01 2.340160000000e+03
1.360600000000e+06 -1.057360000000e+02 2.285190000000e+03
1.386100000000e+06 -1.236550000000e+02 2.231390000000e+03
1.412000000000e+06 -1.411820000000e+02 2.178840000000e+03
1.438400000000e+06 -1.571930000000e+02 2.126380000000e+03
1.465300000000e+06 -1.721930000000e+02 2.074690000000e+03
1.492700000000e+06 -1.855950000000e+02 2.023910000000e+03
1.520700000000e+06 -1.977780000000e+02 1.973710000000e+03
1.549100000000e+06 -2.087510000000e+02 1.924500000000e+03
1.578100000000e+06 -2.187270000000e+02 1.876110000000e+03
1.607600000000e+06 -2.275410000000e+02 1.828540000000e+03
1.637700000000e+06 -2.351790000000e+02 1.781950000000e+03
1.668300000000e+06 -2.417590000000e+02 1.736200000000e+03
1.699500000000e+06 -2.474360000000e+02 1.691610000000e+03
1.731300000000e+06 -2.519790000000e+02 1.648070000000e+03
1.763700000000e+06 -2.561100000000e+02 1.605600000000e+03
1.796700000000e+06 -2.594340000000e+02 1.563980000000e+03
1.830300000000e+06 -2.619440000000e+02 1.523250000000e+03
1.864600000000e+06 -2.637060000000e+02 1.483650000000e+03
1.899400000000e+06 -2.648430000000e+02 1.445100000000e+03
1.935000000000e+06 -2.653600000000e+02 1.407450000000e+03
1.971200000000e+06 -2.653700000000e+02 1.370850000000e+03
2.008000000000e+06 -2.648800000000e+02 1.335280000000e+03
2.045600000000e+06 -2.639150000000e+02 1.300530000000e+03
2.083900000000e+06 -2.623600000000e+02 1.266800000000e+03
2.122900000000e+06 -2.603910000000e+02 1.234170000000e+03
2.162600000000e+06 -2.582970000000e+02 1.202610000000e+03
2.203000000000e+06 -2.559770000000e+02 1.171860000000e+03
2.244200000000e+06 -2.534010000000e+02 1.141900000000e+03
2.286200000000e+06 -2.504820000000e+02 1.112860000000e+03
2.329000000000e+06 -2.473370000000e+02 1.084720000000e+03
2.372500000000e+06 -2.440090000000e+02 1.057340000000e+03
2.416900000000e+06 -2.403940000000e+02 1.030840000000e+03
2.462100000000e+06 -2.368380000000e+02 1.005420000000e+03
2.508200000000e+06 -2.332670000000e+02 9.805920000000e+02
2.555100000000e+06 -2.295370000000e+02 9.564950000000e+02
2.602900000000e+06 -2.258920000000e+02 9.331410000000e+02
2.651600000000e+06 -2.221340000000e+02 9.104700000000e+02
2.701200000000e+06 -2.184220000000e+02 8.884260000000e+02
2.751700000000e+06 -2.145420000000e+02 8.669750000000e+02
2.803200000000e+06 -2.107740000000e+02 8.463190000000e+02
2.855700000000e+06 -2.070890000000e+02 8.262200000000e+02
2.909100000000e+06 -2.034530000000e+02 8.067220000000e+02
2.963500000000e+06 -1.998490000000e+02 7.877430000000e+02
3.018900000000e+06 -1.963090000000e+02 7.692430000000e+02
3.075400000000e+06 -1.926890000000e+02 7.512010000000e+02
3.132900000000e+06 -1.891010000000e+02 7.338310000000e+02
3.191600000000e+06 -1.857160000000e+02 7.169450000000e+02
3.251300000000e+06 -1.824310000000e+02 7.004920000000e+02
3.312100000000e+06 -1.792120000000e+02 6.844310000000e+02
3.374000000000e+06 -1.760960000000e+02 6.687900000000e+02
3.437200000000e+06 -1.730550000000e+02 6.535270000000e+02
3.501400000000e+06 -1.700330000000e+02 6.386360000000e+02
3.566900000000e+06 -1.671230000000e+02 6.241590000000e+02
3.633700000000e+06 -1.642990000000e+02 6.099360000000e+02
3.701600000000e+06 -1.615590000000e+02 5.961050000000e+02
3.770900000000e+06 -1.587530000000e+02 5.824710000000e+02
3.841400000000e+06 -1.560200000000e+02 5.693920000000e+02
3.913300000000e+06 -1.534160000000e+02 5.565620000000e+02
3.986500000000e+06 -1.509090000000e+02 5.439590000000e+02
4.061100000000e+06 -1.484640000000e+02 5.316580000000e+02
4.137000000000e+06 -1.460400000000e+02 5.195840000000e+02
4.214400000000e+06 -1.436770000000e+02 5.077900000000e+02
4.293300000000e+06 -1.413270000000e+02 4.962260000000e+02
4.373600000000e+06 -1.390700000000e+02 4.849000000000e+02
4.455400000000e+06 -1.367880000000e+02 4.738250000000e+02
4.538700000000e+06 -1.345510000000e+02 4.630150000000e+02
4.623700000000e+06 -1.323290000000e+02 4.524320000000e+02
4.710100000000e+06 -1.301970000000e+02 4.420920000000e+02
4.798300000000e+06 -1.281070000000e+02 4.319270000000e+02
4.888000000000e+06 -1.260300000000e+02 4.219580000000e+02
4.979500000000e+06 -1.239240000000e+02 4.121950000000e+02
5.072600000000e+06 -1.218610000000e+02 4.026380000000e+02
5.167500000000e+06 -1.198410000000e+02 3.932680000000e+02
5.264200000000e+06 -1.177780000000e+02 3.840880000000e+02
5.362600000000e+06 -1.157510000000e+02 3.751760000000e+02
5.463000000000e+06 -1.137710000000e+02 3.664530000000e+02
5.565200000000e+06 -1.118130000000e+02 3.578550000000e+02
5.669300000000e+06 -1.098210000000e+02 3.494640000000e+02
5.775300000000e+06 -1.078890000000e+02 3.412840000000e+02
5.883300000000e+06 -1.059690000000e+02 3.332320000000e+02
5.993400000000e+06 -1.040230000000e+02 3.253770000000e+02
6.105500000000e+06 -1.021150000000e+02 3.177320000000e+02
6.219700000000e+06 -1.002500000000e+02 3.102240000000e+02
6.336100000000e+06 -9.837500000000e+01 3.028660000000e+02
6.454600000000e+06 -9.649710000000e+01 2.957110000000e+02
6.575400000000e+06 -9.467110000000e+01 2.886960000000e+02
6.698400000000e+06 -9.282310000000e+01 2.818430000000e+02
6.823700000000e+06 -9.100100000000e+01 2.751720000000e+02
6.951300000000e+06 -8.920740000000e+01 2.686390000000e+02
7.081400000000e+06 -8.739820000000e+01 2.622490000000e+02
7.213800000000e+06 -8.563950000000e+01 2.560490000000e+02
7.348800000000e+06 -8.389630000000e+01 2.499430000000e+02
7.486200000000e+06 -8.214990000000e+01 2.440210000000e+02
7.626300000000e+06 -8.045410000000e+01 2.382120000000e+02
7.768900000000e+06 -7.874830000000e+01 2.325410000000e+02
7.914300000000e+06 -7.707090000000e+01 2.270320000000e+02
8.062300000000e+06 -7.542180000000e+01 2.216350000000e+02
8.213100000000e+06 -7.378250000000e+01 2.163850000000e+02
8.366800000000e+06 -7.217640000000e+01 2.112390000000e+02
8.523300000000e+06 -7.057720000000e+01 2.062460000000e+02
8.682700000000e+06 -6.901590000000e+01 2.013550000000e+02
8.845200000000e+06 -6.746340000000e+01 1.965950000000e+02
9.010600000000e+06 -6.595170000000e+01 1.919670000000e+02
9.179200000000e+06 -6.444690000000e+01 1.874170000000e+02
9.350900000000e+06 -6.296800000000e+01 1.829920000000e+02
9.525800000000e+06 -6.151600000000e+01 1.786890000000e+02
9.704000000000e+06 -6.009000000000e+01 1.744830000000e+02
9.885600000000e+06 -5.868040000000e+01 1.703800000000e+02
1.007000000000e+07 -5.730840000000e+01 1.663780000000e+02
1.025900000000e+07 -5.594150000000e+01 1.624670000000e+02
1.045100000000e+07 -5.460600000000e+01 1.586610000000e+02
1.064600000000e+07 -5.329870000000e+01 1.549500000000e+02
1.084500000000e+07 -5.201970000000e+01 1.513340000000e+02
1.104800000000e+07 -5.075340000000e+01 1.477950000000e+02
1.125500000000e+07 -4.951110000000e+01 1.443520000000e+02
1.146600000000e+07 -4.829210000000e+01 1.409830000000e+02
1.168000000000e+07 -4.710830000000e+01 1.377170000000e+02
1.189900000000e+07 -4.593620000000e+01 1.345130000000e+02
1.212100000000e+07 -4.480100000000e+01 1.314100000000e+02
1.234800000000e+07 -4.367370000000e+01 1.283590000000e+02
1.257900000000e+07 -4.257250000000e+01 1.253920000000e+02
1.281400000000e+07 -4.149930000000e+01 1.225180000000e+02
1.305400000000e+07 -4.044260000000e+01 1.196940000000e+02
1.329800000000e+07 -3.940730000000e+01 1.169440000000e+02
1.354700000000e+07 -3.839930000000e+01 1.142570000000e+02
1.380000000000e+07 -3.741130000000e+01 1.116450000000e+02
1.405800000000e+07 -3.644490000000e+01 1.091020000000e+02
1.432100000000e+07 -3.549560000000e+01 1.066130000000e+02
1.458900000000e+07 -3.456980000000e+01 1.041770000000e+02
1.486200000000e+07 -3.366360000000e+01 1.018180000000e+02
1.514000000000e+07 -3.277890000000e+01 9.950900000000e+01
1.542300000000e+07 -3.191420000000e+01 9.725870000000e+01
1.571200000000e+07 -3.106770000000e+01 9.505930000000e+01
1.600600000000e+07 -3.023950000000e+01 9.291680000000e+01
1.630500000000e+07 -2.943310000000e+01 9.082400000000e+01
1.661000000000e+07 -2.864070000000e+01 8.878020000000e+01
1.692100000000e+07 -2.786970000000e+01 8.679180000000e+01
1.723800000000e+07 -2.711430000000e+01 8.484530000000e+01
1.756000000000e+07 -2.637790000000e+01 8.295840000000e+01
1.788900000000e+07 -2.566260000000e+01 8.110580000000e+01
1.822300000000e+07 -2.496220000000e+01 7.930540000000e+01
1.856400000000e+07 -2.427740000000e+01 7.755100000000e+01
1.891100000000e+07 -2.361120000000e+01 7.583610000000e+01
1.926500000000e+07 -2.295490000000e+01 7.416060000000e+01
1.962500000000e+07 -2.232200000000e+01 7.252980000000e+01
1.999300000000e+07 -2.170170000000e+01 7.092810000000e+01
2.036700000000e+07 -2.109490000000e+01 6.937980000000e+01
2.074800000000e+07 -2.050610000000e+01 6.786450000000e+01
2.113600000000e+07 -1.993020000000e+01 6.638090000000e+01
2.153100000000e+07 -1.937170000000e+01 6.493840000000e+01
2.193400000000e+07 -1.882610000000e+01 6.352590000000e+01
2.234400000000e+07 -1.829280000000e+01 6.215060000000e+01
2.276200000000e+07 -1.777480000000e+01 6.080530000000e+01
2.318800000000e+07 -1.726960000000e+01 5.949390000000e+01
2.362200000000e+07 -1.677700000000e+01 5.821930000000e+01
2.406400000000e+07 -1.629900000000e+01 5.696630000000e+01
2.451400000000e+07 -1.583360000000e+01 5.574990000000e+01
2.497200000000e+07 -1.538100000000e+01 5.456230000000e+01
2.544000000000e+07 -1.493550000000e+01 5.339740000000e+01
2.591500000000e+07 -1.450750000000e+01 5.226860000000e+01
2.640000000000e+07 -1.408920000000e+01 5.115710000000e+01
2.689400000000e+07 -1.367910000000e+01 5.007640000000e+01
2.739700000000e+07 -1.328210000000e+01 4.902250000000e+01
2.791000000000e+07 -1.289500000000e+01 4.798920000000e+01
2.843200000000e+07 -1.251940000000e+01 4.698160000000e+01
2.896400000000e+07 -1.215600000000e+01 4.599780000000e+01
2.950500000000e+07 -1.180090000000e+01 4.504330000000e+01
3.005700000000e+07 -1.145520000000e+01 4.410410000000e+01
3.062000000000e+07 -1.112030000000e+01 4.318880000000e+01
3.119200000000e+07 -1.079330000000e+01 4.229350000000e+01
3.177600000000e+07 -1.047680000000e+01 4.142320000000e+01
3.237000000000e+07 -1.016840000000e+01 4.056810000000e+01
3.297600000000e+07 -9.868230000000e+00 3.973540000000e+01
3.359300000000e+07 -9.579080000000e+00 3.891880000000e+01
3.422100000000e+07 -9.295850000000e+00 3.812730000000e+01
3.486100000000e+07 -9.021960000000e+00 3.735130000000e+01
3.551400000000e+07 -8.756060000000e+00 3.659230000000e+01
3.617800000000e+07 -8.498170000000e+00 3.585020000000e+01
3.685500000000e+07 -8.246840000000e+00 3.512500000000e+01
3.754400000000e+07 -8.005110000000e+00 3.441770000000e+01
3.824600000000e+07 -7.768660000000e+00 3.372670000000e+01
3.896200000000e+07 -7.539760000000e+00 3.305160000000e+01
3.969100000000e+07 -7.317160000000e+00 3.239080000000e+01
4.043300000000e+07 -7.101800000000e+00 3.174520000000e+01
4.119000000000e+07 -6.894320000000e+00 3.111250000000e+01
4.196000000000e+07 -6.692430000000e+00 3.049730000000e+01
4.274500000000e+07 -6.494940000000e+00 2.989690000000e+01
4.354500000000e+07 -6.304640000000e+00 2.930550000000e+01
4.435900000000e+07 -6.121480000000e+00 2.873110000000e+01
4.518900000000e+07 -5.942010000000e+00 2.816730000000e+01
4.603400000000e+07 -5.768350000000e+00 2.761780000000e+01
4.689500000000e+07 -5.599570000000e+00 2.707900000000e+01
4.777300000000e+07 -5.437150000000e+00 2.655430000000e+01
4.866600000000e+07 -5.280330000000e+00 2.604080000000e+01
4.957700000000e+07 -5.128360000000e+00 2.553670000000e+01
5.050400000000e+07 -4.980400000000e+00 2.504610000000e+01
5.144900000000e+07 -4.838090000000e+00 2.456540000000e+01
5.241100000000e+07 -4.699080000000e+00 2.409410000000e+01
5.339200000000e+07 -4.566140000000e+00 2.363530000000e+01
5.439100000000e+07 -4.435830000000e+00 2.318510000000e+01
5.540800000000e+07 -4.311610000000e+00 2.274430000000e+01
5.644500000000e+07 -4.189860000000e+00 2.231490000000e+01
5.750100000000e+07 -4.073480000000e+00 2.189360000000e+01
5.857600000000e+07 -3.960550000000e+00 2.148090000000e+01
5.967200000000e+07 -3.850330000000e+00 2.107850000000e+01
6.078800000000e+07 -3.745540000000e+00 2.068450000000e+01
6.192500000000e+07 -3.643110000000e+00 2.029700000000e+01
6.308400000000e+07 -3.544570000000e+00 1.992070000000e+01
6.426400000000e+07 -3.448450000000e+00 1.955070000000e+01
6.546600000000e+07 -3.356510000000e+00 1.918920000000e+01
6.669100000000e+07 -3.267790000000e+00 1.883440000000e+01
6.793800000000e+07 -3.180760000000e+00 1.848740000000e+01
6.920900000000e+07 -3.097660000000e+00 1.814860000000e+01
7.050400000000e+07 -3.016470000000e+00 1.781550000000e+01
7.182300000000e+07 -2.939450000000e+00 1.749120000000e+01
7.316600000000e+07 -2.864910000000e+00 1.717150000000e+01
7.453500000000e+07 -2.791050000000e+00 1.686040000000e+01
7.592900000000e+07 -2.721990000000e+00 1.655480000000e+01
7.735000000000e+07 -2.653880000000e+00 1.625670000000e+01
7.879700000000e+07 -2.589230000000e+00 1.596300000000e+01
8.027100000000e+07 -2.527260000000e+00 1.567720000000e+01
8.177200000000e+07 -2.466620000000e+00 1.539820000000e+01
8.330200000000e+07 -2.407350000000e+00 1.512380000000e+01
8.486000000000e+07 -2.351750000000e+00 1.485470000000e+01
8.644800000000e+07 -2.297600000000e+00 1.459170000000e+01
8.806500000000e+07 -2.246300000000e+00 1.433420000000e+01
8.971200000000e+07 -2.196120000000e+00 1.408280000000e+01
9.139000000000e+07 -2.147910000000e+00 1.383680000000e+01
9.310000000000e+07 -2.102890000000e+00 1.359610000000e+01
9.484200000000e+07 -2.058240000000e+00 1.336070000000e+01
9.661600000000e+07 -2.016320000000e+00 1.313030000000e+01
9.842300000000e+07 -1.975630000000e+00 1.290460000000e+01
1.002600000000e+08 -1.937050000000e+00 1.268510000000e+01
1.021400000000e+08 -1.900640000000e+00 1.246930000000e+01
1.040500000000e+08 -1.864910000000e+00 1.226080000000e+01
1.060000000000e+08 -1.832760000000e+00 1.205450000000e+01
1.079800000000e+08 -1.799200000000e+00 1.185390000000e+01
1.100000000000e+08 -1.769180000000e+00 1.165690000000e+01