4.000000000000e+01 6.775230000000e+03 4.656660000000e+02
4.074800000000e+01 7.850270000000e+03 -4.220300000000e+02
4.151100000000e+01 5.851580000000e+03 3.025770000000e+01
4.228700000000e+01 5.353950000000e+03 1.070240000000e+03
4.307800000000e+01 5.254050000000e+03 4.603090000000e+02
4.388400000000e+01 6.025850000000e+03 -3.032670000000e+02
4.470500000000e+01 6.573680000000e+03 1.117860000000e+02
4.554100000000e+01 5.564710000000e+03 2.802030000000e+02
4.639300000000e+01 5.539890000000e+03 -5.417610000000e+02
4.726100000000e+01 7.610840000000e+03 2.185490000000e+02
4.814500000000e+01 6.016690000000e+03 -8.481520000000e+02
4.904600000000e+01 4.549600000000e+03 -5.759340000000e+02
4.996300000000e+01 6.159690000000e+03 4.262960000000e+02
5.089800000000e+01 6.398000000000e+03 -6.673390000000e+02
5.185000000000e+01 7.990830000000e+03 -5.275220000000e+02
5.282000000000e+01 6.144040000000e+03 -4.872250000000e+02
5.380800000000e+01 6.612400000000e+03 6.098920000000e+02
5.481500000000e+01 6.232430000000e+03 -7.339770000000e+02
5.584000000000e+01 6.174850000000e+03 3.493650000000e+02
5.688500000000e+01 5.445750000000e+03 5.637480000000e+01
5.794900000000e+01 6.598340000000e+03 5.224990000000e+02
5.903300000000e+01 6.509310000000e+03 -2.883670000000e+02
6.013700000000e+01 6.384110000000e+03 6.363600000000e+02
6.126200000000e+01 6.008320000000e+03 -1.171260000000e+02
6.240800000000e+01 6.494060000000e+03 -6.847150000000e+02
6.357500000000e+01 6.583470000000e+03 2.011390000000e+02
6.476500000000e+01 6.129460000000e+03 9.614280000000e+01
6.597600000000e+01 6.585310000000e+03 -1.994900000000e+02
6.721000000000e+01 6.110680000000e+03 -1.558670000000e+02
6.846800000000e+01 6.529210000000e+03 1.291940000000e+02
6.974900000000e+01 5.776930000000e+03 -8.588200000000e+02
7.105300000000e+01 6.055540000000e+03 -4.983500000000e+02
7.238200000000e+01 6.452430000000e+03 1.089160000000e+02
7.373600000000e+01 6.268660000000e+03 -8.734520000000e+01
7.511600000000e+01 6.226940000000e+03 -3.290870000000e+01
7.652100000000e+01 6.197210000000e+03 -6.312470000000e+02
7.795200000000e+01 6.190330000000e+03 -1.362730000000e+02
7.941100000000e+01 6.612910000000e+03 -6.409170000000e+02
8.089600000000e+01 6.055160000000e+03 -1.451890000000e+02
8.241000000000e+01 6.239080000000e+03 1.274420000000e+02
8.395100000000e+01 5.804030000000e+03 -7.974130000000e+01
8.552200000000e+01 6.318160000000e+03 -6.280870000000e+01
8.712100000000e+01 6.413820000000e+03 8.251460000000e+01
8.875100000000e+01 6.768640000000e+03 -6.112570000000e+01
9.041100000000e+01 6.448140000000e+03 -2.630690000000e+01
9.210300000000e+01 6.417800000000e+03 -5.295300000000e+01
9.382600000000e+01 6.148040000000e+03 -4.414790000000e+00
9.558100000000e+01 6.032880000000e+03 -1.118380000000e+02
9.736900000000e+01 5.841270000000e+03 -4.734450000000e+01
9.919000000000e+01 6.355750000000e+03 -3.047170000000e+02
1.010500000000e+02 5.974470000000e+03 -7.180170000000e+01
1.029400000000e+02 6.327510000000e+03 -2.960820000000e+02
1.048600000000e+02 6.212100000000e+03 -1.373660000000e+02
1.068200000000e+02 6.199180000000e+03 -1.350960000000e+01
1.088200000000e+02 6.165120000000e+03 -7.551580000000e+01
1.108600000000e+02 6.220890000000e+03 -4.079950000000e+02
1.129300000000e+02 6.156560000000e+03 -3.265660000000e+01
1.150400000000e+02 6.180800000000e+03 1.207970000000e+01
1.172000000000e+02 6.272020000000e+03 1.788820000000e+02
1.193900000000e+02 6.135090000000e+03 -1.647450000000e+02
1.216200000000e+02 6.346940000000e+03 -2.175360000000e+02
1.239000000000e+02 6.283060000000e+03 -3.677510000000e+01
1.262100000000e+02 6.087220000000e+03 -1.293750000000e+02
1.285700000000e+02 6.049140000000e+03 1.081890000000e+02
1.309800000000e+02 6.332440000000e+03 -7.345120000000e+01
1.334300000000e+02 6.197780000000e+03 5.778210000000e+01
1.359300000000e+02 6.007440000000e+03 7.343050000000e+01
1.384700000000e+02 6.213630000000e+03 -2.894920000000e+00
1.410600000000e+02 6.203320000000e+03 -5.427780000000e+01
1.437000000000e+02 6.175830000000e+03 -8.573250000000e+01
1.463900000000e+02 6.220030000000e+03 -1.104450000000e+01
1.491300000000e+02 6.335530000000e+03 -2.723830000000e+01
1.519100000000e+02 6.265270000000e+03 -6.948840000000e+00
1.547600000000e+02 6.265530000000e+03 -4.455150000000e+01
1.576500000000e+02 6.153920000000e+03 -3.058050000000e+02
1.606000000000e+02 6.386250000000e+03 1.231370000000e+01
1.636000000000e+02 6.162400000000e+03 2.286890000000e+00
1.666700000000e+02 6.208620000000e+03 -1.313990000000e+02
1.697800000000e+02 6.122330000000e+03 -2.636510000000e+02
1.729600000000e+02 6.247670000000e+03 -8.567560000000e+01
1.762000000000e+02 6.441920000000e+03 -1.066990000000e+02
1.794900000000e+02 6.115860000000e+03 -1.073490000000e+02
1.828500000000e+02 6.289730000000e+03 1.287600000000e+02
1.862700000000e+02 6.296270000000e+03 -5.537910000000e+01
1.897500000000e+02 6.292820000000e+03 1.925250000000e+02
1.933000000000e+02 6.132170000000e+03 -5.772000000000e+01
1.969200000000e+02 6.301960000000e+03 -2.198500000000e+01
2.006000000000e+02 6.222720000000e+03 -4.349640000000e+01
2.043600000000e+02 6.127450000000e+03 -9.284610000000e+00
2.081800000000e+02 6.018230000000e+03 3.844670000000e+01
2.120700000000e+02 6.454210000000e+03 9.879570000000e+01
2.160400000000e+02 6.023670000000e+03 8.256930000000e+01
2.200800000000e+02 6.235150000000e+03 2.373930000000e+01
2.242000000000e+02 6.241140000000e+03 -3.444800000000e+01
2.283900000000e+02 6.263170000000e+03 4.341080000000e+01
2.326600000000e+02 6.133630000000e+03 -8.011680000000e+01
2.370200000000e+02 6.312330000000e+03 7.796660000000e+01
2.414500000000e+02 6.157870000000e+03 1.049260000000e+02
2.459700000000e+02 6.257570000000e+03 -4.237250000000e+00
2.505700000000e+02 6.148130000000e+03 -1.098520000000e+01
2.552600000000e+02 6.159170000000e+03 1.046930000000e-01
2.600300000000e+02 6.136350000000e+03 7.260890000000e+01
2.649000000000e+02 6.269730000000e+03 1.427500000000e+01
2.698500000000e+02 6.199070000000e+03 -3.718680000000e+01
2.749000000000e+02 6.180960000000e+03 1.013940000000e+02
2.800400000000e+02 6.146510000000e+03 -6.059750000000e+01
2.852800000000e+02 6.226730000000e+03 3.405140000000e+01
2.906200000000e+02 6.178720000000e+03 -1.714960000000e+01
2.960500000000e+02 6.262300000000e+03 4.960250000000e+01
3.015900000000e+02 6.250640000000e+03 -9.818030000000e+01
3.072300000000e+02 6.183810000000e+03 8.037290000000e+01
3.129800000000e+02 6.250170000000e+03 4.350400000000e+01
3.188300000000e+02 6.228680000000e+03 9.668520000000e+01
3.248000000000e+02 6.164520000000e+03 1.686710000000e+00
3.308800000000e+02 6.241600000000e+03 9.772740000000e+00
3.370700000000e+02 6.277610000000e+03 -5.070160000000e+01
3.433700000000e+02 6.225910000000e+03 -4.350620000000e+01
3.497900000000e+02 6.220260000000e+03 -2.013140000000e+01
3.563400000000e+02 6.199240000000e+03 3.749790000000e-02
3.630000000000e+02 6.256210000000e+03 4.126390000000e+01
3.697900000000e+02 6.278170000000e+03 -6.160850000000e+01
3.767100000000e+02 6.182370000000e+03 -6.753540000000e+01
3.837600000000e+02 6.258810000000e+03 -1.051520000000e+01
3.909400000000e+02 6.187560000000e+03 6.835830000000e-02
3.982500000000e+02 6.229050000000e+03 3.465900000000e+01
4.057000000000e+02 6.249380000000e+03 -2.242920000000e+01
4.132900000000e+02 6.278250000000e+03 3.039100000000e+00
4.210200000000e+02 6.297090000000e+03 4.344820000000e+01
4.289000000000e+02 6.186290000000e+03 -3.582720000000e+01
4.369200000000e+02 6.180250000000e+03 3.296770000000e+01
4.450900000000e+02 6.164690000000e+03 4.668250000000e+01
4.534200000000e+02 6.208320000000e+03 1.063840000000e+01
4.619000000000e+02 6.171680000000e+03 2.907300000000e+01
4.705400000000e+02 6.196200000000e+03 1.718030000000e+01
4.793500000000e+02 6.213960000000e+03 5.742300000000e+00
4.883100000000e+02 6.215780000000e+03 8.852180000000e+01
4.974500000000e+02 6.209540000000e+03 3.381800000000e+01
5.067500000000e+02 6.214070000000e+03 5.735050000000e+01
5.162300000000e+02 6.226230000000e+03 2.337310000000e+01
5.258900000000e+02 6.153660000000e+03 3.491110000000e+01
5.357300000000e+02 6.220600000000e+03 -9.378070000000e+00
5.457500000000e+02 6.162400000000e+03 5.917720000000e+01
5.559600000000e+02 6.219430000000e+03 1.081530000000e+00
5.663600000000e+02 6.253710000000e+03 4.024930000000e+01
5.769500000000e+02 6.236170000000e+03 2.827800000000e+01
5.877400000000e+02 6.200680000000e+03 4.665130000000e+01
5.987400000000e+02 6.204560000000e+03 2.530730000000e+01
6.099400000000e+02 6.247380000000e+03 2.701140000000e+01
6.213500000000e+02 6.178820000000e+03 8.279340000000e+00
6.329700000000e+02 6.209890000000e+03 9.942810000000e+00
6.448200000000e+02 6.231480000000e+03 2.776760000000e+01
6.568800000000e+02 6.208920000000e+03 2.280290000000e+01
6.691600000000e+02 6.208700000000e+03 1.843080000000e+01
6.816800000000e+02 6.197810000000e+03 3.206820000000e+01
6.944300000000e+02 6.189100000000e+03 1.564350000000e+01
7.074200000000e+02 6.204710000000e+03 2.393150000000e+01
7.206600000000e+02 6.194030000000e+03 2.755240000000e+01
7.341400000000e+02 6.234730000000e+03 3.312560000000e+00
7.478700000000e+02 6.188500000000e+03 2.981960000000e+01
7.618600000000e+02 6.223840000000e+03 9.698870000000e+00
7.761200000000e+02 6.199780000000e+03 9.572320000000e+00
7.906300000000e+02 6.217210000000e+03 4.637480000000e+01
8.054200000000e+02 6.225080000000e+03 4.442830000000e+01
8.204900000000e+02 6.204750000000e+03 1.170920000000e+01
8.358400000000e+02 6.189360000000e+03 2.947880000000e+01
8.514800000000e+02 6.212450000000e+03 4.602660000000e+01
8.674000000000e+02 6.196890000000e+03 -4.190070000000e+00
8.836300000000e+02 6.207720000000e+03 4.309690000000e+01
9.001600000000e+02 6.212490000000e+03 2.691220000000e+01
9.170000000000e+02 6.216050000000e+03 5.693060000000e+01
9.341500000000e+02 6.198310000000e+03 -6.980310000000e+00
9.516300000000e+02 6.229210000000e+03 1.606310000000e+01
9.694300000000e+02 6.222240000000e+03 5.576740000000e+01
9.875700000000e+02 6.184470000000e+03 5.178000000000e+01
1.006000000000e+03 6.205960000000e+03 3.720370000000e+01
1.024900000000e+03 6.185730000000e+03 2.895600000000e+01
1.044000000000e+03 6.203090000000e+03 3.282900000000e+01
1.063600000000e+03 6.202080000000e+03 5.425960000000e+01
1.083500000000e+03 6.199340000000e+03 4.273130000000e+01
1.103700000000e+03 6.215240000000e+03 4.680390000000e+01
1.124400000000e+03 6.225720000000e+03 3.763560000000e+01
1.145400000000e+03 6.216800000000e+03 3.934870000000e+01
1.166800000000e+03 6.208730000000e+03 4.720440000000e+01
1.188700000000e+03 6.206240000000e+03 1.388240000000e+01
1.210900000000e+03 6.217180000000e+03 3.496920000000e+01
1.233500000000e+03 6.209490000000e+03 2.865220000000e+01
1.256600000000e+03 6.220920000000e+03 4.422450000000e+01
1.280100000000e+03 6.204630000000e+03 3.589710000000e+01
1.304100000000e+03 6.204280000000e+03 2.800270000000e+01
1.328500000000e+03 6.210240000000e+03 5.260310000000e+01
1.353300000000e+03 6.208160000000e+03 3.297800000000e+01
1.378600000000e+03 6.210700000000e+03 3.715110000000e+01
1.404400000000e+03 6.210460000000e+03 2.736340000000e+01
1.430700000000e+03 6.204420000000e+03 4.401700000000e+01
1.457500000000e+03 6.214250000000e+03 4.649880000000e+01
1.484700000000e+03 6.196110000000e+03 4.604300000000e+01
1.512500000000e+03 6.197400000000e+03 4.478150000000e+01
1.540800000000e+03 6.203020000000e+03 4.756660000000e+01
1.569600000000e+03 6.203960000000e+03 5.036290000000e+01
1.599000000000e+03 6.210150000000e+03 3.963470000000e+01
1.628900000000e+03 6.209250000000e+03 5.452590000000e+01
1.659400000000e+03 6.213980000000e+03 5.249300000000e+01
1.690400000000e+03 6.205610000000e+03 3.480410000000e+01
1.722000000000e+03 6.209220000000e+03 4.501330000000e+01
1.754200000000e+03 6.211780000000e+03 4.522300000000e+01
1.787100000000e+03 6.205150000000e+03 4.879440000000e+01
1.820500000000e+03 6.196760000000e+03 5.701510000000e+01
1.854500000000e+03 6.206610000000e+03 3.516850000000e+01
1.889200000000e+03 6.204390000000e+03 5.099510000000e+01
1.924600000000e+03 6.201990000000e+03 3.968470000000e+01
1.960600000000e+03 6.210560000000e+03 6.175310000000e+01
1.997300000000e+03 6.204620000000e+03 4.485670000000e+01
2.034600000000e+03 6.204360000000e+03 5.349130000000e+01
2.072700000000e+03 6.197580000000e+03 3.921500000000e+01
2.111500000000e+03 6.195370000000e+03 4.644900000000e+01
2.151000000000e+03 6.205200000000e+03 5.774050000000e+01
2.191200000000e+03 6.201020000000e+03 4.588770000000e+01
2.232200000000e+03 6.207280000000e+03 4.898960000000e+01
2.273900000000e+03 6.198400000000e+03 5.379120000000e+01
2.316500000000e+03 6.205580000000e+03 6.937390000000e+01
2.359800000000e+03 6.209640000000e+03 4.896790000000e+01
2.404000000000e+03 6.203430000000e+03 6.341390000000e+01
2.448900000000e+03 6.197590000000e+03 5.330830000000e+01
2.494700000000e+03 6.200860000000e+03 5.877840000000e+01
2.541400000000e+03 6.209570000000e+03 5.763520000000e+01
2.588900000000e+03 6.193960000000e+03 5.054430000000e+01
2.637400000000e+03 6.199120000000e+03 4.737550000000e+01
2.686700000000e+03 6.202000000000e+03 5.700000000000e+01
2.737000000000e+03 6.198010000000e+03 5.926240000000e+01
2.788200000000e+03 6.200610000000e+03 5.492980000000e+01
2.840300000000e+03 6.200000000000e+03 6.076240000000e+01
2.893500000000e+03 6.194310000000e+03 6.062890000000e+01
2.947600000000e+03 6.204040000000e+03 6.122060000000e+01
3.002700000000e+03 6.203860000000e+03 5.107260000000e+01
3.058900000000e+03 6.196460000000e+03 6.357530000000e+01
3.116100000000e+03 6.202670000000e+03 5.661090000000e+01
3.174400000000e+03 6.201210000000e+03 5.568480000000e+01
3.233800000000e+03 6.201510000000e+03 6.878510000000e+01
3.294300000000e+03 6.200360000000e+03 6.037900000000e+01
3.355900000000e+03 6.203930000000e+03 6.629440000000e+01
3.418700000000e+03 6.201310000000e+03 5.681010000000e+01
3.482600000000e+03 6.193650000000e+03 6.560910000000e+01
3.547800000000e+03 6.194280000000e+03 6.706610000000e+01
3.614200000000e+03 6.197840000000e+03 5.974860000000e+01
3.681800000000e+03 6.203160000000e+03 6.659590000000e+01
3.750600000000e+03 6.196190000000e+03 6.429480000000e+01
3.820800000000e+03 6.197580000000e+03 6.603360000000e+01
3.892300000000e+03 6.196350000000e+03 6.527370000000e+01
3.965100000000e+03 6.204310000000e+03 6.884710000000e+01
4.039300000000e+03 6.198930000000e+03 7.155860000000e+01
4.114800000000e+03 6.201330000000e+03 6.923250000000e+01
4.191800000000e+03 6.199640000000e+03 6.831140000000e+01
4.270200000000e+03 6.199080000000e+03 6.674740000000e+01
4.350100000000e+03 6.198570000000e+03 6.878040000000e+01
4.431500000000e+03 6.197780000000e+03 6.894930000000e+01
4.514400000000e+03 6.200750000000e+03 7.583460000000e+01
4.598800000000e+03 6.202630000000e+03 7.323700000000e+01
4.684800000000e+03 6.194390000000e+03 7.287090000000e+01
4.772500000000e+03 6.199680000000e+03 7.475440000000e+01
4.861800000000e+03 6.199070000000e+03 7.168280000000e+01
4.952700000000e+03 6.197060000000e+03 7.579270000000e+01
5.045400000000e+03 6.198480000000e+03 7.670420000000e+01
5.139700000000e+03 6.194930000000e+03 7.877800000000e+01
5.235900000000e+03 6.198650000000e+03 7.640930000000e+01
5.333800000000e+03 6.198730000000e+03 7.953870000000e+01
5.433600000000e+03 6.201560000000e+03 8.027620000000e+01
5.535300000000e+03 6.197120000000e+03 7.763300000000e+01
5.638800000000e+03 6.199040000000e+03 7.878380000000e+01
5.744300000000e+03 6.198780000000e+03 8.266610000000e+01
5.851700000000e+03 6.194130000000e+03 8.483430000000e+01
5.961200000000e+03 6.194560000000e+03 8.407400000000e+01
6.072700000000e+03 6.199380000000e+03 8.096810000000e+01
6.186300000000e+03 6.199960000000e+03 8.254620000000e+01
6.302100000000e+03 6.192290000000e+03 8.643390000000e+01
6.419900000000e+03 6.198730000000e+03 8.543490000000e+01
6.540000000000e+03 6.197610000000e+03 8.557400000000e+01
6.662400000000e+03 6.196730000000e+03 8.861070000000e+01
6.787000000000e+03 6.196050000000e+03 9.194720000000e+01
6.914000000000e+03 6.195500000000e+03 9.253680000000e+01
7.043300000000e+03 6.199050000000e+03 9.612340000000e+01
7.175100000000e+03 6.195120000000e+03 9.474130000000e+01
7.309300000000e+03 6.195790000000e+03 9.513340000000e+01
7.446000000000e+03 6.196190000000e+03 9.250930000000e+01
7.585300000000e+03 6.194150000000e+03 9.942620000000e+01
7.727200000000e+03 6.199290000000e+03 9.828520000000e+01
7.871800000000e+03 6.197430000000e+03 9.883070000000e+01
8.019000000000e+03 6.197420000000e+03 9.828620000000e+01
8.169000000000e+03 6.197230000000e+03 1.018860000000e+02
8.321800000000e+03 6.196390000000e+03 1.019550000000e+02
8.477500000000e+03 6.195100000000e+03 1.051720000000e+02
8.636100000000e+03 6.195260000000e+03 1.024880000000e+02
8.797700000000e+03 6.194290000000e+03 1.085540000000e+02
8.962200000000e+03 6.195210000000e+03 1.051980000000e+02
9.129900000000e+03 6.197320000000e+03 1.065440000000e+02
9.300700000000e+03 6.194680000000e+03 1.098550000000e+02
9.474700000000e+03 6.193500000000e+03 1.109910000000e+02
9.651900000000e+03 6.194320000000e+03 1.132500000000e+02
9.832500000000e+03 6.195650000000e+03 1.146330000000e+02
1.001600000000e+04 6.195290000000e+03 1.154190000000e+02
1.020400000000e+04 6.194080000000e+03 1.188370000000e+02
1.039500000000e+04 6.192950000000e+03 1.191730000000e+02
1.058900000000e+04 6.194680000000e+03 1.199110000000e+02
1.078700000000e+04 6.194860000000e+03 1.228730000000e+02
1.098900000000e+04 6.194960000000e+03 1.240140000000e+02
1.119500000000e+04 6.194240000000e+03 1.244320000000e+02
1.140400000000e+04 6.195070000000e+03 1.261940000000e+02
1.161700000000e+04 6.194790000000e+03 1.273620000000e+02
1.183500000000e+04 6.193560000000e+03 1.285440000000e+02
1.205600000000e+04 6.194720000000e+03 1.313690000000e+02
1.228200000000e+04 6.194270000000e+03 1.333640000000e+02
1.251100000000e+04 6.194690000000e+03 1.340330000000e+02
1.274500000000e+04 6.195420000000e+03 1.373160000000e+02
1.298400000000e+04 6.195560000000e+03 1.387200000000e+02
1.322700000000e+04 6.197050000000e+03 1.407830000000e+02
1.347400000000e+04 6.195850000000e+03 1.423670000000e+02
1.372600000000e+04 6.192890000000e+03 1.438380000000e+02
1.398300000000e+04 6.194250000000e+03 1.455220000000e+02
1.424400000000e+04 6.194120000000e+03 1.486010000000e+02
1.451100000000e+04 6.195620000000e+03 1.504690000000e+02
1.478200000000e+04 6.195480000000e+03 1.531590000000e+02
1.505900000000e+04 6.193050000000e+03 1.542980000000e+02
1.534100000000e+04 6.195250000000e+03 1.557080000000e+02
1.562800000000e+04 6.195500000000e+03 1.584830000000e+02
1.592000000000e+04 6.194940000000e+03 1.600640000000e+02
1.621800000000e+04 6.195990000000e+03 1.631360000000e+02
1.652100000000e+04 6.195260000000e+03 1.658390000000e+02
1.683000000000e+04 6.195700000000e+03 1.675750000000e+02
1.714500000000e+04 6.196420000000e+03 1.690800000000e+02
1.746600000000e+04 6.195880000000e+03 1.717930000000e+02
1.779200000000e+04 6.196810000000e+03 1.745940000000e+02
1.812500000000e+04 6.197600000000e+03 1.784470000000e+02
1.846400000000e+04 6.197710000000e+03 1.794030000000e+02
1.881000000000e+04 6.196400000000e+03 1.822130000000e+02
1.916200000000e+04 6.196490000000e+03 1.848010000000e+02
1.952000000000e+04 6.196300000000e+03 1.881040000000e+02
1.988500000000e+04 6.196840000000e+03 1.886950000000e+02
2.025700000000e+04 6.196940000000e+03 1.920000000000e+02
2.063600000000e+04 6.197130000000e+03 1.950230000000e+02
2.102200000000e+04 6.197600000000e+03 1.975580000000e+02
2.141500000000e+04 6.197540000000e+03 2.017260000000e+02
2.181600000000e+04 6.196940000000e+03 2.047740000000e+02
2.222400000000e+04 6.197710000000e+03 2.089820000000e+02
2.264000000000e+04 6.197890000000e+03 2.110020000000e+02
2.306300000000e+04 6.198050000000e+03 2.140450000000e+02
2.349500000000e+04 6.197290000000e+03 2.178180000000e+02
2.393400000000e+04 6.198540000000e+03 2.207980000000e+02
2.438200000000e+04 6.197240000000e+03 2.240360000000e+02
2.483800000000e+04 6.198690000000e+03 2.277050000000e+02
2.530300000000e+04 6.197940000000e+03 2.308810000000e+02
2.577600000000e+04 6.199340000000e+03 2.343730000000e+02
2.625800000000e+04 6.199670000000e+03 2.379770000000e+02
2.675000000000e+04 6.199960000000e+03 2.423820000000e+02
2.725000000000e+04 6.199620000000e+03 2.455230000000e+02
2.776000000000e+04 6.200140000000e+03 2.496090000000e+02
2.827900000000e+04 6.199650000000e+03 2.527940000000e+02
2.880800000000e+04 6.200400000000e+03 2.583460000000e+02
2.934700000000e+04 6.200090000000e+03 2.619920000000e+02
2.989600000000e+04 6.201090000000e+03 2.654620000000e+02
3.045500000000e+04 6.202030000000e+03 2.705220000000e+02
3.102500000000e+04 6.201080000000e+03 2.739700000000e+02
3.160500000000e+04 6.201770000000e+03 2.779760000000e+02
3.219700000000e+04 6.201640000000e+03 2.833080000000e+02
3.279900000000e+04 6.202370000000e+03 2.870880000000e+02
3.341200000000e+04 6.203090000000e+03 2.917720000000e+02
3.403700000000e+04 6.203330000000e+03 2.961930000000e+02
3.467400000000e+04 6.203900000000e+03 3.011530000000e+02
3.532300000000e+04 6.203410000000e+03 3.067940000000e+02
3.598400000000e+04 6.204060000000e+03 3.105330000000e+02
3.665700000000e+04 6.204970000000e+03 3.158280000000e+02
3.734200000000e+04 6.205410000000e+03 3.204740000000e+02
3.804100000000e+04 6.205450000000e+03 3.264580000000e+02
3.875300000000e+04 6.205650000000e+03 3.310850000000e+02
3.947800000000e+04 6.206920000000e+03 3.364590000000e+02
4.021600000000e+04 6.207330000000e+03 3.420710000000e+02
4.096800000000e+04 6.208300000000e+03 3.479620000000e+02
4.173500000000e+04 6.208640000000e+03 3.539970000000e+02
4.251500000000e+04 6.209220000000e+03 3.598930000000e+02
4.331100000000e+04 6.210130000000e+03 3.667440000000e+02
4.412100000000e+04 6.211520000000e+03 3.721600000000e+02
4.494600000000e+04 6.211580000000e+03 3.790810000000e+02
4.578700000000e+04 6.212810000000e+03 3.850420000000e+02
4.664400000000e+04 6.213850000000e+03 3.924090000000e+02
4.751600000000e+04 6.215060000000e+03 3.984030000000e+02
4.840500000000e+04 6.214830000000e+03 4.056120000000e+02
4.931100000000e+04 6.215820000000e+03 4.132120000000e+02
5.023300000000e+04 6.217150000000e+03 4.208700000000e+02
5.117300000000e+04 6.217850000000e+03 4.277230000000e+02
5.213000000000e+04 6.219200000000e+03 4.360500000000e+02
5.310500000000e+04 6.219850000000e+03 4.439130000000e+02
5.409900000000e+04 6.221400000000e+03 4.508790000000e+02
5.511100000000e+04 6.222840000000e+03 4.593340000000e+02
5.614100000000e+04 6.224360000000e+03 4.677670000000e+02
5.719200000000e+04 6.225760000000e+03 4.768690000000e+02
5.826200000000e+04 6.226850000000e+03 4.855440000000e+02
5.935100000000e+04 6.229040000000e+03 4.946270000000e+02
6.046200000000e+04 6.230530000000e+03 5.039090000000e+02
6.159300000000e+04 6.232000000000e+03 5.131160000000e+02
6.274500000000e+04 6.233910000000e+03 5.226320000000e+02
6.391900000000e+04 6.235680000000e+03 5.337010000000e+02
6.511400000000e+04 6.237660000000e+03 5.437550000000e+02
6.633200000000e+04 6.239420000000e+03 5.539420000000e+02
6.757300000000e+04 6.241960000000e+03 5.650570000000e+02
6.883700000000e+04 6.243070000000e+03 5.757990000000e+02
7.012500000000e+04 6.245940000000e+03 5.865620000000e+02
7.143700000000e+04 6.247630000000e+03 5.989380000000e+02
7.277300000000e+04 6.249920000000e+03 6.111020000000e+02
7.413500000000e+04 6.252940000000e+03 6.238490000000e+02
7.552100000000e+04 6.255980000000e+03 6.359270000000e+02
7.693400000000e+04 6.258200000000e+03 6.489040000000e+02
7.837300000000e+04 6.260990000000e+03 6.632530000000e+02
7.984000000000e+04 6.263410000000e+03 6.772910000000e+02
8.133300000000e+04 6.265420000000e+03 6.918660000000e+02
8.285500000000e+04 6.268430000000e+03 7.068650000000e+02
8.440400000000e+04 6.270950000000e+03 7.227060000000e+02
8.598300000000e+04 6.274270000000e+03 7.386720000000e+02
8.759200000000e+04 6.277080000000e+03 7.550780000000e+02
8.923000000000e+04 6.280900000000e+03 7.719380000000e+02
9.090000000000e+04 6.283410000000e+03 7.897510000000e+02
9.260000000000e+04 6.286930000000e+03 8.081830000000e+02
9.433200000000e+04 6.289440000000e+03 8.274550000000e+02
9.609700000000e+04 6.291520000000e+03 8.471170000000e+02
9.789500000000e+04 6.294110000000e+03 8.677620000000e+02
9.972600000000e+04 6.296170000000e+03 8.887460000000e+02
1.015900000000e+05 6.298740000000e+03 9.102190000000e+02
1.034900000000e+05 6.300770000000e+03 9.326840000000e+02
1.054300000000e+05 6.302550000000e+03 9.554500000000e+02
1.074000000000e+05 6.303950000000e+03 9.797790000000e+02
1.094100000000e+05 6.305180000000e+03 1.004460000000e+03
1.114600000000e+05 6.307250000000e+03 1.029690000000e+03
1.135400000000e+05 6.307670000000e+03 1.056210000000e+03
1.156600000000e+05 6.308090000000e+03 1.083350000000e+03
1.178300000000e+05 6.307320000000e+03 1.110900000000e+03
1.200300000000e+05 6.306330000000e+03 1.140100000000e+03
1.222800000000e+05 6.304010000000e+03 1.169530000000e+03
1.245700000000e+05 6.302190000000e+03 1.199950000000e+03
1.269000000000e+05 6.299250000000e+03 1.230660000000e+03
1.292700000000e+05 6.296000000000e+03 1.262030000000e+03
1.316900000000e+05 6.291620000000e+03 1.294760000000e+03
1.341500000000e+05 6.286700000000e+03 1.327660000000e+03
1.366600000000e+05 6.280700000000e+03 1.361520000000e+03
1.392200000000e+05 6.273930000000e+03 1.396280000000e+03
1.418200000000e+05 6.266240000000e+03 1.431660000000e+03
1.444700000000e+05 6.257620000000e+03 1.467180000000e+03
1.471800000000e+05 6.248800000000e+03 1.503130000000e+03
1.499300000000e+05 6.238430000000e+03 1.539670000000e+03
1.527400000000e+05 6.226770000000e+03 1.576240000000e+03
1.555900000000e+05 6.214410000000e+03 1.614590000000e+03
1.585000000000e+05 6.201050000000e+03 1.652470000000e+03
1.614700000000e+05 6.185790000000e+03 1.690940000000e+03
1.644900000000e+05 6.170380000000e+03 1.729840000000e+03
1.675700000000e+05 6.153770000000e+03 1.768560000000e+03
1.707000000000e+05 6.136390000000e+03 1.808160000000e+03
1.738900000000e+05 6.118430000000e+03 1.847420000000e+03
1.771500000000e+05 6.098140000000e+03 1.886850000000e+03
1.804600000000e+05 6.078410000000e+03 1.926530000000e+03
1.838400000000e+05 6.056990000000e+03 1.966280000000e+03
1.872700000000e+05 6.034800000000e+03 2.006850000000e+03
1.907800000000e+05 6.011140000000e+03 2.047470000000e+03
1.943500000000e+05 5.986960000000e+03 2.088320000000e+03
1.979800000000e+05 5.961560000000e+03 2.128620000000e+03
2.016900000000e+05 5.934960000000e+03 2.169520000000e+03
2.054600000000e+05 5.907070000000e+03 2.210860000000e+03
2.093000000000e+05 5.878780000000e+03 2.252400000000e+03
2.132200000000e+05 5.849390000000e+03 2.293570000000e+03
2.172100000000e+05 5.818770000000e+03 2.334890000000e+03
2.212700000000e+05 5.787020000000e+03 2.376330000000e+03
2.254100000000e+05 5.754590000000e+03 2.417600000000e+03
2.296300000000e+05 5.720260000000e+03 2.459380000000e+03
2.339200000000e+05 5.685540000000e+03 2.500740000000e+03
2.383000000000e+05 5.648470000000e+03 2.542430000000e+03
2.427500000000e+05 5.611330000000e+03 2.584130000000e+03
2.473000000000e+05 5.572160000000e+03 2.624930000000e+03
2.519200000000e+05 5.532250000000e+03 2.666070000000e+03
2.566300000000e+05 5.490960000000e+03 2.706860000000e+03
2.614400000000e+05 5.447980000000e+03 2.748000000000e+03
2.663300000000e+05 5.404380000000e+03 2.788510000000e+03
2.713100000000e+05 5.359150000000e+03 2.828660000000e+03
2.763800000000e+05 5.311860000000e+03 2.868720000000e+03
2.815500000000e+05 5.263920000000e+03 2.907980000000e+03
2.868200000000e+05 5.214940000000e+03 2.946720000000e+03
2.921900000000e+05 5.163760000000e+03 2.984820000000e+03
2.976500000000e+05 5.111320000000e+03 3.022770000000e+03
3.032200000000e+05 5.058270000000e+03 3.059550000000e+03
3.088900000000e+05 5.003300000000e+03 3.095860000000e+03
3.146700000000e+05 4.947270000000e+03 3.131090000000e+03
3.205600000000e+05 4.889480000000e+03 3.165750000000e+03
3.265500000000e+05 4.830280000000e+03 3.198950000000e+03
3.326600000000e+05 4.769900000000e+03 3.230720000000e+03
3.388900000000e+05 4.708020000000e+03 3.260620000000e+03
3.452200000000e+05 4.649340000000e+03 3.287680000000e+03
3.516800000000e+05 4.588720000000e+03 3.320690000000e+03
3.582600000000e+05 4.523340000000e+03 3.350410000000e+03
3.649600000000e+05 4.457210000000e+03 3.377670000000e+03
3.717900000000e+05 4.390200000000e+03 3.402740000000e+03
3.787500000000e+05 4.322340000000e+03 3.427140000000e+03
3.858300000000e+05 4.253910000000e+03 3.449710000000e+03
3.930500000000e+05 4.184740000000e+03 3.470460000000e+03
4.004000000000e+05 4.114730000000e+03 3.489870000000e+03
4.078900000000e+05 4.044120000000e+03 3.507960000000e+03
4.155200000000e+05 3.972630000000e+03 3.523910000000e+03
4.232900000000e+05 3.900980000000e+03 3.538800000000e+03
4.312100000000e+05 3.828840000000e+03 3.551870000000e+03
4.392800000000e+05 3.756440000000e+03 3.562980000000e+03
4.475000000000e+05 3.683640000000e+03 3.572440000000e+03
4.558700000000e+05 3.611440000000e+03 3.580410000000e+03
4.644000000000e+05 3.537910000000e+03 3.586880000000e+03
4.730800000000e+05 3.464910000000e+03 3.591630000000e+03
4.819300000000e+05 3.390800000000e+03 3.594440000000e+03
4.909500000000e+05 3.318500000000e+03 3.594210000000e+03
5.001300000000e+05 3.246930000000e+03 3.594750000000e+03
5.094900000000e+05 3.174220000000e+03 3.594270000000e+03
5.190200000000e+05 3.101060000000e+03 3.590820000000e+03
5.287300000000e+05 3.028980000000e+03 3.585790000000e+03
5.386200000000e+05 2.956800000000e+03 3.579440000000e+03
5.487000000000e+05 2.884700000000e+03 3.571160000000e+03
5.589600000000e+05 2.813580000000e+03 3.561030000000e+03
5.694200000000e+05 2.743150000000e+03 3.549570000000e+03
5.800700000000e+05 2.673240000000e+03 3.536910000000e+03
5.909200000000e+05 2.604040000000e+03 3.522140000000e+03
6.019700000000e+05 2.535830000000e+03 3.505890000000e+03
6.132300000000e+05 2.469230000000e+03 3.486380000000e+03
6.247100000000e+05 2.408870000000e+03 3.470400000000e+03
6.363900000000e+05 2.340730000000e+03 3.454370000000e+03
6.483000000000e+05 2.274820000000e+03 3.433970000000e+03
6.604200000000e+05 2.210400000000e+03 3.412210000000e+03
6.727800000000e+05 2.147540000000e+03 3.388880000000e+03
6.853600000000e+05 2.086470000000e+03 3.365240000000e+03
6.981800000000e+05 2.025530000000e+03 3.341340000000e+03
7.112500000000e+05 1.965210000000e+03 3.315410000000e+03
7.245500000000e+05 1.906420000000e+03 3.288320000000e+03
7.381000000000e+05 1.849830000000e+03 3.260870000000e+03
7.519100000000e+05 1.794290000000e+03 3.232950000000e+03
7.659800000000e+05 1.739000000000e+03 3.206160000000e+03
7.803100000000e+05 1.683710000000e+03 3.177070000000e+03
7.949000000000e+05 1.630190000000e+03 3.146650000000e+03
8.097700000000e+05 1.578900000000e+03 3.115920000000e+03
8.249200000000e+05 1.527750000000e+03 3.085390000000e+03
8.403500000000e+05 1.478100000000e+03 3.053870000000e+03
8.560700000000e+05 1.429030000000e+03 3.022420000000e+03
8.720900000000e+05 1.381350000000e+03 2.989880000000e+03
8.884000000000e+05 1.334730000000e+03 2.957100000000e+03
9.050200000000e+05 1.289180000000e+03 2.923760000000e+03
9.219500000000e+05 1.244710000000e+03 2.890340000000e+03
9.392000000000e+05 1.201660000000e+03 2.856470000000e+03
9.567700000000e+05 1.159730000000e+03 2.822580000000e+03
9.746700000000e+05 1.118170000000e+03 2.788820000000e+03
9.929000000000e+05 1.077790000000e+03 2.754430000000e+03
1.011500000000e+06 1.038550000000e+03 2.719740000000e+03
1.030400000000e+06 1.000850000000e+03 2.685160000000e+03
1.049700000000e+06 9.638540000000e+02 2.650950000000e+03
1.069300000000e+06 9.282110000000e+02 2.616570000000e+03
1.089300000000e+06 8.927160000000e+02 2.583110000000e+03
1.109700000000e+06 8.575040000000e+02 2.548500000000e+03
1.130400000000e+06 8.241840000000e+02 2.513640000000e+03
1.151600000000e+06 7.924350000000e+02 2.479410000000e+03
1.173100000000e+06 7.604810000000e+02 2.445700000000e+03
1.195100000000e+06 7.292890000000e+02 2.411410000000e+03
1.217400000000e+06 6.990490000000e+02 2.377210000000e+03
1.240200000000e+06 6.695830000000e+02 2.342730000000e+03
1.263400000000e+06 6.412610000000e+02 2.308390000000e+03
1.287000000000e+06 6.139300000000e+02 2.274570000000e+03
1.311100000000e+06 5.873660000000e+02 2.241030000000e+03
1.335600000000e+06 5.612890000000e+02 2.208010000000e+03
1.360600000000e+06 5.356090000000e+02 2.174410000000e+03
1.386100000000e+06 5.105640000000e+02 2.140960000000e+03
1.412000000000e+06 4.866270000000e+02 2.107730000000e+03
1.438400000000e+06 4.633260000000e+02 2.074150000000e+03
1.465300000000e+06 4.416080000000e+02 2.040790000000e+03
1.492700000000e+06 4.207570000000e+02 2.008790000000e+03
1.520700000000e+06 3.999230000000e+02 1.976880000000e+03
1.549100000000e+06 3.796390000000e+02 1.945280000000e+03
1.578100000000e+06 3.596920000000e+02 1.913930000000e+03
1.607600000000e+06 3.406180000000e+02 1.882540000000e+03
1.637700000000e+06 3.219840000000e+02 1.851520000000e+03
1.668300000000e+06 3.037670000000e+02 1.820590000000e+03
1.699500000000e+06 2.863220000000e+02 1.789680000000e+03
1.731300000000e+06 2.695370000000e+02 1.759110000000e+03
1.763700000000e+06 2.536970000000e+02 1.728530000000e+03
1.796700000000e+06 2.384550000000e+02 1.698700000000e+03
1.830300000000e+06 2.236320000000e+02 1.669280000000e+03
1.864600000000e+06 2.095540000000e+02 1.639990000000e+03
1.899400000000e+06 1.957800000000e+02 1.611620000000e+03
1.935000000000e+06 1.823090000000e+02 1.583270000000e+03
1.971200000000e+06 1.692210000000e+02 1.555140000000e+03
2.008000000000e+06 1.567220000000e+02 1.527300000000e+03
2.045600000000e+06 1.446670000000e+02 1.499680000000e+03
2.083900000000e+06 1.332350000000e+02 1.472240000000e+03
2.122900000000e+06 1.223140000000e+02 1.445310000000e+03
2.162600000000e+06 1.117010000000e+02 1.418900000000e+03
2.203000000000e+06 1.014380000000e+02 1.392620000000e+03
2.244200000000e+06 9.185230000000e+01 1.366570000000e+03
2.286200000000e+06 8.279500000000e+01 1.340930000000e+03
2.329000000000e+06 7.403540000000e+01 1.316110000000e+03
2.372500000000e+06 6.542090000000e+01 1.291520000000e+03
2.416900000000e+06 5.714320000000e+01 1.267180000000e+03
2.462100000000e+06 4.919350000000e+01 1.243100000000e+03
2.508200000000e+06 4.170820000000e+01 1.219180000000e+03
2.555100000000e+06 3.468030000000e+01 1.195650000000e+03
2.602900000000e+06 2.818910000000e+01 1.172550000000e+03
2.651600000000e+06 2.204130000000e+01 1.150300000000e+03
2.701200000000e+06 1.574310000000e+01 1.128430000000e+03
2.751700000000e+06 9.532310000000e+00 1.106700000000e+03
2.803200000000e+06 3.710340000000e+00 1.085120000000e+03
2.855700000000e+06 -1.849080000000e+00 1.063800000000e+03
2.909100000000e+06 -7.053480000000e+00 1.042850000000e+03
2.963500000000e+06 -1.197150000000e+01 1.022210000000e+03
3.018900000000e+06 -1.648710000000e+01 1.001940000000e+03
3.075400000000e+06 -2.078660000000e+01 9.822640000000e+02
3.132900000000e+06 -2.525100000000e+01 9.628200000000e+02
3.191600000000e+06 -2.939940000000e+01 9.435200000000e+02
3.251300000000e+06 -3.320500000000e+01 9.245030000000e+02
3.312100000000e+06 -3.675700000000e+01 9.058290000000e+02
3.374000000000e+06 -4.003250000000e+01 8.876250000000e+02
3.437200000000e+06 -4.319890000000e+01 8.698240000000e+02
3.501400000000e+06 -4.636230000000e+01 8.523380000000e+02
3.566900000000e+06 -4.942110000000e+01 8.350010000000e+02
3.633700000000e+06 -5.225750000000e+01 8.179530000000e+02
3.701600000000e+06 -5.485720000000e+01 8.011710000000e+02
3.770900000000e+06 -5.728550000000e+01 7.846720000000e+02
3.841400000000e+06 -5.961350000000e+01 7.685940000000e+02
3.913300000000e+06 -6.183820000000e+01 7.526560000000e+02
3.986500000000e+06 -6.386020000000e+01 7.369900000000e+02
4.061100000000e+06 -6.569320000000e+01 7.215680000000e+02
4.137000000000e+06 -6.742980000000e+01 7.064780000000e+02
4.214400000000e+06 -6.905730000000e+01 6.917580000000e+02
4.293300000000e+06 -7.059610000000e+01 6.772050000000e+02
4.373600000000e+06 -7.202050000000e+01 6.629010000000e+02
4.455400000000e+06 -7.331510000000e+01 6.488370000000e+02
4.538700000000e+06 -7.445680000000e+01 6.350970000000e+02
4.623700000000e+06 -7.559980000000e+01 6.215390000000e+02
4.710100000000e+06 -7.656800000000e+01 6.082280000000e+02
4.798300000000e+06 -7.742650000000e+01 5.951810000000e+02
4.888000000000e+06 -7.822290000000e+01 5.823960000000e+02
4.979500000000e+06 -7.890930000000e+01 5.697530000000e+02
5.072600000000e+06 -7.951260000000e+01 5.574490000000e+02
5.167500000000e+06 -8.001930000000e+01 5.453460000000e+02
5.264200000000e+06 -8.044870000000e+01 5.334460000000e+02
5.362600000000e+06 -8.080780000000e+01 5.217850000000e+02
5.463000000000e+06 -8.106020000000e+01 5.102850000000e+02
5.565200000000e+06 -8.124500000000e+01 4.990590000000e+02
5.669300000000e+06 -8.137140000000e+01 4.880520000000e+02
5.775300000000e+06 -8.144490000000e+01 4.772190000000e+02
5.883300000000e+06 -8.141320000000e+01 4.666120000000e+02
5.993400000000e+06 -8.131140000000e+01 4.562100000000e+02
6.105500000000e+06 -8.116240000000e+01 4.460350000000e+02
6.219700000000e+06 -8.094650000000e+01 4.360350000000e+02
6.336100000000e+06 -8.072090000000e+01 4.262890000000e+02
6.454600000000e+06 -8.042590000000e+01 4.166780000000e+02
6.575400000000e+06 -8.006250000000e+01 4.072720000000e+02
6.698400000000e+06 -7.963500000000e+01 3.980540000000e+02
6.823700000000e+06 -7.917670000000e+01 3.890770000000e+02
6.951300000000e+06 -7.869850000000e+01 3.802390000000e+02
7.081400000000e+06 -7.815800000000e+01 3.715900000000e+02
7.213800000000e+06 -7.759880000000e+01 3.631150000000e+02
7.348800000000e+06 -7.697040000000e+01 3.547840000000e+02
7.486200000000e+06 -7.628690000000e+01 3.466990000000e+02
7.626300000000e+06 -7.562280000000e+01 3.387690000000e+02
7.768900000000e+06 -7.493290000000e+01 3.309810000000e+02
7.914300000000e+06 -7.418400000000e+01 3.233800000000e+02
8.062300000000e+06 -7.343640000000e+01 3.159300000000e+02
8.213100000000e+06 -7.263130000000e+01 3.086420000000e+02
8.366800000000e+06 -7.182280000000e+01 3.015500000000e+02
8.523300000000e+06 -7.101680000000e+01 2.945810000000e+02
8.682700000000e+06 -7.017110000000e+01 2.877720000000e+02
8.845200000000e+06 -6.931940000000e+01 2.811040000000e+02
9.010600000000e+06 -6.843160000000e+01 2.745910000000e+02
9.179200000000e+06 -6.755010000000e+01 2.682200000000e+02
9.350900000000e+06 -6.664420000000e+01 2.619920000000e+02
9.525800000000e+06 -6.574430000000e+01 2.559140000000e+02
9.704000000000e+06 -6.481240000000e+01 2.499450000000e+02
9.885600000000e+06 -6.387860000000e+01 2.441350000000e+02
1.007000000000e+07 -6.295000000000e+01 2.384530000000e+02
1.025900000000e+07 -6.200440000000e+01 2.328730000000e+02
1.045100000000e+07 -6.106470000000e+01 2.274130000000e+02
1.064600000000e+07 -6.011460000000e+01 2.221160000000e+02
1.084500000000e+07 -5.915650000000e+01 2.169290000000e+02
1.104800000000e+07 -5.821220000000e+01 2.118500000000e+02
1.125500000000e+07 -5.725740000000e+01 2.068820000000e+02
1.146600000000e+07 -5.630070000000e+01 2.020380000000e+02
1.168000000000e+07 -5.534460000000e+01 1.973240000000e+02
1.189900000000e+07 -5.440300000000e+01 1.926900000000e+02
1.212100000000e+07 -5.345230000000e+01 1.881870000000e+02
1.234800000000e+07 -5.251510000000e+01 1.837830000000e+02
1.257900000000e+07 -5.157910000000e+01 1.794820000000e+02
1.281400000000e+07 -5.064820000000e+01 1.752900000000e+02
1.305400000000e+07 -4.971600000000e+01 1.711730000000e+02
1.329800000000e+07 -4.879950000000e+01 1.671770000000e+02
1.354700000000e+07 -4.788710000000e+01 1.632520000000e+02
1.380000000000e+07 -4.697540000000e+01 1.594440000000e+02
1.405800000000e+07 -4.607780000000e+01 1.557180000000e+02
1.432100000000e+07 -4.518620000000e+01 1.520790000000e+02
1.458900000000e+07 -4.430020000000e+01 1.485140000000e+02
1.486200000000e+07 -4.342220000000e+01 1.450480000000e+02
1.514000000000e+07 -4.255620000000e+01 1.416470000000e+02
1.542300000000e+07 -4.169290000000e+01 1.383530000000e+02
1.571200000000e+07 -4.084720000000e+01 1.351170000000e+02
1.600600000000e+07 -4.000930000000e+01 1.319570000000e+02
1.630500000000e+07 -3.918020000000e+01 1.288790000000e+02
1.661000000000e+07 -3.836200000000e+01 1.258740000000e+02
1.692100000000e+07 -3.754930000000e+01 1.229410000000e+02
1.723800000000e+07 -3.675120000000e+01 1.200740000000e+02
1.756000000000e+07 -3.596690000000e+01 1.172850000000e+02
1.788900000000e+07 -3.518620000000e+01 1.145560000000e+02
1.822300000000e+07 -3.442030000000e+01 1.118990000000e+02
1.856400000000e+07 -3.366530000000e+01 1.093010000000e+02
1.891100000000e+07 -3.292260000000e+01 1.067700000000e+02
1.926500000000e+07 -3.219030000000e+01 1.042920000000e+02
1.962500000000e+07 -3.147050000000e+01 1.018810000000e+02
1.999300000000e+07 -3.075520000000e+01 9.952110000000e+01
2.036700000000e+07 -3.005530000000e+01 9.721930000000e+01
2.074800000000e+07 -2.936720000000e+01 9.497400000000e+01
2.113600000000e+07 -2.869020000000e+01 9.278740000000e+01
2.153100000000e+07 -2.802520000000e+01 9.065450000000e+01
2.193400000000e+07 -2.736700000000e+01 8.856760000000e+01
2.234400000000e+07 -2.672930000000e+01 8.653350000000e+01
2.276200000000e+07 -2.609440000000e+01 8.454920000000e+01
2.318800000000e+07 -2.547510000000e+01 8.261330000000e+01
2.362200000000e+07 -2.486360000000e+01 8.071960000000e+01
2.406400000000e+07 -2.426470000000e+01 7.887580000000e+01
2.451400000000e+07 -2.367610000000e+01 7.707760000000e+01
2.497200000000e+07 -2.309840000000e+01 7.532360000000e+01
2.544000000000e+07 -2.253420000000e+01 7.361150000000e+01
2.591500000000e+07 -2.198020000000e+01 7.193970000000e+01
2.640000000000e+07 -2.143250000000e+01 7.030810000000e+01
2.689400000000e+07 -2.090120000000e+01 6.871760000000e+01
2.739700000000e+07 -2.037910000000e+01 6.716670000000e+01
2.791000000000e+07 -1.986600000000e+01 6.564850000000e+01
2.843200000000e+07 -1.936300000000e+01 6.417350000000e+01
2.896400000000e+07 -1.887180000000e+01 6.273030000000e+01
2.950500000000e+07 -1.838970000000e+01 6.132570000000e+01
3.005700000000e+07 -1.791850000000e+01 5.994850000000e+01
3.062000000000e+07 -1.745460000000e+01 5.860460000000e+01
3.119200000000e+07 -1.700350000000e+01 5.730150000000e+01
3.177600000000e+07 -1.655950000000e+01 5.602490000000e+01
3.237000000000e+07 -1.612830000000e+01 5.478100000000e+01
3.297600000000e+07 -1.570450000000e+01 5.356230000000e+01
3.359300000000e+07 -1.529030000000e+01 5.237880000000e+01
3.422100000000e+07 -1.488430000000e+01 5.122490000000e+01
3.486100000000e+07 -1.448870000000e+01 5.009580000000e+01
3.551400000000e+07 -1.410230000000e+01 4.899690000000e+01
3.617800000000e+07 -1.372490000000e+01 4.792290000000e+01
3.685500000000e+07 -1.335440000000e+01 4.687580000000e+01
3.754400000000e+07 -1.299450000000e+01 4.585140000000e+01
3.824600000000e+07 -1.264360000000e+01 4.485500000000e+01
3.896200000000e+07 -1.229820000000e+01 4.388010000000e+01
3.969100000000e+07 -1.196380000000e+01 4.292810000000e+01
4.043300000000e+07 -1.163660000000e+01 4.200090000000e+01
4.119000000000e+07 -1.131820000000e+01 4.109300000000e+01
4.196000000000e+07 -1.100560000000e+01 4.021090000000e+01
4.274500000000e+07 -1.070070000000e+01 3.934700000000e+01
4.354500000000e+07 -1.040360000000e+01 3.850630000000e+01
4.435900000000e+07 -1.011630000000e+01 3.768620000000e+01
4.518900000000e+07 -9.832590000000e+00 3.688470000000e+01
4.603400000000e+07 -9.558250000000e+00 3.610150000000e+01
4.689500000000e+07 -9.289980000000e+00 3.533640000000e+01
4.777300000000e+07 -9.028450000000e+00 3.459200000000e+01
4.866600000000e+07 -8.774200000000e+00 3.386590000000e+01
4.957700000000e+07 -8.525700000000e+00 3.315480000000e+01
5.050400000000e+07 -8.283600000000e+00 3.246010000000e+01
5.144900000000e+07 -8.049970000000e+00 3.178480000000e+01
5.241100000000e+07 -7.822170000000e+00 3.112360000000e+01
5.339200000000e+07 -7.598010000000e+00 3.047760000000e+01
5.439100000000e+07 -7.381620000000e+00 2.984770000000e+01
5.540800000000e+07 -7.170860000000e+00 2.923400000000e+01
5.644500000000e+07 -6.966300000000e+00 2.863390000000e+01
5.750100000000e+07 -6.766090000000e+00 2.804660000000e+01
5.857600000000e+07 -6.572920000000e+00 2.747390000000e+01
5.967200000000e+07 -6.383220000000e+00 2.691460000000e+01
6.078800000000e+07 -6.200640000000e+00 2.636910000000e+01
6.192500000000e+07 -6.022680000000e+00 2.583480000000e+01
6.308400000000e+07 -5.848970000000e+00 2.531250000000e+01
6.426400000000e+07 -5.679540000000e+00 2.480520000000e+01
6.546600000000e+07 -5.516080000000e+00 2.430620000000e+01
6.669100000000e+07 -5.355920000000e+00 2.382080000000e+01
6.793800000000e+07 -5.202280000000e+00 2.334610000000e+01
6.920900000000e+07 -5.051700000000e+00 2.288100000000e+01
7.050400000000e+07 -4.906050000000e+00 2.242710000000e+01
7.182300000000e+07 -4.764840000000e+00 2.198390000000e+01
7.316600000000e+07 -4.625970000000e+00 2.155050000000e+01
7.453500000000e+07 -4.492700000000e+00 2.112660000000e+01
7.592900000000e+07 -4.362120000000e+00 2.071280000000e+01
7.735000000000e+07 -4.237180000000e+00 2.030790000000e+01
7.879700000000e+07 -4.115740000000e+00 1.991200000000e+01
8.027100000000e+07 -3.997160000000e+00 1.952470000000e+01
8.177200000000e+07 -3.882230000000e+00 1.914740000000e+01
8.330200000000e+07 -3.770900000000e+00 1.877830000000e+01
8.486000000000e+07 -3.663310000000e+00 1.841650000000e+01
8.644800000000e+07 -3.559410000000e+00 1.806180000000e+01
8.806500000000e+07 -3.457340000000e+00 1.771710000000e+01
8.971200000000e+07 -3.359270000000e+00 1.737860000000e+01
9.139000000000e+07 -3.265050000000e+00 1.704980000000e+01
9.310000000000e+07 -3.172650000000e+00 1.672630000000e+01
9.484200000000e+07 -3.083610000000e+00 1.641050000000e+01
9.661600000000e+07 -2.997700000000e+00 1.610330000000e+01
9.842300000000e+07 -2.914670000000e+00 1.580200000000e+01
1.002600000000e+08 -2.834940000000e+00 1.550760000000e+01
1.021400000000e+08 -2.757420000000e+00 1.522150000000e+01
1.040500000000e+08 -2.681520000000e+00 1.494140000000e+01
1.060000000000e+08 -2.608240000000e+00 1.466610000000e+01
1.079800000000e+08 -2.538620000000e+00 1.439830000000e+01
1.100000000000e+08 -2.470230000000e+00 1.413630000000e+01