4.000000000000e+01 6.090660000000e+03 1.057770000000e+05
4.074800000000e+01 4.786210000000e+03 1.042090000000e+05
4.151100000000e+01 5.210310000000e+03 1.008910000000e+05
4.228700000000e+01 5.710450000000e+03 9.913850000000e+04
4.307800000000e+01 5.665850000000e+03 9.582950000000e+04
4.388400000000e+01 6.442110000000e+03 9.523550000000e+04
4.470500000000e+01 5.300190000000e+03 9.231670000000e+04
4.554100000000e+01 5.226230000000e+03 8.961470000000e+04
4.639300000000e+01 5.339360000000e+03 8.825510000000e+04
4.726100000000e+01 5.608890000000e+03 8.639280000000e+04
4.814500000000e+01 7.353250000000e+03 8.418280000000e+04
4.904600000000e+01 4.797390000000e+03 8.148680000000e+04
4.996300000000e+01 4.528780000000e+03 8.105890000000e+04
5.089800000000e+01 4.964480000000e+03 7.992700000000e+04
5.185000000000e+01 5.062690000000e+03 7.794770000000e+04
5.282000000000e+01 5.626700000000e+03 7.614460000000e+04
5.380800000000e+01 6.171940000000e+03 7.348530000000e+04
5.481500000000e+01 5.915090000000e+03 7.218290000000e+04
5.584000000000e+01 6.486580000000e+03 7.113760000000e+04
5.688500000000e+01 5.062540000000e+03 6.922580000000e+04
5.794900000000e+01 6.355620000000e+03 6.779260000000e+04
5.903300000000e+01 5.573500000000e+03 6.679210000000e+04
6.013700000000e+01 5.902790000000e+03 6.549220000000e+04
6.126200000000e+01 5.312040000000e+03 6.530170000000e+04
6.240800000000e+01 4.782860000000e+03 6.418190000000e+04
6.357500000000e+01 5.636610000000e+03 6.223050000000e+04
6.476500000000e+01 5.659050000000e+03 6.121430000000e+04
6.597600000000e+01 5.976880000000e+03 5.993670000000e+04
6.721000000000e+01 5.152850000000e+03 5.803770000000e+04
6.846800000000e+01 5.139290000000e+03 5.695540000000e+04
6.974900000000e+01 5.567460000000e+03 5.600910000000e+04
7.105300000000e+01 5.894020000000e+03 5.538540000000e+04
7.238200000000e+01 5.509030000000e+03 5.471200000000e+04
7.373600000000e+01 5.519110000000e+03 5.332750000000e+04
7.511600000000e+01 5.648590000000e+03 5.219840000000e+04
7.652100000000e+01 5.426800000000e+03 5.101240000000e+04
7.795200000000e+01 5.442010000000e+03 4.983480000000e+04
7.941100000000e+01 5.224510000000e+03 4.871550000000e+04
8.089600000000e+01 5.212330000000e+03 4.765370000000e+04
8.241000000000e+01 5.753580000000e+03 4.728440000000e+04
8.395100000000e+01 5.217380000000e+03 4.603600000000e+04
8.552200000000e+01 5.374100000000e+03 4.540260000000e+04
8.712100000000e+01 5.295180000000e+03 4.443140000000e+04
8.875100000000e+01 5.233430000000e+03 4.369980000000e+04
9.041100000000e+01 5.921590000000e+03 4.356460000000e+04
9.210300000000e+01 5.446830000000e+03 4.227450000000e+04
9.382600000000e+01 5.624660000000e+03 4.158290000000e+04
9.558100000000e+01 5.467190000000e+03 4.085650000000e+04
9.736900000000e+01 5.352880000000e+03 3.998640000000e+04
9.919000000000e+01 5.415570000000e+03 3.928520000000e+04
1.010500000000e+02 5.323250000000e+03 3.853490000000e+04
1.029400000000e+02 5.597550000000e+03 3.775560000000e+04
1.048600000000e+02 5.568150000000e+03 3.704830000000e+04
1.068200000000e+02 5.564320000000e+03 3.604080000000e+04
1.088200000000e+02 5.569820000000e+03 3.562130000000e+04
1.108600000000e+02 5.332770000000e+03 3.487370000000e+04
1.129300000000e+02 5.272980000000e+03 3.402310000000e+04
1.150400000000e+02 5.452800000000e+03 3.326650000000e+04
1.172000000000e+02 5.688580000000e+03 3.266380000000e+04
1.193900000000e+02 5.480840000000e+03 3.217480000000e+04
1.216200000000e+02 5.542770000000e+03 3.146330000000e+04
1.239000000000e+02 5.632760000000e+03 3.082510000000e+04
1.262100000000e+02 5.431970000000e+03 3.030740000000e+04
1.285700000000e+02 5.434500000000e+03 2.959840000000e+04
1.309800000000e+02 5.533040000000e+03 2.925650000000e+04
1.334300000000e+02 5.644080000000e+03 2.856740000000e+04
1.359300000000e+02 5.790320000000e+03 2.786700000000e+04
1.384700000000e+02 5.403510000000e+03 2.775190000000e+04
1.410600000000e+02 5.558800000000e+03 2.703100000000e+04
1.437000000000e+02 5.435980000000e+03 2.665570000000e+04
1.463900000000e+02 5.408580000000e+03 2.623370000000e+04
1.491300000000e+02 5.520810000000e+03 2.580660000000e+04
1.519100000000e+02 5.623810000000e+03 2.511180000000e+04
1.547600000000e+02 5.519450000000e+03 2.482310000000e+04
1.576500000000e+02 5.552080000000e+03 2.438170000000e+04
1.606000000000e+02 5.665920000000e+03 2.379780000000e+04
1.636000000000e+02 5.463890000000e+03 2.330660000000e+04
1.666700000000e+02 5.311120000000e+03 2.324900000000e+04
1.697800000000e+02 5.407430000000e+03 2.258710000000e+04
1.729600000000e+02 5.576340000000e+03 2.228340000000e+04
1.762000000000e+02 5.478520000000e+03 2.158710000000e+04
1.794900000000e+02 5.516520000000e+03 2.128030000000e+04
1.828500000000e+02 5.437760000000e+03 2.092510000000e+04
1.862700000000e+02 5.434240000000e+03 2.027300000000e+04
1.897500000000e+02 5.590530000000e+03 2.030310000000e+04
1.933000000000e+02 5.604630000000e+03 1.959820000000e+04
1.969200000000e+02 5.495530000000e+03 1.937410000000e+04
2.006000000000e+02 5.463590000000e+03 1.899780000000e+04
2.043600000000e+02 5.606830000000e+03 1.862530000000e+04
2.081800000000e+02 5.618160000000e+03 1.828810000000e+04
2.120700000000e+02 5.527820000000e+03 1.806650000000e+04
2.160400000000e+02 5.564010000000e+03 1.745780000000e+04
2.200800000000e+02 5.467730000000e+03 1.724660000000e+04
2.242000000000e+02 5.462220000000e+03 1.681630000000e+04
2.283900000000e+02 5.447790000000e+03 1.680460000000e+04
2.326600000000e+02 5.531530000000e+03 1.630040000000e+04
2.370200000000e+02 5.283510000000e+03 1.610150000000e+04
2.414500000000e+02 5.564130000000e+03 1.577350000000e+04
2.459700000000e+02 5.530080000000e+03 1.550750000000e+04
2.505700000000e+02 5.452550000000e+03 1.508350000000e+04
2.552600000000e+02 5.586090000000e+03 1.479490000000e+04
2.600300000000e+02 5.534030000000e+03 1.448690000000e+04
2.649000000000e+02 5.519750000000e+03 1.421760000000e+04
2.698500000000e+02 5.494330000000e+03 1.408020000000e+04
2.749000000000e+02 5.525810000000e+03 1.379380000000e+04
2.800400000000e+02 5.511970000000e+03 1.355130000000e+04
2.852800000000e+02 5.443560000000e+03 1.323040000000e+04
2.906200000000e+02 5.491280000000e+03 1.304670000000e+04
2.960500000000e+02 5.511200000000e+03 1.279850000000e+04
3.015900000000e+02 5.557810000000e+03 1.248830000000e+04
3.072300000000e+02 5.435820000000e+03 1.232300000000e+04
3.129800000000e+02 5.424870000000e+03 1.203730000000e+04
3.188300000000e+02 5.511900000000e+03 1.201920000000e+04
3.248000000000e+02 5.468430000000e+03 1.160550000000e+04
3.308800000000e+02 5.548380000000e+03 1.133350000000e+04
3.370700000000e+02 5.513160000000e+03 1.117460000000e+04
3.433700000000e+02 5.486480000000e+03 1.095920000000e+04
3.497900000000e+02 5.537250000000e+03 1.079210000000e+04
3.563400000000e+02 5.474560000000e+03 1.060720000000e+04
3.630000000000e+02 5.506670000000e+03 1.041570000000e+04
3.697900000000e+02 5.536000000000e+03 1.017260000000e+04
3.767100000000e+02 5.514170000000e+03 1.006980000000e+04
3.837600000000e+02 5.472750000000e+03 9.903150000000e+03
3.909400000000e+02 5.553930000000e+03 9.604470000000e+03
3.982500000000e+02 5.523350000000e+03 9.437260000000e+03
4.057000000000e+02 5.491160000000e+03 9.316010000000e+03
4.132900000000e+02 5.502770000000e+03 9.113830000000e+03
4.210200000000e+02 5.527640000000e+03 9.025280000000e+03
4.289000000000e+02 5.502690000000e+03 8.778980000000e+03
4.369200000000e+02 5.507250000000e+03 8.637050000000e+03
4.450900000000e+02 5.537750000000e+03 8.468780000000e+03
4.534200000000e+02 5.579200000000e+03 8.291340000000e+03
4.619000000000e+02 5.527560000000e+03 8.159830000000e+03
4.705400000000e+02 5.543640000000e+03 8.051440000000e+03
4.793500000000e+02 5.455970000000e+03 7.864250000000e+03
4.883100000000e+02 5.449400000000e+03 7.704480000000e+03
4.974500000000e+02 5.442510000000e+03 7.535550000000e+03
5.067500000000e+02 5.507520000000e+03 7.433750000000e+03
5.162300000000e+02 5.518860000000e+03 7.282450000000e+03
5.258900000000e+02 5.492830000000e+03 7.148610000000e+03
5.357300000000e+02 5.508620000000e+03 6.999680000000e+03
5.457500000000e+02 5.499650000000e+03 6.876570000000e+03
5.559600000000e+02 5.501670000000e+03 6.761370000000e+03
5.663600000000e+02 5.483510000000e+03 6.642220000000e+03
5.769500000000e+02 5.537910000000e+03 6.503100000000e+03
5.877400000000e+02 5.474290000000e+03 6.395500000000e+03
5.987400000000e+02 5.487340000000e+03 6.297410000000e+03
6.099400000000e+02 5.499640000000e+03 6.154540000000e+03
6.213500000000e+02 5.506860000000e+03 6.010580000000e+03
6.329700000000e+02 5.488260000000e+03 5.935590000000e+03
6.448200000000e+02 5.501650000000e+03 5.850610000000e+03
6.568800000000e+02 5.502090000000e+03 5.732240000000e+03
6.691600000000e+02 5.480450000000e+03 5.657420000000e+03
6.816800000000e+02 5.520180000000e+03 5.581550000000e+03
6.944300000000e+02 5.485190000000e+03 5.498870000000e+03
7.074200000000e+02 5.481700000000e+03 5.457910000000e+03
7.206600000000e+02 5.490540000000e+03 5.412710000000e+03
7.341400000000e+02 5.485600000000e+03 5.343600000000e+03
7.478700000000e+02 5.481570000000e+03 5.249930000000e+03
7.618600000000e+02 5.505520000000e+03 5.164530000000e+03
7.761200000000e+02 5.506090000000e+03 5.093020000000e+03
7.906300000000e+02 5.508830000000e+03 5.032940000000e+03
8.054200000000e+02 5.486600000000e+03 4.928530000000e+03
8.204900000000e+02 5.497090000000e+03 4.825480000000e+03
8.358400000000e+02 5.484000000000e+03 4.755030000000e+03
8.514800000000e+02 5.498060000000e+03 4.686590000000e+03
8.674000000000e+02 5.485270000000e+03 4.614970000000e+03
8.836300000000e+02 5.489490000000e+03 4.545120000000e+03
9.001600000000e+02 5.500050000000e+03 4.474680000000e+03
9.170000000000e+02 5.502370000000e+03 4.406280000000e+03
9.341500000000e+02 5.498970000000e+03 4.322600000000e+03
9.516300000000e+02 5.492630000000e+03 4.275890000000e+03
9.694300000000e+02 5.486620000000e+03 4.197310000000e+03
9.875700000000e+02 5.508970000000e+03 4.118490000000e+03
1.006000000000e+03 5.502570000000e+03 4.045620000000e+03
1.024900000000e+03 5.504260000000e+03 3.979990000000e+03
1.044000000000e+03 5.480160000000e+03 3.925530000000e+03
1.063600000000e+03 5.498650000000e+03 3.839810000000e+03
1.083500000000e+03 5.501690000000e+03 3.796090000000e+03
1.103700000000e+03 5.495860000000e+03 3.709860000000e+03
1.124400000000e+03 5.493260000000e+03 3.671030000000e+03
1.145400000000e+03 5.503990000000e+03 3.609850000000e+03
1.166800000000e+03 5.508460000000e+03 3.560660000000e+03
1.188700000000e+03 5.493710000000e+03 3.493170000000e+03
1.210900000000e+03 5.481530000000e+03 3.429630000000e+03
1.233500000000e+03 5.501450000000e+03 3.376990000000e+03
1.256600000000e+03 5.502380000000e+03 3.331770000000e+03
1.280100000000e+03 5.509410000000e+03 3.279570000000e+03
1.304100000000e+03 5.504700000000e+03 3.266000000000e+03
1.328500000000e+03 5.512980000000e+03 3.211490000000e+03
1.353300000000e+03 5.501770000000e+03 3.181870000000e+03
1.378600000000e+03 5.501400000000e+03 3.144640000000e+03
1.404400000000e+03 5.506170000000e+03 3.087550000000e+03
1.430700000000e+03 5.506040000000e+03 3.070960000000e+03
1.457500000000e+03 5.501110000000e+03 3.008160000000e+03
1.484700000000e+03 5.506390000000e+03 2.978700000000e+03
1.512500000000e+03 5.497060000000e+03 2.932830000000e+03
1.540800000000e+03 5.512630000000e+03 2.874740000000e+03
1.569600000000e+03 5.489200000000e+03 2.833920000000e+03
1.599000000000e+03 5.494660000000e+03 2.781150000000e+03
1.628900000000e+03 5.514310000000e+03 2.735320000000e+03
1.659400000000e+03 5.490600000000e+03 2.686660000000e+03
1.690400000000e+03 5.496600000000e+03 2.645520000000e+03
1.722000000000e+03 5.493870000000e+03 2.609590000000e+03
1.754200000000e+03 5.497400000000e+03 2.550140000000e+03
1.787100000000e+03 5.500290000000e+03 2.505110000000e+03
1.820500000000e+03 5.500560000000e+03 2.467990000000e+03
1.854500000000e+03 5.493120000000e+03 2.415660000000e+03
1.889200000000e+03 5.506990000000e+03 2.395030000000e+03
1.924600000000e+03 5.502850000000e+03 2.349140000000e+03
1.960600000000e+03 5.510030000000e+03 2.305210000000e+03
1.997300000000e+03 5.503620000000e+03 2.257800000000e+03
2.034600000000e+03 5.495620000000e+03 2.224270000000e+03
2.072700000000e+03 5.498530000000e+03 2.184020000000e+03
2.111500000000e+03 5.500170000000e+03 2.152140000000e+03
2.151000000000e+03 5.499570000000e+03 2.115400000000e+03
2.191200000000e+03 5.482740000000e+03 2.083920000000e+03
2.232200000000e+03 5.507800000000e+03 2.046700000000e+03
2.273900000000e+03 5.492150000000e+03 2.009900000000e+03
2.316500000000e+03 5.499780000000e+03 1.977900000000e+03
2.359800000000e+03 5.504640000000e+03 1.953750000000e+03
2.404000000000e+03 5.493380000000e+03 1.912840000000e+03
2.448900000000e+03 5.489270000000e+03 1.887830000000e+03
2.494700000000e+03 5.495120000000e+03 1.849850000000e+03
2.541400000000e+03 5.503940000000e+03 1.820500000000e+03
2.588900000000e+03 5.497700000000e+03 1.788740000000e+03
2.637400000000e+03 5.503490000000e+03 1.755220000000e+03
2.686700000000e+03 5.501240000000e+03 1.729960000000e+03
2.737000000000e+03 5.496530000000e+03 1.690450000000e+03
2.788200000000e+03 5.494390000000e+03 1.664500000000e+03
2.840300000000e+03 5.497690000000e+03 1.636490000000e+03
2.893500000000e+03 5.498430000000e+03 1.601840000000e+03
2.947600000000e+03 5.495320000000e+03 1.580200000000e+03
3.002700000000e+03 5.497800000000e+03 1.556600000000e+03
3.058900000000e+03 5.502590000000e+03 1.524680000000e+03
3.116100000000e+03 5.493130000000e+03 1.499010000000e+03
3.174400000000e+03 5.500770000000e+03 1.471690000000e+03
3.233800000000e+03 5.497210000000e+03 1.454970000000e+03
3.294300000000e+03 5.499950000000e+03 1.428700000000e+03
3.355900000000e+03 5.491180000000e+03 1.405480000000e+03
3.418700000000e+03 5.496770000000e+03 1.383400000000e+03
3.482600000000e+03 5.490310000000e+03 1.354750000000e+03
3.547800000000e+03 5.502970000000e+03 1.331150000000e+03
3.614200000000e+03 5.503720000000e+03 1.313320000000e+03
3.681800000000e+03 5.487610000000e+03 1.287200000000e+03
3.750600000000e+03 5.492340000000e+03 1.268440000000e+03
3.820800000000e+03 5.494960000000e+03 1.245400000000e+03
3.892300000000e+03 5.494240000000e+03 1.226760000000e+03
3.965100000000e+03 5.496120000000e+03 1.202250000000e+03
4.039300000000e+03 5.493080000000e+03 1.185500000000e+03
4.114800000000e+03 5.499100000000e+03 1.165380000000e+03
4.191800000000e+03 5.499420000000e+03 1.142810000000e+03
4.270200000000e+03 5.496850000000e+03 1.125120000000e+03
4.350100000000e+03 5.493510000000e+03 1.106810000000e+03
4.431500000000e+03 5.494660000000e+03 1.085110000000e+03
4.514400000000e+03 5.493870000000e+03 1.067060000000e+03
4.598800000000e+03 5.498230000000e+03 1.048810000000e+03
4.684800000000e+03 5.500250000000e+03 1.034490000000e+03
4.772500000000e+03 5.492480000000e+03 1.014260000000e+03
4.861800000000e+03 5.496490000000e+03 1.002160000000e+03
4.952700000000e+03 5.492430000000e+03 9.834080000000e+02
5.045400000000e+03 5.498830000000e+03 9.632130000000e+02
5.139700000000e+03 5.493820000000e+03 9.504480000000e+02
5.235900000000e+03 5.494950000000e+03 9.357180000000e+02
5.333800000000e+03 5.496230000000e+03 9.227600000000e+02
5.433600000000e+03 5.495360000000e+03 9.086640000000e+02
5.535300000000e+03 5.498330000000e+03 8.932330000000e+02
5.638800000000e+03 5.492150000000e+03 8.778760000000e+02
5.744300000000e+03 5.494180000000e+03 8.620750000000e+02
5.851700000000e+03 5.495200000000e+03 8.507900000000e+02
5.961200000000e+03 5.492640000000e+03 8.401620000000e+02
6.072700000000e+03 5.493030000000e+03 8.246960000000e+02
6.186300000000e+03 5.493430000000e+03 8.086640000000e+02
6.302100000000e+03 5.500340000000e+03 7.991270000000e+02
6.419900000000e+03 5.494910000000e+03 7.833000000000e+02
6.540000000000e+03 5.493580000000e+03 7.754450000000e+02
6.662400000000e+03 5.498610000000e+03 7.615430000000e+02
6.787000000000e+03 5.495180000000e+03 7.496060000000e+02
6.914000000000e+03 5.495740000000e+03 7.404650000000e+02
7.043300000000e+03 5.496020000000e+03 7.249840000000e+02
7.175100000000e+03 5.494730000000e+03 7.111460000000e+02
7.309300000000e+03 5.498200000000e+03 7.043270000000e+02
7.446000000000e+03 5.494450000000e+03 6.921200000000e+02
7.585300000000e+03 5.496400000000e+03 6.813780000000e+02
7.727200000000e+03 5.499620000000e+03 6.722030000000e+02
7.871800000000e+03 5.497200000000e+03 6.609270000000e+02
8.019000000000e+03 5.496210000000e+03 6.510480000000e+02
8.169000000000e+03 5.496170000000e+03 6.435460000000e+02
8.321800000000e+03 5.495660000000e+03 6.313720000000e+02
8.477500000000e+03 5.497060000000e+03 6.217460000000e+02
8.636100000000e+03 5.496550000000e+03 6.130460000000e+02
8.797700000000e+03 5.496370000000e+03 6.041670000000e+02
8.962200000000e+03 5.496820000000e+03 5.956710000000e+02
9.129900000000e+03 5.494880000000e+03 5.874600000000e+02
9.300700000000e+03 5.496520000000e+03 5.794500000000e+02
9.474700000000e+03 5.494400000000e+03 5.711350000000e+02
9.651900000000e+03 5.495710000000e+03 5.623850000000e+02
9.832500000000e+03 5.496000000000e+03 5.538700000000e+02
1.001600000000e+04 5.494070000000e+03 5.470000000000e+02
1.020400000000e+04 5.496120000000e+03 5.394600000000e+02
1.039500000000e+04 5.495620000000e+03 5.316250000000e+02
1.058900000000e+04 5.496550000000e+03 5.266720000000e+02
1.078700000000e+04 5.496610000000e+03 5.178450000000e+02
1.098900000000e+04 5.498140000000e+03 5.127260000000e+02
1.119500000000e+04 5.496350000000e+03 5.051580000000e+02
1.140400000000e+04 5.497680000000e+03 4.989950000000e+02
1.161700000000e+04 5.500180000000e+03 4.941340000000e+02
1.183500000000e+04 5.497690000000e+03 4.858670000000e+02
1.205600000000e+04 5.498540000000e+03 4.812540000000e+02
1.228200000000e+04 5.498990000000e+03 4.746500000000e+02
1.251100000000e+04 5.501570000000e+03 4.721000000000e+02
1.274500000000e+04 5.500760000000e+03 4.653540000000e+02
1.298400000000e+04 5.499580000000e+03 4.593120000000e+02
1.322700000000e+04 5.500640000000e+03 4.532630000000e+02
1.347400000000e+04 5.500160000000e+03 4.497740000000e+02
1.372600000000e+04 5.501150000000e+03 4.440300000000e+02
1.398300000000e+04 5.500830000000e+03 4.397790000000e+02
1.424400000000e+04 5.501280000000e+03 4.342310000000e+02
1.451100000000e+04 5.502430000000e+03 4.319800000000e+02
1.478200000000e+04 5.500740000000e+03 4.260690000000e+02
1.505900000000e+04 5.502280000000e+03 4.222890000000e+02
1.534100000000e+04 5.504050000000e+03 4.181910000000e+02
1.562800000000e+04 5.503060000000e+03 4.122130000000e+02
1.592000000000e+04 5.502350000000e+03 4.084370000000e+02
1.621800000000e+04 5.505040000000e+03 4.047080000000e+02
1.652100000000e+04 5.505490000000e+03 4.010610000000e+02
1.683000000000e+04 5.505070000000e+03 3.964890000000e+02
1.714500000000e+04 5.506440000000e+03 3.910090000000e+02
1.746600000000e+04 5.506750000000e+03 3.877400000000e+02
1.779200000000e+04 5.507720000000e+03 3.850700000000e+02
1.812500000000e+04 5.506930000000e+03 3.820660000000e+02
1.846400000000e+04 5.507520000000e+03 3.783930000000e+02
1.881000000000e+04 5.509770000000e+03 3.740520000000e+02
1.916200000000e+04 5.508520000000e+03 3.722490000000e+02
1.952000000000e+04 5.509550000000e+03 3.677070000000e+02
1.988500000000e+04 5.509370000000e+03 3.659670000000e+02
2.025700000000e+04 5.510840000000e+03 3.622330000000e+02
2.063600000000e+04 5.510850000000e+03 3.592950000000e+02
2.102200000000e+04 5.511070000000e+03 3.560280000000e+02
2.141500000000e+04 5.511550000000e+03 3.545360000000e+02
2.181600000000e+04 5.513090000000e+03 3.517930000000e+02
2.222400000000e+04 5.512580000000e+03 3.492820000000e+02
2.264000000000e+04 5.514130000000e+03 3.467990000000e+02
2.306300000000e+04 5.515080000000e+03 3.450980000000e+02
2.349500000000e+04 5.514480000000e+03 3.429440000000e+02
2.393400000000e+04 5.514200000000e+03 3.405060000000e+02
2.438200000000e+04 5.515030000000e+03 3.377750000000e+02
2.483800000000e+04 5.516200000000e+03 3.365300000000e+02
2.530300000000e+04 5.516740000000e+03 3.352800000000e+02
2.577600000000e+04 5.518210000000e+03 3.337960000000e+02
2.625800000000e+04 5.518480000000e+03 3.320570000000e+02
2.675000000000e+04 5.519850000000e+03 3.293610000000e+02
2.725000000000e+04 5.519760000000e+03 3.289790000000e+02
2.776000000000e+04 5.520070000000e+03 3.273000000000e+02
2.827900000000e+04 5.521300000000e+03 3.250490000000e+02
2.880800000000e+04 5.521360000000e+03 3.253140000000e+02
2.934700000000e+04 5.522700000000e+03 3.234170000000e+02
2.989600000000e+04 5.522470000000e+03 3.223730000000e+02
3.045500000000e+04 5.523370000000e+03 3.216980000000e+02
3.102500000000e+04 5.523900000000e+03 3.213980000000e+02
3.160500000000e+04 5.524380000000e+03 3.196050000000e+02
3.219700000000e+04 5.525540000000e+03 3.185080000000e+02
3.279900000000e+04 5.526470000000e+03 3.179770000000e+02
3.341200000000e+04 5.527170000000e+03 3.182120000000e+02
3.403700000000e+04 5.528430000000e+03 3.164140000000e+02
3.467400000000e+04 5.528210000000e+03 3.164650000000e+02
3.532300000000e+04 5.529180000000e+03 3.159580000000e+02
3.598400000000e+04 5.530010000000e+03 3.154580000000e+02
3.665700000000e+04 5.531490000000e+03 3.156390000000e+02
3.734200000000e+04 5.531550000000e+03 3.148740000000e+02
3.804100000000e+04 5.533990000000e+03 3.156360000000e+02
3.875300000000e+04 5.533610000000e+03 3.155730000000e+02
3.947800000000e+04 5.535030000000e+03 3.158650000000e+02
4.021600000000e+04 5.536010000000e+03 3.169510000000e+02
4.096800000000e+04 5.536670000000e+03 3.165310000000e+02
4.173500000000e+04 5.538120000000e+03 3.176570000000e+02
4.251500000000e+04 5.539670000000e+03 3.182950000000e+02
4.331100000000e+04 5.540970000000e+03 3.188920000000e+02
4.412100000000e+04 5.542550000000e+03 3.197530000000e+02
4.494600000000e+04 5.544840000000e+03 3.210350000000e+02
4.578700000000e+04 5.545970000000e+03 3.220570000000e+02
4.664400000000e+04 5.547310000000e+03 3.230780000000e+02
4.751600000000e+04 5.549220000000e+03 3.243710000000e+02
4.840500000000e+04 5.550190000000e+03 3.267090000000e+02
4.931100000000e+04 5.552000000000e+03 3.278680000000e+02
5.023300000000e+04 5.553890000000e+03 3.305520000000e+02
5.117300000000e+04 5.555950000000e+03 3.315310000000e+02
5.213000000000e+04 5.558340000000e+03 3.341750000000e+02
5.310500000000e+04 5.560540000000e+03 3.365920000000e+02
5.409900000000e+04 5.562430000000e+03 3.388200000000e+02
5.511100000000e+04 5.564890000000e+03 3.420700000000e+02
5.614100000000e+04 5.567010000000e+03 3.451310000000e+02
5.719200000000e+04 5.569820000000e+03 3.475840000000e+02
5.826200000000e+04 5.572340000000e+03 3.508640000000e+02
5.935100000000e+04 5.574900000000e+03 3.544950000000e+02
6.046200000000e+04 5.577670000000e+03 3.579580000000e+02
6.159300000000e+04 5.580500000000e+03 3.618090000000e+02
6.274500000000e+04 5.583390000000e+03 3.648390000000e+02
6.391900000000e+04 5.586520000000e+03 3.691690000000e+02
6.511400000000e+04 5.589560000000e+03 3.735470000000e+02
6.633200000000e+04 5.592960000000e+03 3.778080000000e+02
6.757300000000e+04 5.596340000000e+03 3.829720000000e+02
6.883700000000e+04 5.599970000000e+03 3.877120000000e+02
7.012500000000e+04 5.603400000000e+03 3.936160000000e+02
7.143700000000e+04 5.607090000000e+03 3.986970000000e+02
7.277300000000e+04 5.611020000000e+03 4.041390000000e+02
7.413500000000e+04 5.615390000000e+03 4.101980000000e+02
7.552100000000e+04 5.619240000000e+03 4.169650000000e+02
7.693400000000e+04 5.623160000000e+03 4.234560000000e+02
7.837300000000e+04 5.627740000000e+03 4.307490000000e+02
7.984000000000e+04 5.631860000000e+03 4.384040000000e+02
8.133300000000e+04 5.636010000000e+03 4.466880000000e+02
8.285500000000e+04 5.640090000000e+03 4.549060000000e+02
8.440400000000e+04 5.644430000000e+03 4.640190000000e+02
8.598300000000e+04 5.649460000000e+03 4.736770000000e+02
8.759200000000e+04 5.653640000000e+03 4.827710000000e+02
8.923000000000e+04 5.658840000000e+03 4.932020000000e+02
9.090000000000e+04 5.663460000000e+03 5.038150000000e+02
9.260000000000e+04 5.668010000000e+03 5.151770000000e+02
9.433200000000e+04 5.673380000000e+03 5.274290000000e+02
9.609700000000e+04 5.676970000000e+03 5.415750000000e+02
9.789500000000e+04 5.681220000000e+03 5.528930000000e+02
9.972600000000e+04 5.685780000000e+03 5.665050000000e+02
1.015900000000e+05 5.689650000000e+03 5.802200000000e+02
1.034900000000e+05 5.694070000000e+03 5.943630000000e+02
1.054300000000e+05 5.697530000000e+03 6.097700000000e+02
1.074000000000e+05 5.701580000000e+03 6.254050000000e+02
1.094100000000e+05 5.704930000000e+03 6.416610000000e+02
1.114600000000e+05 5.708430000000e+03 6.586160000000e+02
1.135400000000e+05 5.711550000000e+03 6.758240000000e+02
1.156600000000e+05 5.714530000000e+03 6.938400000000e+02
1.178300000000e+05 5.716630000000e+03 7.125930000000e+02
1.200300000000e+05 5.718050000000e+03 7.319260000000e+02
1.222800000000e+05 5.719330000000e+03 7.511600000000e+02
1.245700000000e+05 5.720500000000e+03 7.713440000000e+02
1.269000000000e+05 5.721330000000e+03 7.924280000000e+02
1.292700000000e+05 5.721990000000e+03 8.137960000000e+02
1.316900000000e+05 5.721490000000e+03 8.349910000000e+02
1.341500000000e+05 5.721220000000e+03 8.570830000000e+02
1.366600000000e+05 5.720390000000e+03 8.797610000000e+02
1.392200000000e+05 5.718520000000e+03 9.027930000000e+02
1.418200000000e+05 5.717120000000e+03 9.261390000000e+02
1.444700000000e+05 5.714810000000e+03 9.502240000000e+02
1.471800000000e+05 5.712110000000e+03 9.738090000000e+02
1.499300000000e+05 5.708750000000e+03 9.985560000000e+02
1.527400000000e+05 5.704620000000e+03 1.022800000000e+03
1.555900000000e+05 5.700880000000e+03 1.048230000000e+03
1.585000000000e+05 5.695930000000e+03 1.073680000000e+03
1.614700000000e+05 5.689720000000e+03 1.099320000000e+03
1.644900000000e+05 5.684050000000e+03 1.125020000000e+03
1.675700000000e+05 5.677920000000e+03 1.151180000000e+03
1.707000000000e+05 5.671180000000e+03 1.178050000000e+03
1.738900000000e+05 5.664300000000e+03 1.204720000000e+03
1.771500000000e+05 5.656320000000e+03 1.231580000000e+03
1.804600000000e+05 5.648310000000e+03 1.259120000000e+03
1.838400000000e+05 5.639840000000e+03 1.286670000000e+03
1.872700000000e+05 5.631390000000e+03 1.315220000000e+03
1.907800000000e+05 5.621850000000e+03 1.342870000000e+03
1.943500000000e+05 5.612090000000e+03 1.370850000000e+03
1.979800000000e+05 5.602010000000e+03 1.399950000000e+03
2.016900000000e+05 5.590530000000e+03 1.429100000000e+03
2.054600000000e+05 5.579410000000e+03 1.458610000000e+03
2.093000000000e+05 5.567750000000e+03 1.488550000000e+03
2.132200000000e+05 5.555230000000e+03 1.518600000000e+03
2.172100000000e+05 5.542040000000e+03 1.549310000000e+03
2.212700000000e+05 5.529350000000e+03 1.579770000000e+03
2.254100000000e+05 5.515080000000e+03 1.611110000000e+03
2.296300000000e+05 5.500270000000e+03 1.641880000000e+03
2.339200000000e+05 5.485110000000e+03 1.674290000000e+03
2.383000000000e+05 5.469120000000e+03 1.705740000000e+03
2.427500000000e+05 5.452110000000e+03 1.738510000000e+03
2.473000000000e+05 5.434580000000e+03 1.770960000000e+03
2.519200000000e+05 5.416650000000e+03 1.803680000000e+03
2.566300000000e+05 5.398090000000e+03 1.837320000000e+03
2.614400000000e+05 5.378100000000e+03 1.871360000000e+03
2.663300000000e+05 5.357240000000e+03 1.905430000000e+03
2.713100000000e+05 5.335770000000e+03 1.939940000000e+03
2.763800000000e+05 5.313450000000e+03 1.974440000000e+03
2.815500000000e+05 5.289980000000e+03 2.009260000000e+03
2.868200000000e+05 5.265950000000e+03 2.044140000000e+03
2.921900000000e+05 5.240620000000e+03 2.079300000000e+03
2.976500000000e+05 5.214140000000e+03 2.115030000000e+03
3.032200000000e+05 5.186750000000e+03 2.150630000000e+03
3.088900000000e+05 5.157770000000e+03 2.185850000000e+03
3.146700000000e+05 5.128080000000e+03 2.221230000000e+03
3.205600000000e+05 5.096870000000e+03 2.257320000000e+03
3.265500000000e+05 5.064800000000e+03 2.292640000000e+03
3.326600000000e+05 5.030860000000e+03 2.328260000000e+03
3.388900000000e+05 4.994910000000e+03 2.362870000000e+03
3.452200000000e+05 4.959480000000e+03 2.393830000000e+03
3.516800000000e+05 4.925800000000e+03 2.428370000000e+03
3.582600000000e+05 4.889110000000e+03 2.463780000000e+03
3.649600000000e+05 4.850650000000e+03 2.498380000000e+03
3.717900000000e+05 4.810180000000e+03 2.532030000000e+03
3.787500000000e+05 4.768800000000e+03 2.565310000000e+03
3.858300000000e+05 4.726330000000e+03 2.597290000000e+03
3.930500000000e+05 4.682810000000e+03 2.629600000000e+03
4.004000000000e+05 4.638320000000e+03 2.660630000000e+03
4.078900000000e+05 4.592500000000e+03 2.691140000000e+03
4.155200000000e+05 4.545910000000e+03 2.721030000000e+03
4.232900000000e+05 4.497610000000e+03 2.750200000000e+03
4.312100000000e+05 4.448850000000e+03 2.778100000000e+03
4.392800000000e+05 4.399520000000e+03 2.805120000000e+03
4.475000000000e+05 4.348640000000e+03 2.831370000000e+03
4.558700000000e+05 4.297060000000e+03 2.856680000000e+03
4.644000000000e+05 4.244740000000e+03 2.880690000000e+03
4.730800000000e+05 4.192130000000e+03 2.903740000000e+03
4.819300000000e+05 4.138000000000e+03 2.925970000000e+03
4.909500000000e+05 4.083110000000e+03 2.946640000000e+03
5.001300000000e+05 4.027820000000e+03 2.966450000000e+03
5.094900000000e+05 3.972050000000e+03 2.984480000000e+03
5.190200000000e+05 3.915480000000e+03 3.001640000000e+03
5.287300000000e+05 3.858910000000e+03 3.017620000000e+03
5.386200000000e+05 3.800860000000e+03 3.032030000000e+03
5.487000000000e+05 3.742180000000e+03 3.043950000000e+03
5.589600000000e+05 3.682970000000e+03 3.051080000000e+03
5.694200000000e+05 3.630720000000e+03 3.052710000000e+03
5.800700000000e+05 3.587360000000e+03 3.065830000000e+03
5.909200000000e+05 3.531600000000e+03 3.083290000000e+03
6.019700000000e+05 3.473370000000e+03 3.094460000000e+03
6.132300000000e+05 3.415210000000e+03 3.103710000000e+03
6.247100000000e+05 3.357310000000e+03 3.110910000000e+03
6.363900000000e+05 3.299650000000e+03 3.116470000000e+03
6.483000000000e+05 3.242080000000e+03 3.120890000000e+03
6.604200000000e+05 3.184970000000e+03 3.124040000000e+03
6.727800000000e+05 3.128610000000e+03 3.125660000000e+03
6.853600000000e+05 3.072720000000e+03 3.126820000000e+03
6.981800000000e+05 3.017410000000e+03 3.127090000000e+03
7.112500000000e+05 2.961940000000e+03 3.126600000000e+03
7.245500000000e+05 2.907000000000e+03 3.124790000000e+03
7.381000000000e+05 2.853960000000e+03 3.122870000000e+03
7.519100000000e+05 2.800440000000e+03 3.121000000000e+03
7.659800000000e+05 2.746700000000e+03 3.118640000000e+03
7.803100000000e+05 2.693010000000e+03 3.115330000000e+03
7.949000000000e+05 2.639890000000e+03 3.110980000000e+03
8.097700000000e+05 2.587120000000e+03 3.106170000000e+03
8.249200000000e+05 2.534760000000e+03 3.100320000000e+03
8.403500000000e+05 2.483110000000e+03 3.094010000000e+03
8.560700000000e+05 2.432690000000e+03 3.087620000000e+03
8.720900000000e+05 2.382170000000e+03 3.081010000000e+03
8.884000000000e+05 2.331820000000e+03 3.074230000000e+03
9.050200000000e+05 2.281750000000e+03 3.067250000000e+03
9.219500000000e+05 2.231860000000e+03 3.059640000000e+03
9.392000000000e+05 2.181880000000e+03 3.051960000000e+03
9.567700000000e+05 2.131920000000e+03 3.043950000000e+03
9.746700000000e+05 2.081820000000e+03 3.035480000000e+03
9.929000000000e+05 2.032170000000e+03 3.026430000000e+03
1.011500000000e+06 1.982680000000e+03 3.016590000000e+03
1.030400000000e+06 1.933890000000e+03 3.006640000000e+03
1.049700000000e+06 1.885490000000e+03 2.996510000000e+03
1.069300000000e+06 1.837600000000e+03 2.986680000000e+03
1.089300000000e+06 1.788940000000e+03 2.976950000000e+03
1.109700000000e+06 1.739840000000e+03 2.966840000000e+03
1.130400000000e+06 1.690550000000e+03 2.956310000000e+03
1.151600000000e+06 1.641270000000e+03 2.944680000000e+03
1.173100000000e+06 1.591800000000e+03 2.932820000000e+03
1.195100000000e+06 1.542650000000e+03 2.919600000000e+03
1.217400000000e+06 1.493950000000e+03 2.906370000000e+03
1.240200000000e+06 1.445230000000e+03 2.893100000000e+03
1.263400000000e+06 1.395740000000e+03 2.879600000000e+03
1.287000000000e+06 1.346050000000e+03 2.865180000000e+03
1.311100000000e+06 1.296450000000e+03 2.849910000000e+03
1.335600000000e+06 1.246750000000e+03 2.834210000000e+03
1.360600000000e+06 1.196960000000e+03 2.818040000000e+03
1.386100000000e+06 1.146450000000e+03 2.800910000000e+03
1.412000000000e+06 1.095860000000e+03 2.782630000000e+03
1.438400000000e+06 1.045240000000e+03 2.763140000000e+03
1.465300000000e+06 9.949290000000e+02 2.742830000000e+03
1.492700000000e+06 9.444170000000e+02 2.721240000000e+03
1.520700000000e+06 8.942590000000e+02 2.698470000000e+03
1.549100000000e+06 8.443710000000e+02 2.674740000000e+03
1.578100000000e+06 7.945820000000e+02 2.649660000000e+03
1.607600000000e+06 7.452910000000e+02 2.623270000000e+03
1.637700000000e+06 6.966320000000e+02 2.595450000000e+03
1.668300000000e+06 6.487040000000e+02 2.566790000000e+03
1.699500000000e+06 6.011420000000e+02 2.536970000000e+03
1.731300000000e+06 5.542230000000e+02 2.505910000000e+03
1.763700000000e+06 5.079520000000e+02 2.473450000000e+03
1.796700000000e+06 4.626450000000e+02 2.439660000000e+03
1.830300000000e+06 4.182900000000e+02 2.404860000000e+03
1.864600000000e+06 3.752880000000e+02 2.368630000000e+03
1.899400000000e+06 3.333630000000e+02 2.331660000000e+03
1.935000000000e+06 2.925820000000e+02 2.293530000000e+03
1.971200000000e+06 2.531320000000e+02 2.254430000000e+03
2.008000000000e+06 2.149990000000e+02 2.214370000000e+03
2.045600000000e+06 1.785640000000e+02 2.173530000000e+03
2.083900000000e+06 1.435030000000e+02 2.131920000000e+03
2.122900000000e+06 1.099720000000e+02 2.089750000000e+03
2.162600000000e+06 7.806790000000e+01 2.046790000000e+03
2.203000000000e+06 4.808610000000e+01 2.003350000000e+03
2.244200000000e+06 1.993860000000e+01 1.959900000000e+03
2.286200000000e+06 -6.450520000000e+00 1.916240000000e+03
2.329000000000e+06 -3.149620000000e+01 1.872830000000e+03
2.372500000000e+06 -5.505370000000e+01 1.829320000000e+03
2.416900000000e+06 -7.700570000000e+01 1.785620000000e+03
2.462100000000e+06 -9.726250000000e+01 1.742070000000e+03
2.508200000000e+06 -1.159780000000e+02 1.698690000000e+03
2.555100000000e+06 -1.330450000000e+02 1.655680000000e+03
2.602900000000e+06 -1.484950000000e+02 1.613100000000e+03
2.651600000000e+06 -1.625670000000e+02 1.571040000000e+03
2.701200000000e+06 -1.751530000000e+02 1.529530000000e+03
2.751700000000e+06 -1.863060000000e+02 1.488800000000e+03
2.803200000000e+06 -1.964040000000e+02 1.448720000000e+03
2.855700000000e+06 -2.052330000000e+02 1.409320000000e+03
2.909100000000e+06 -2.128840000000e+02 1.370640000000e+03
2.963500000000e+06 -2.194090000000e+02 1.332830000000e+03
3.018900000000e+06 -2.249220000000e+02 1.295950000000e+03
3.075400000000e+06 -2.295600000000e+02 1.259900000000e+03
3.132900000000e+06 -2.333580000000e+02 1.224770000000e+03
3.191600000000e+06 -2.363240000000e+02 1.190400000000e+03
3.251300000000e+06 -2.385300000000e+02 1.156970000000e+03
3.312100000000e+06 -2.400060000000e+02 1.124370000000e+03
3.374000000000e+06 -2.407460000000e+02 1.092850000000e+03
3.437200000000e+06 -2.410330000000e+02 1.062200000000e+03
3.501400000000e+06 -2.407590000000e+02 1.032470000000e+03
3.566900000000e+06 -2.401230000000e+02 1.003620000000e+03
3.633700000000e+06 -2.390630000000e+02 9.755400000000e+02
3.701600000000e+06 -2.375980000000e+02 9.483340000000e+02
3.770900000000e+06 -2.357440000000e+02 9.218800000000e+02
3.841400000000e+06 -2.336420000000e+02 8.962890000000e+02
3.913300000000e+06 -2.311570000000e+02 8.714210000000e+02
3.986500000000e+06 -2.284220000000e+02 8.474050000000e+02
4.061100000000e+06 -2.254500000000e+02 8.240740000000e+02
4.137000000000e+06 -2.223060000000e+02 8.016730000000e+02
4.214400000000e+06 -2.191310000000e+02 7.799400000000e+02
4.293300000000e+06 -2.158640000000e+02 7.588450000000e+02
4.373600000000e+06 -2.124760000000e+02 7.383960000000e+02
4.455400000000e+06 -2.089760000000e+02 7.185270000000e+02
4.538700000000e+06 -2.053370000000e+02 6.992650000000e+02
4.623700000000e+06 -2.016130000000e+02 6.807040000000e+02
4.710100000000e+06 -1.979310000000e+02 6.628140000000e+02
4.798300000000e+06 -1.942580000000e+02 6.453520000000e+02
4.888000000000e+06 -1.905840000000e+02 6.284670000000e+02
4.979500000000e+06 -1.868650000000e+02 6.120460000000e+02
5.072600000000e+06 -1.831760000000e+02 5.961280000000e+02
5.167500000000e+06 -1.794070000000e+02 5.806640000000e+02
5.264200000000e+06 -1.756650000000e+02 5.657670000000e+02
5.362600000000e+06 -1.720560000000e+02 5.513050000000e+02
5.463000000000e+06 -1.684490000000e+02 5.372390000000e+02
5.565200000000e+06 -1.648980000000e+02 5.235380000000e+02
5.669300000000e+06 -1.613230000000e+02 5.102510000000e+02
5.775300000000e+06 -1.577740000000e+02 4.973940000000e+02
5.883300000000e+06 -1.543110000000e+02 4.849280000000e+02
5.993400000000e+06 -1.509410000000e+02 4.727870000000e+02
6.105500000000e+06 -1.476130000000e+02 4.609810000000e+02
6.219700000000e+06 -1.443030000000e+02 4.494660000000e+02
6.336100000000e+06 -1.410200000000e+02 4.382760000000e+02
6.454600000000e+06 -1.377800000000e+02 4.274740000000e+02
6.575400000000e+06 -1.346490000000e+02 4.169600000000e+02
6.698400000000e+06 -1.315630000000e+02 4.066670000000e+02
6.823700000000e+06 -1.285210000000e+02 3.967120000000e+02
6.951300000000e+06 -1.254910000000e+02 3.869660000000e+02
7.081400000000e+06 -1.225370000000e+02 3.775550000000e+02
7.213800000000e+06 -1.196720000000e+02 3.683790000000e+02
7.348800000000e+06 -1.168520000000e+02 3.594240000000e+02
7.486200000000e+06 -1.140600000000e+02 3.506840000000e+02
7.626300000000e+06 -1.113030000000e+02 3.422220000000e+02
7.768900000000e+06 -1.086380000000e+02 3.339600000000e+02
7.914300000000e+06 -1.060130000000e+02 3.259120000000e+02
8.062300000000e+06 -1.034290000000e+02 3.180680000000e+02
8.213100000000e+06 -1.008940000000e+02 3.104500000000e+02
8.366800000000e+06 -9.844490000000e+01 3.030310000000e+02
8.523300000000e+06 -9.602160000000e+01 2.957700000000e+02
8.682700000000e+06 -9.361150000000e+01 2.887040000000e+02
8.845200000000e+06 -9.127630000000e+01 2.818400000000e+02
9.010600000000e+06 -8.899930000000e+01 2.751500000000e+02
9.179200000000e+06 -8.674250000000e+01 2.686190000000e+02
9.350900000000e+06 -8.454750000000e+01 2.622660000000e+02
9.525800000000e+06 -8.240090000000e+01 2.560720000000e+02
9.704000000000e+06 -8.029370000000e+01 2.500010000000e+02
9.885600000000e+06 -7.820810000000e+01 2.441050000000e+02
1.007000000000e+07 -7.618760000000e+01 2.383810000000e+02
1.025900000000e+07 -7.420050000000e+01 2.327580000000e+02
1.045100000000e+07 -7.226150000000e+01 2.272750000000e+02
1.064600000000e+07 -7.035700000000e+01 2.219540000000e+02
1.084500000000e+07 -6.849490000000e+01 2.167540000000e+02
1.104800000000e+07 -6.664340000000e+01 2.116760000000e+02
1.125500000000e+07 -6.486030000000e+01 2.067560000000e+02
1.146600000000e+07 -6.310530000000e+01 2.019190000000e+02
1.168000000000e+07 -6.139440000000e+01 1.972310000000e+02
1.189900000000e+07 -5.972170000000e+01 1.926510000000e+02
1.212100000000e+07 -5.806850000000e+01 1.881900000000e+02
1.234800000000e+07 -5.645700000000e+01 1.838360000000e+02
1.257900000000e+07 -5.489530000000e+01 1.796050000000e+02
1.281400000000e+07 -5.336680000000e+01 1.754610000000e+02
1.305400000000e+07 -5.185580000000e+01 1.714080000000e+02
1.329800000000e+07 -5.037800000000e+01 1.674740000000e+02
1.354700000000e+07 -4.893300000000e+01 1.636470000000e+02
1.380000000000e+07 -4.753850000000e+01 1.599050000000e+02
1.405800000000e+07 -4.616430000000e+01 1.562540000000e+02
1.432100000000e+07 -4.482000000000e+01 1.526770000000e+02
1.458900000000e+07 -4.349160000000e+01 1.492080000000e+02
1.486200000000e+07 -4.220640000000e+01 1.458320000000e+02
1.514000000000e+07 -4.095720000000e+01 1.425200000000e+02
1.542300000000e+07 -3.973120000000e+01 1.392920000000e+02
1.571200000000e+07 -3.851580000000e+01 1.361370000000e+02
1.600600000000e+07 -3.734390000000e+01 1.330790000000e+02
1.630500000000e+07 -3.620930000000e+01 1.300840000000e+02
1.661000000000e+07 -3.509060000000e+01 1.271580000000e+02
1.692100000000e+07 -3.398730000000e+01 1.243070000000e+02
1.723800000000e+07 -3.292440000000e+01 1.215360000000e+02
1.756000000000e+07 -3.188510000000e+01 1.188220000000e+02
1.788900000000e+07 -3.086270000000e+01 1.161750000000e+02
1.822300000000e+07 -2.986580000000e+01 1.136050000000e+02
1.856400000000e+07 -2.890490000000e+01 1.110890000000e+02
1.891100000000e+07 -2.796460000000e+01 1.086340000000e+02
1.926500000000e+07 -2.703570000000e+01 1.062360000000e+02
1.962500000000e+07 -2.614000000000e+01 1.039070000000e+02
1.999300000000e+07 -2.526410000000e+01 1.016150000000e+02
2.036700000000e+07 -2.440260000000e+01 9.938770000000e+01
2.074800000000e+07 -2.356270000000e+01 9.722210000000e+01
2.113600000000e+07 -2.275770000000e+01 9.509680000000e+01
2.153100000000e+07 -2.196310000000e+01 9.302920000000e+01
2.193400000000e+07 -2.119090000000e+01 9.101490000000e+01
2.234400000000e+07 -2.044050000000e+01 8.904640000000e+01
2.276200000000e+07 -1.970050000000e+01 8.712330000000e+01
2.318800000000e+07 -1.898880000000e+01 8.525260000000e+01
2.362200000000e+07 -1.829630000000e+01 8.341890000000e+01
2.406400000000e+07 -1.761270000000e+01 8.163110000000e+01
2.451400000000e+07 -1.695600000000e+01 7.989210000000e+01
2.497200000000e+07 -1.631270000000e+01 7.818540000000e+01
2.544000000000e+07 -1.568370000000e+01 7.652580000000e+01
2.591500000000e+07 -1.507950000000e+01 7.490690000000e+01
2.640000000000e+07 -1.448080000000e+01 7.332300000000e+01
2.689400000000e+07 -1.390810000000e+01 7.177580000000e+01
2.739700000000e+07 -1.334340000000e+01 7.026250000000e+01
2.791000000000e+07 -1.279870000000e+01 6.879330000000e+01
2.843200000000e+07 -1.226980000000e+01 6.735130000000e+01
2.896400000000e+07 -1.175070000000e+01 6.595080000000e+01
2.950500000000e+07 -1.125340000000e+01 6.457760000000e+01
3.005700000000e+07 -1.076030000000e+01 6.323480000000e+01
3.062000000000e+07 -1.029030000000e+01 6.192270000000e+01
3.119200000000e+07 -9.825570000000e+00 6.064960000000e+01
3.177600000000e+07 -9.377650000000e+00 5.939870000000e+01
3.237000000000e+07 -8.941560000000e+00 5.817900000000e+01
3.297600000000e+07 -8.518240000000e+00 5.698760000000e+01
3.359300000000e+07 -8.107490000000e+00 5.582900000000e+01
3.422100000000e+07 -7.708530000000e+00 5.469360000000e+01
3.486100000000e+07 -7.321310000000e+00 5.358500000000e+01
3.551400000000e+07 -6.943010000000e+00 5.249680000000e+01
3.617800000000e+07 -6.577170000000e+00 5.143970000000e+01
3.685500000000e+07 -6.222690000000e+00 5.040270000000e+01
3.754400000000e+07 -5.879850000000e+00 4.939080000000e+01
3.824600000000e+07 -5.544370000000e+00 4.840290000000e+01
3.896200000000e+07 -5.220790000000e+00 4.743660000000e+01
3.969100000000e+07 -4.905620000000e+00 4.649360000000e+01
4.043300000000e+07 -4.600020000000e+00 4.557330000000e+01
4.119000000000e+07 -4.304460000000e+00 4.466970000000e+01
4.196000000000e+07 -4.017700000000e+00 4.378780000000e+01
4.274500000000e+07 -3.739300000000e+00 4.292840000000e+01
4.354500000000e+07 -3.469410000000e+00 4.208730000000e+01
4.435900000000e+07 -3.208220000000e+00 4.126570000000e+01
4.518900000000e+07 -2.952990000000e+00 4.046000000000e+01
4.603400000000e+07 -2.707770000000e+00 3.967600000000e+01
4.689500000000e+07 -2.470490000000e+00 3.890710000000e+01
4.777300000000e+07 -2.239510000000e+00 3.815530000000e+01
4.866600000000e+07 -2.014300000000e+00 3.742200000000e+01
4.957700000000e+07 -1.797790000000e+00 3.670180000000e+01
5.050400000000e+07 -1.588540000000e+00 3.600170000000e+01
5.144900000000e+07 -1.384960000000e+00 3.531510000000e+01
5.241100000000e+07 -1.187770000000e+00 3.464400000000e+01
5.339200000000e+07 -9.979680000000e-01 3.398760000000e+01
5.439100000000e+07 -8.134390000000e-01 3.334590000000e+01
5.540800000000e+07 -6.347970000000e-01 3.272010000000e+01
5.644500000000e+07 -4.625440000000e-01 3.210500000000e+01
5.750100000000e+07 -2.951570000000e-01 3.150410000000e+01
5.857600000000e+07 -1.336660000000e-01 3.091730000000e+01
5.967200000000e+07 2.257110000000e-02 3.034360000000e+01
6.078800000000e+07 1.747520000000e-01 2.978060000000e+01
6.192500000000e+07 3.216760000000e-01 2.923200000000e+01
6.308400000000e+07 4.639090000000e-01 2.869430000000e+01
6.426400000000e+07 6.015520000000e-01 2.816760000000e+01
6.546600000000e+07 7.341190000000e-01 2.765300000000e+01
6.669100000000e+07 8.621520000000e-01 2.714870000000e+01
6.793800000000e+07 9.863510000000e-01 2.665720000000e+01
6.920900000000e+07 1.106040000000e+00 2.617380000000e+01
7.050400000000e+07 1.222460000000e+00 2.570280000000e+01
7.182300000000e+07 1.333270000000e+00 2.524060000000e+01
7.316600000000e+07 1.443210000000e+00 2.478740000000e+01
7.453500000000e+07 1.547390000000e+00 2.434600000000e+01
7.592900000000e+07 1.649520000000e+00 2.391340000000e+01
7.735000000000e+07 1.746160000000e+00 2.348970000000e+01
7.879700000000e+07 1.841730000000e+00 2.307600000000e+01
8.027100000000e+07 1.931560000000e+00 2.267080000000e+01
8.177200000000e+07 2.019920000000e+00 2.227350000000e+01
8.330200000000e+07 2.105030000000e+00 2.188590000000e+01
8.486000000000e+07 2.186520000000e+00 2.150640000000e+01
8.644800000000e+07 2.264320000000e+00 2.113180000000e+01
8.806500000000e+07 2.340240000000e+00 2.076820000000e+01
8.971200000000e+07 2.413380000000e+00 2.041370000000e+01
9.139000000000e+07 2.482520000000e+00 2.006500000000e+01
9.310000000000e+07 2.549900000000e+00 1.972450000000e+01
9.484200000000e+07 2.615710000000e+00 1.939020000000e+01
9.661600000000e+07 2.677500000000e+00 1.906510000000e+01
9.842300000000e+07 2.738360000000e+00 1.874640000000e+01
1.002600000000e+08 2.796350000000e+00 1.843630000000e+01
1.021400000000e+08 2.852900000000e+00 1.813230000000e+01
1.040500000000e+08 2.904060000000e+00 1.783500000000e+01
1.060000000000e+08 2.958130000000e+00 1.754450000000e+01
1.079800000000e+08 3.007000000000e+00 1.726150000000e+01
1.100000000000e+08 3.053240000000e+00 1.698250000000e+01