   0.40000E+02   0.85248E+05   0.16328E+03
   0.40748E+02   0.85241E+05   0.16402E+03
   0.41511E+02   0.85233E+05   0.16489E+03
   0.42287E+02   0.85223E+05   0.16589E+03
   0.43078E+02   0.85211E+05   0.16701E+03
   0.43884E+02   0.85198E+05   0.16827E+03
   0.44705E+02   0.85183E+05   0.16969E+03
   0.45541E+02   0.85164E+05   0.17128E+03
   0.46393E+02   0.85142E+05   0.17310E+03
   0.47261E+02   0.85115E+05   0.17522E+03
   0.48145E+02   0.85081E+05   0.17778E+03
   0.49046E+02   0.85055E+05   0.17936E+03
   0.49963E+02   0.85029E+05   0.18064E+03
   0.50898E+02   0.85004E+05   0.18154E+03
   0.51850E+02   0.84981E+05   0.18201E+03
   0.52820E+02   0.84961E+05   0.18201E+03
   0.53808E+02   0.84944E+05   0.18154E+03
   0.54815E+02   0.84930E+05   0.18064E+03
   0.55840E+02   0.84921E+05   0.17939E+03
   0.56885E+02   0.84917E+05   0.17792E+03
   0.57949E+02   0.84916E+05   0.17643E+03
   0.59033E+02   0.84919E+05   0.17519E+03
   0.60137E+02   0.84925E+05   0.17437E+03
   0.61262E+02   0.84935E+05   0.17422E+03
   0.62408E+02   0.84946E+05   0.17498E+03
   0.63575E+02   0.84960E+05   0.17690E+03
   0.64765E+02   0.84976E+05   0.18019E+03
   0.65976E+02   0.84992E+05   0.18507E+03
   0.67210E+02   0.85009E+05   0.19166E+03
   0.68468E+02   0.85025E+05   0.20007E+03
   0.69749E+02   0.85041E+05   0.21036E+03
   0.71053E+02   0.85055E+05   0.22249E+03
   0.72382E+02   0.85069E+05   0.23640E+03
   0.73736E+02   0.85080E+05   0.25197E+03
   0.75116E+02   0.85090E+05   0.26901E+03
   0.76521E+02   0.85097E+05   0.28730E+03
   0.77952E+02   0.85102E+05   0.30655E+03
   0.79411E+02   0.85105E+05   0.32650E+03
   0.80896E+02   0.85105E+05   0.34682E+03
   0.82410E+02   0.85103E+05   0.36723E+03
   0.83951E+02   0.85100E+05   0.38742E+03
   0.85522E+02   0.85094E+05   0.40712E+03
   0.87121E+02   0.85087E+05   0.42610E+03
   0.88751E+02   0.85079E+05   0.44417E+03
   0.90411E+02   0.85069E+05   0.46117E+03
   0.92103E+02   0.85059E+05   0.47701E+03
   0.93826E+02   0.85048E+05   0.49165E+03
   0.95581E+02   0.85038E+05   0.50510E+03
   0.97369E+02   0.85027E+05   0.51742E+03
   0.99190E+02   0.85017E+05   0.52868E+03
   0.10105E+03   0.85007E+05   0.53903E+03
   0.10294E+03   0.84998E+05   0.54862E+03
   0.10486E+03   0.84989E+05   0.55761E+03
   0.10682E+03   0.84981E+05   0.56618E+03
   0.10882E+03   0.84973E+05   0.57449E+03
   0.11086E+03   0.84967E+05   0.58271E+03
   0.11293E+03   0.84960E+05   0.59097E+03
   0.11504E+03   0.84954E+05   0.59939E+03
   0.11720E+03   0.84949E+05   0.60805E+03
   0.11939E+03   0.84943E+05   0.61703E+03
   0.12162E+03   0.84938E+05   0.62636E+03
   0.12390E+03   0.84932E+05   0.63603E+03
   0.12621E+03   0.84927E+05   0.64604E+03
   0.12858E+03   0.84920E+05   0.65635E+03
   0.13098E+03   0.84914E+05   0.66690E+03
   0.13343E+03   0.84907E+05   0.67763E+03
   0.13593E+03   0.84900E+05   0.68847E+03
   0.13847E+03   0.84892E+05   0.69934E+03
   0.14106E+03   0.84884E+05   0.71017E+03
   0.14370E+03   0.84876E+05   0.72089E+03
   0.14639E+03   0.84867E+05   0.73142E+03
   0.14913E+03   0.84858E+05   0.74172E+03
   0.15192E+03   0.84849E+05   0.75172E+03
   0.15476E+03   0.84839E+05   0.76138E+03
   0.15765E+03   0.84830E+05   0.77065E+03
   0.16060E+03   0.84820E+05   0.77951E+03
   0.16361E+03   0.84810E+05   0.78791E+03
   0.16667E+03   0.84800E+05   0.79585E+03
   0.16978E+03   0.84790E+05   0.80329E+03
   0.17296E+03   0.84780E+05   0.81022E+03
   0.17620E+03   0.84771E+05   0.81665E+03
   0.17949E+03   0.84761E+05   0.82257E+03
   0.18285E+03   0.84752E+05   0.82801E+03
   0.18627E+03   0.84744E+05   0.83301E+03
   0.18975E+03   0.84736E+05   0.83761E+03
   0.19330E+03   0.84728E+05   0.84189E+03
   0.19692E+03   0.84722E+05   0.84594E+03
   0.20060E+03   0.84716E+05   0.84986E+03
   0.20436E+03   0.84711E+05   0.85379E+03
   0.20818E+03   0.84707E+05   0.85786E+03
   0.21207E+03   0.84704E+05   0.86224E+03
   0.21604E+03   0.84702E+05   0.86708E+03
   0.22008E+03   0.84702E+05   0.87254E+03
   0.22420E+03   0.84702E+05   0.87878E+03
   0.22839E+03   0.84703E+05   0.88593E+03
   0.23267E+03   0.84704E+05   0.89413E+03
   0.23702E+03   0.84707E+05   0.90348E+03
   0.24145E+03   0.84709E+05   0.91403E+03
   0.24597E+03   0.84712E+05   0.92582E+03
   0.25057E+03   0.84715E+05   0.93885E+03
   0.25526E+03   0.84717E+05   0.95309E+03
   0.26003E+03   0.84719E+05   0.96846E+03
   0.26490E+03   0.84720E+05   0.98487E+03
   0.26985E+03   0.84721E+05   0.10022E+04
   0.27490E+03   0.84720E+05   0.10203E+04
   0.28004E+03   0.84719E+05   0.10390E+04
   0.28528E+03   0.84716E+05   0.10581E+04
   0.29062E+03   0.84713E+05   0.10776E+04
   0.29605E+03   0.84709E+05   0.10971E+04
   0.30159E+03   0.84704E+05   0.11168E+04
   0.30723E+03   0.84698E+05   0.11363E+04
   0.31298E+03   0.84692E+05   0.11557E+04
   0.31884E+03   0.84685E+05   0.11749E+04
   0.32480E+03   0.84679E+05   0.11938E+04
   0.33088E+03   0.84672E+05   0.12125E+04
   0.33707E+03   0.84665E+05   0.12310E+04
   0.34337E+03   0.84658E+05   0.12493E+04
   0.34979E+03   0.84651E+05   0.12675E+04
   0.35634E+03   0.84645E+05   0.12857E+04
   0.36300E+03   0.84639E+05   0.13038E+04
   0.36979E+03   0.84633E+05   0.13220E+04
   0.37671E+03   0.84627E+05   0.13404E+04
   0.38376E+03   0.84622E+05   0.13591E+04
   0.39094E+03   0.84617E+05   0.13779E+04
   0.39825E+03   0.84612E+05   0.13972E+04
   0.40570E+03   0.84607E+05   0.14168E+04
   0.41329E+03   0.84603E+05   0.14367E+04
   0.42102E+03   0.84598E+05   0.14572E+04
   0.42890E+03   0.84594E+05   0.14781E+04
   0.43692E+03   0.84589E+05   0.14994E+04
   0.44509E+03   0.84585E+05   0.15213E+04
   0.45342E+03   0.84581E+05   0.15436E+04
   0.46190E+03   0.84577E+05   0.15666E+04
   0.47054E+03   0.84573E+05   0.15900E+04
   0.47935E+03   0.84569E+05   0.16141E+04
   0.48831E+03   0.84565E+05   0.16388E+04
   0.49745E+03   0.84561E+05   0.16641E+04
   0.50675E+03   0.84558E+05   0.16900E+04
   0.51623E+03   0.84554E+05   0.17167E+04
   0.52589E+03   0.84550E+05   0.17441E+04
   0.53573E+03   0.84547E+05   0.17722E+04
   0.54575E+03   0.84543E+05   0.18011E+04
   0.55596E+03   0.84539E+05   0.18306E+04
   0.56636E+03   0.84534E+05   0.18610E+04
   0.57695E+03   0.84530E+05   0.18920E+04
   0.58775E+03   0.84525E+05   0.19238E+04
   0.59874E+03   0.84520E+05   0.19562E+04
   0.60994E+03   0.84514E+05   0.19893E+04
   0.62135E+03   0.84508E+05   0.20230E+04
   0.63297E+03   0.84502E+05   0.20573E+04
   0.64482E+03   0.84495E+05   0.20921E+04
   0.65688E+03   0.84488E+05   0.21275E+04
   0.66917E+03   0.84480E+05   0.21633E+04
   0.68168E+03   0.84472E+05   0.21996E+04
   0.69444E+03   0.84464E+05   0.22364E+04
   0.70743E+03   0.84455E+05   0.22735E+04
   0.72066E+03   0.84447E+05   0.23111E+04
   0.73414E+03   0.84438E+05   0.23491E+04
   0.74787E+03   0.84429E+05   0.23875E+04
   0.76186E+03   0.84420E+05   0.24264E+04
   0.77612E+03   0.84410E+05   0.24657E+04
   0.79063E+03   0.84401E+05   0.25055E+04
   0.80543E+03   0.84392E+05   0.25458E+04
   0.82049E+03   0.84382E+05   0.25867E+04
   0.83584E+03   0.84373E+05   0.26282E+04
   0.85148E+03   0.84363E+05   0.26703E+04
   0.86740E+03   0.84354E+05   0.27131E+04
   0.88363E+03   0.84345E+05   0.27566E+04
   0.90016E+03   0.84335E+05   0.28010E+04
   0.91700E+03   0.84326E+05   0.28462E+04
   0.93415E+03   0.84317E+05   0.28922E+04
   0.95163E+03   0.84307E+05   0.29392E+04
   0.96943E+03   0.84298E+05   0.29872E+04
   0.98757E+03   0.84288E+05   0.30361E+04
   0.10060E+04   0.84279E+05   0.30861E+04
   0.10249E+04   0.84269E+05   0.31371E+04
   0.10440E+04   0.84259E+05   0.31892E+04
   0.10636E+04   0.84248E+05   0.32423E+04
   0.10835E+04   0.84238E+05   0.32966E+04
   0.11037E+04   0.84226E+05   0.33518E+04
   0.11244E+04   0.84215E+05   0.34082E+04
   0.11454E+04   0.84203E+05   0.34656E+04
   0.11668E+04   0.84191E+05   0.35241E+04
   0.11887E+04   0.84178E+05   0.35836E+04
   0.12109E+04   0.84164E+05   0.36440E+04
   0.12335E+04   0.84150E+05   0.37055E+04
   0.12566E+04   0.84136E+05   0.37680E+04
   0.12801E+04   0.84121E+05   0.38314E+04
   0.13041E+04   0.84106E+05   0.38958E+04
   0.13285E+04   0.84090E+05   0.39612E+04
   0.13533E+04   0.84074E+05   0.40275E+04
   0.13786E+04   0.84057E+05   0.40947E+04
   0.14044E+04   0.84040E+05   0.41630E+04
   0.14307E+04   0.84023E+05   0.42322E+04
   0.14575E+04   0.84005E+05   0.43025E+04
   0.14847E+04   0.83987E+05   0.43739E+04
   0.15125E+04   0.83968E+05   0.44463E+04
   0.15408E+04   0.83949E+05   0.45199E+04
   0.15696E+04   0.83930E+05   0.45946E+04
   0.15990E+04   0.83911E+05   0.46705E+04
   0.16289E+04   0.83891E+05   0.47477E+04
   0.16594E+04   0.83871E+05   0.48262E+04
   0.16904E+04   0.83850E+05   0.49060E+04
   0.17220E+04   0.83829E+05   0.49872E+04
   0.17542E+04   0.83808E+05   0.50698E+04
   0.17871E+04   0.83786E+05   0.51538E+04
   0.18205E+04   0.83763E+05   0.52393E+04
   0.18545E+04   0.83740E+05   0.53263E+04
   0.18892E+04   0.83716E+05   0.54148E+04
   0.19246E+04   0.83692E+05   0.55049E+04
   0.19606E+04   0.83667E+05   0.55965E+04
   0.19973E+04   0.83641E+05   0.56896E+04
   0.20346E+04   0.83615E+05   0.57844E+04
   0.20727E+04   0.83588E+05   0.58807E+04
   0.21115E+04   0.83560E+05   0.59786E+04
   0.21510E+04   0.83531E+05   0.60781E+04
   0.21912E+04   0.83501E+05   0.61791E+04
   0.22322E+04   0.83471E+05   0.62818E+04
   0.22739E+04   0.83439E+05   0.63861E+04
   0.23165E+04   0.83407E+05   0.64920E+04
   0.23598E+04   0.83373E+05   0.65995E+04
   0.24040E+04   0.83339E+05   0.67086E+04
   0.24489E+04   0.83304E+05   0.68194E+04
   0.24947E+04   0.83268E+05   0.69318E+04
   0.25414E+04   0.83231E+05   0.70459E+04
   0.25889E+04   0.83193E+05   0.71617E+04
   0.26374E+04   0.83154E+05   0.72792E+04
   0.26867E+04   0.83113E+05   0.73984E+04
   0.27370E+04   0.83072E+05   0.75194E+04
   0.27882E+04   0.83030E+05   0.76422E+04
   0.28403E+04   0.82987E+05   0.77668E+04
   0.28935E+04   0.82943E+05   0.78933E+04
   0.29476E+04   0.82897E+05   0.80217E+04
   0.30027E+04   0.82851E+05   0.81519E+04
   0.30589E+04   0.82803E+05   0.82841E+04
   0.31161E+04   0.82754E+05   0.84183E+04
   0.31744E+04   0.82704E+05   0.85545E+04
   0.32338E+04   0.82652E+05   0.86928E+04
   0.32943E+04   0.82599E+05   0.88330E+04
   0.33559E+04   0.82545E+05   0.89754E+04
   0.34187E+04   0.82489E+05   0.91199E+04
   0.34826E+04   0.82432E+05   0.92665E+04
   0.35478E+04   0.82374E+05   0.94153E+04
   0.36142E+04   0.82313E+05   0.95663E+04
   0.36818E+04   0.82252E+05   0.97194E+04
   0.37506E+04   0.82188E+05   0.98748E+04
   0.38208E+04   0.82123E+05   0.10032E+05
   0.38923E+04   0.82056E+05   0.10192E+05
   0.39651E+04   0.81987E+05   0.10354E+05
   0.40393E+04   0.81917E+05   0.10519E+05
   0.41148E+04   0.81844E+05   0.10685E+05
   0.41918E+04   0.81770E+05   0.10854E+05
   0.42702E+04   0.81693E+05   0.11025E+05
   0.43501E+04   0.81615E+05   0.11199E+05
   0.44315E+04   0.81534E+05   0.11375E+05
   0.45144E+04   0.81451E+05   0.11553E+05
   0.45988E+04   0.81366E+05   0.11733E+05
   0.46848E+04   0.81279E+05   0.11916E+05
   0.47725E+04   0.81189E+05   0.12102E+05
   0.48618E+04   0.81098E+05   0.12289E+05
   0.49527E+04   0.81003E+05   0.12479E+05
   0.50454E+04   0.80906E+05   0.12672E+05
   0.51397E+04   0.80807E+05   0.12867E+05
   0.52359E+04   0.80705E+05   0.13064E+05
   0.53338E+04   0.80600E+05   0.13264E+05
   0.54336E+04   0.80493E+05   0.13467E+05
   0.55353E+04   0.80382E+05   0.13671E+05
   0.56388E+04   0.80269E+05   0.13879E+05
   0.57443E+04   0.80153E+05   0.14088E+05
   0.58517E+04   0.80033E+05   0.14301E+05
   0.59612E+04   0.79911E+05   0.14515E+05
   0.60727E+04   0.79785E+05   0.14732E+05
   0.61863E+04   0.79656E+05   0.14952E+05
   0.63021E+04   0.79524E+05   0.15174E+05
   0.64199E+04   0.79388E+05   0.15398E+05
   0.65400E+04   0.79249E+05   0.15625E+05
   0.66624E+04   0.79105E+05   0.15854E+05
   0.67870E+04   0.78959E+05   0.16086E+05
   0.69140E+04   0.78808E+05   0.16320E+05
   0.70433E+04   0.78653E+05   0.16556E+05
   0.71751E+04   0.78494E+05   0.16795E+05
   0.73093E+04   0.78332E+05   0.17035E+05
   0.74460E+04   0.78164E+05   0.17278E+05
   0.75853E+04   0.77993E+05   0.17523E+05
   0.77272E+04   0.77817E+05   0.17771E+05
   0.78718E+04   0.77637E+05   0.18020E+05
   0.80190E+04   0.77452E+05   0.18271E+05
   0.81690E+04   0.77262E+05   0.18524E+05
   0.83218E+04   0.77068E+05   0.18779E+05
   0.84775E+04   0.76868E+05   0.19035E+05
   0.86361E+04   0.76664E+05   0.19293E+05
   0.87977E+04   0.76455E+05   0.19553E+05
   0.89622E+04   0.76241E+05   0.19814E+05
   0.91299E+04   0.76021E+05   0.20077E+05
   0.93007E+04   0.75797E+05   0.20341E+05
   0.94747E+04   0.75567E+05   0.20607E+05
   0.96519E+04   0.75331E+05   0.20873E+05
   0.98325E+04   0.75091E+05   0.21141E+05
   0.10016E+05   0.74845E+05   0.21410E+05
   0.10204E+05   0.74593E+05   0.21680E+05
   0.10395E+05   0.74336E+05   0.21950E+05
   0.10589E+05   0.74073E+05   0.22222E+05
   0.10787E+05   0.73804E+05   0.22494E+05
   0.10989E+05   0.73529E+05   0.22767E+05
   0.11195E+05   0.73249E+05   0.23040E+05
   0.11404E+05   0.72962E+05   0.23314E+05
   0.11617E+05   0.72669E+05   0.23588E+05
   0.11835E+05   0.72370E+05   0.23862E+05
   0.12056E+05   0.72065E+05   0.24136E+05
   0.12282E+05   0.71753E+05   0.24410E+05
   0.12511E+05   0.71435E+05   0.24683E+05
   0.12745E+05   0.71111E+05   0.24957E+05
   0.12984E+05   0.70780E+05   0.25229E+05
   0.13227E+05   0.70442E+05   0.25501E+05
   0.13474E+05   0.70098E+05   0.25772E+05
   0.13726E+05   0.69747E+05   0.26042E+05
   0.13983E+05   0.69389E+05   0.26310E+05
   0.14244E+05   0.69025E+05   0.26577E+05
   0.14511E+05   0.68654E+05   0.26842E+05
   0.14782E+05   0.68277E+05   0.27106E+05
   0.15059E+05   0.67892E+05   0.27367E+05
   0.15341E+05   0.67501E+05   0.27627E+05
   0.15628E+05   0.67103E+05   0.27884E+05
   0.15920E+05   0.66699E+05   0.28138E+05
   0.16218E+05   0.66288E+05   0.28390E+05
   0.16521E+05   0.65870E+05   0.28638E+05
   0.16830E+05   0.65446E+05   0.28884E+05
   0.17145E+05   0.65015E+05   0.29126E+05
   0.17466E+05   0.64578E+05   0.29365E+05
   0.17792E+05   0.64135E+05   0.29600E+05
   0.18125E+05   0.63684E+05   0.29831E+05
   0.18464E+05   0.63228E+05   0.30058E+05
   0.18810E+05   0.62765E+05   0.30281E+05
   0.19162E+05   0.62296E+05   0.30499E+05
   0.19520E+05   0.61821E+05   0.30713E+05
   0.19885E+05   0.61340E+05   0.30921E+05
   0.20257E+05   0.60853E+05   0.31125E+05
   0.20636E+05   0.60361E+05   0.31323E+05
   0.21022E+05   0.59863E+05   0.31516E+05
   0.21415E+05   0.59359E+05   0.31703E+05
   0.21816E+05   0.58850E+05   0.31884E+05
   0.22224E+05   0.58336E+05   0.32059E+05
   0.22640E+05   0.57816E+05   0.32227E+05
   0.23063E+05   0.57292E+05   0.32390E+05
   0.23495E+05   0.56764E+05   0.32545E+05
   0.23934E+05   0.56231E+05   0.32694E+05
   0.24382E+05   0.55693E+05   0.32836E+05
   0.24838E+05   0.55152E+05   0.32971E+05
   0.25303E+05   0.54607E+05   0.33099E+05
   0.25776E+05   0.54058E+05   0.33220E+05
   0.26258E+05   0.53506E+05   0.33333E+05
   0.26750E+05   0.52951E+05   0.33439E+05
   0.27250E+05   0.52393E+05   0.33537E+05
   0.27760E+05   0.51832E+05   0.33627E+05
   0.28279E+05   0.51269E+05   0.33709E+05
   0.28808E+05   0.50704E+05   0.33784E+05
   0.29347E+05   0.50136E+05   0.33851E+05
   0.29896E+05   0.49567E+05   0.33909E+05
   0.30455E+05   0.48997E+05   0.33960E+05
   0.31025E+05   0.48425E+05   0.34002E+05
   0.31605E+05   0.47853E+05   0.34037E+05
   0.32197E+05   0.47279E+05   0.34063E+05
   0.32799E+05   0.46706E+05   0.34081E+05
   0.33412E+05   0.46132E+05   0.34091E+05
   0.34037E+05   0.45558E+05   0.34093E+05
   0.34674E+05   0.44984E+05   0.34086E+05
   0.35323E+05   0.44411E+05   0.34071E+05
   0.35984E+05   0.43839E+05   0.34049E+05
   0.36657E+05   0.43268E+05   0.34018E+05
   0.37342E+05   0.42699E+05   0.33979E+05
   0.38041E+05   0.42131E+05   0.33932E+05
   0.38753E+05   0.41564E+05   0.33878E+05
   0.39478E+05   0.41000E+05   0.33815E+05
   0.40216E+05   0.40438E+05   0.33745E+05
   0.40968E+05   0.39879E+05   0.33667E+05
   0.41735E+05   0.39323E+05   0.33582E+05
   0.42515E+05   0.38769E+05   0.33489E+05
   0.43311E+05   0.38219E+05   0.33389E+05
   0.44121E+05   0.37673E+05   0.33281E+05
   0.44946E+05   0.37129E+05   0.33167E+05
   0.45787E+05   0.36590E+05   0.33046E+05
   0.46644E+05   0.36055E+05   0.32918E+05
   0.47516E+05   0.35524E+05   0.32783E+05
   0.48405E+05   0.34998E+05   0.32642E+05
   0.49311E+05   0.34476E+05   0.32494E+05
   0.50233E+05   0.33959E+05   0.32341E+05
   0.51173E+05   0.33447E+05   0.32181E+05
   0.52130E+05   0.32941E+05   0.32016E+05
   0.53105E+05   0.32439E+05   0.31846E+05
   0.54099E+05   0.31943E+05   0.31670E+05
   0.55111E+05   0.31452E+05   0.31488E+05
   0.56141E+05   0.30967E+05   0.31302E+05
   0.57192E+05   0.30488E+05   0.31111E+05
   0.58262E+05   0.30015E+05   0.30916E+05
   0.59351E+05   0.29547E+05   0.30716E+05
   0.60462E+05   0.29086E+05   0.30512E+05
   0.61593E+05   0.28631E+05   0.30304E+05
   0.62745E+05   0.28182E+05   0.30092E+05
   0.63919E+05   0.27739E+05   0.29877E+05
   0.65114E+05   0.27303E+05   0.29658E+05
   0.66332E+05   0.26872E+05   0.29436E+05
   0.67573E+05   0.26449E+05   0.29212E+05
   0.68837E+05   0.26031E+05   0.28984E+05
   0.70125E+05   0.25620E+05   0.28754E+05
   0.71437E+05   0.25216E+05   0.28522E+05
   0.72773E+05   0.24817E+05   0.28288E+05
   0.74135E+05   0.24426E+05   0.28052E+05
   0.75521E+05   0.24040E+05   0.27814E+05
   0.76934E+05   0.23661E+05   0.27574E+05
   0.78373E+05   0.23288E+05   0.27333E+05
   0.79840E+05   0.22922E+05   0.27091E+05
   0.81333E+05   0.22562E+05   0.26847E+05
   0.82855E+05   0.22208E+05   0.26603E+05
   0.84404E+05   0.21861E+05   0.26358E+05
   0.85983E+05   0.21519E+05   0.26113E+05
   0.87592E+05   0.21184E+05   0.25867E+05
   0.89230E+05   0.20855E+05   0.25621E+05
   0.90900E+05   0.20531E+05   0.25375E+05
   0.92600E+05   0.20214E+05   0.25129E+05
   0.94332E+05   0.19902E+05   0.24883E+05
   0.96097E+05   0.19596E+05   0.24638E+05
   0.97895E+05   0.19296E+05   0.24393E+05
   0.99726E+05   0.19002E+05   0.24148E+05
   0.10159E+06   0.18713E+05   0.23904E+05
   0.10349E+06   0.18429E+05   0.23661E+05
   0.10543E+06   0.18151E+05   0.23419E+05
   0.10740E+06   0.17877E+05   0.23178E+05
   0.10941E+06   0.17609E+05   0.22938E+05
   0.11146E+06   0.17347E+05   0.22699E+05
   0.11354E+06   0.17089E+05   0.22461E+05
   0.11566E+06   0.16835E+05   0.22225E+05
   0.11783E+06   0.16587E+05   0.21990E+05
   0.12003E+06   0.16344E+05   0.21756E+05
   0.12228E+06   0.16104E+05   0.21525E+05
   0.12457E+06   0.15870E+05   0.21294E+05
   0.12690E+06   0.15640E+05   0.21066E+05
   0.12927E+06   0.15414E+05   0.20839E+05
   0.13169E+06   0.15192E+05   0.20614E+05
   0.13415E+06   0.14974E+05   0.20391E+05
   0.13666E+06   0.14761E+05   0.20170E+05
   0.13922E+06   0.14551E+05   0.19950E+05
   0.14182E+06   0.14345E+05   0.19733E+05
   0.14447E+06   0.14143E+05   0.19517E+05
   0.14718E+06   0.13944E+05   0.19304E+05
   0.14993E+06   0.13749E+05   0.19092E+05
   0.15274E+06   0.13558E+05   0.18883E+05
   0.15559E+06   0.13369E+05   0.18676E+05
   0.15850E+06   0.13184E+05   0.18471E+05
   0.16147E+06   0.13003E+05   0.18267E+05
   0.16449E+06   0.12824E+05   0.18066E+05
   0.16757E+06   0.12648E+05   0.17867E+05
   0.17070E+06   0.12475E+05   0.17671E+05
   0.17389E+06   0.12306E+05   0.17476E+05
   0.17715E+06   0.12138E+05   0.17283E+05
   0.18046E+06   0.11974E+05   0.17093E+05
   0.18384E+06   0.11812E+05   0.16904E+05
   0.18727E+06   0.11653E+05   0.16718E+05
   0.19078E+06   0.11496E+05   0.16533E+05
   0.19435E+06   0.11342E+05   0.16351E+05
   0.19798E+06   0.11190E+05   0.16171E+05
   0.20169E+06   0.11040E+05   0.15993E+05
   0.20546E+06   0.10893E+05   0.15817E+05
   0.20930E+06   0.10748E+05   0.15642E+05
   0.21322E+06   0.10605E+05   0.15470E+05
   0.21721E+06   0.10464E+05   0.15300E+05
   0.22127E+06   0.10325E+05   0.15132E+05
   0.22541E+06   0.10188E+05   0.14966E+05
   0.22963E+06   0.10053E+05   0.14801E+05
   0.23392E+06   0.99202E+04   0.14639E+05
   0.23830E+06   0.97889E+04   0.14478E+05
   0.24275E+06   0.96594E+04   0.14320E+05
   0.24730E+06   0.95317E+04   0.14163E+05
   0.25192E+06   0.94056E+04   0.14008E+05
   0.25663E+06   0.92812E+04   0.13854E+05
   0.26144E+06   0.91583E+04   0.13703E+05
   0.26633E+06   0.90370E+04   0.13553E+05
   0.27131E+06   0.89172E+04   0.13405E+05
   0.27638E+06   0.87989E+04   0.13259E+05
   0.28155E+06   0.86820E+04   0.13114E+05
   0.28682E+06   0.85665E+04   0.12971E+05
   0.29219E+06   0.84524E+04   0.12830E+05
   0.29765E+06   0.83396E+04   0.12690E+05
   0.30322E+06   0.82281E+04   0.12552E+05
   0.30889E+06   0.81179E+04   0.12415E+05
   0.31467E+06   0.80090E+04   0.12280E+05
   0.32056E+06   0.79012E+04   0.12146E+05
   0.32655E+06   0.77947E+04   0.12014E+05
   0.33266E+06   0.76894E+04   0.11883E+05
   0.33889E+06   0.75852E+04   0.11753E+05
   0.34522E+06   0.74823E+04   0.11625E+05
   0.35168E+06   0.73804E+04   0.11497E+05
   0.35826E+06   0.72797E+04   0.11372E+05
   0.36496E+06   0.71802E+04   0.11247E+05
   0.37179E+06   0.70817E+04   0.11124E+05
   0.37875E+06   0.69844E+04   0.11001E+05
   0.38583E+06   0.68882E+04   0.10880E+05
   0.39305E+06   0.67931E+04   0.10761E+05
   0.40040E+06   0.66991E+04   0.10642E+05
   0.40789E+06   0.66063E+04   0.10524E+05
   0.41552E+06   0.65145E+04   0.10408E+05
   0.42329E+06   0.64239E+04   0.10292E+05
   0.43121E+06   0.63343E+04   0.10178E+05
   0.43928E+06   0.62459E+04   0.10064E+05
   0.44750E+06   0.61586E+04   0.99521E+04
   0.45587E+06   0.60724E+04   0.98409E+04
   0.46440E+06   0.59873E+04   0.97308E+04
   0.47308E+06   0.59033E+04   0.96216E+04
   0.48193E+06   0.58204E+04   0.95136E+04
   0.49095E+06   0.57386E+04   0.94065E+04
   0.50013E+06   0.56579E+04   0.93006E+04
   0.50949E+06   0.55782E+04   0.91956E+04
   0.51902E+06   0.54996E+04   0.90917E+04
   0.52873E+06   0.54220E+04   0.89889E+04
   0.53862E+06   0.53454E+04   0.88871E+04
   0.54870E+06   0.52699E+04   0.87863E+04
   0.55896E+06   0.51953E+04   0.86866E+04
   0.56942E+06   0.51217E+04   0.85879E+04
   0.58007E+06   0.50491E+04   0.84902E+04
   0.59092E+06   0.49774E+04   0.83935E+04
   0.60197E+06   0.49066E+04   0.82978E+04
   0.61323E+06   0.48367E+04   0.82031E+04
   0.62471E+06   0.47677E+04   0.81094E+04
   0.63639E+06   0.46995E+04   0.80167E+04
   0.64830E+06   0.46322E+04   0.79249E+04
   0.66042E+06   0.45658E+04   0.78340E+04
   0.67278E+06   0.45002E+04   0.77441E+04
   0.68536E+06   0.44355E+04   0.76550E+04
   0.69818E+06   0.43715E+04   0.75669E+04
   0.71125E+06   0.43084E+04   0.74797E+04
   0.72455E+06   0.42461E+04   0.73933E+04
   0.73810E+06   0.41847E+04   0.73078E+04
   0.75191E+06   0.41240E+04   0.72232E+04
   0.76598E+06   0.40641E+04   0.71395E+04
   0.78031E+06   0.40051E+04   0.70566E+04
   0.79490E+06   0.39468E+04   0.69746E+04
   0.80977E+06   0.38894E+04   0.68934E+04
   0.82492E+06   0.38327E+04   0.68130E+04
   0.84035E+06   0.37768E+04   0.67335E+04
   0.85607E+06   0.37217E+04   0.66549E+04
   0.87209E+06   0.36673E+04   0.65771E+04
   0.88840E+06   0.36137E+04   0.65001E+04
   0.90502E+06   0.35607E+04   0.64240E+04
   0.92195E+06   0.35085E+04   0.63487E+04
   0.93920E+06   0.34570E+04   0.62743E+04
   0.95677E+06   0.34062E+04   0.62006E+04
   0.97467E+06   0.33561E+04   0.61278E+04
   0.99290E+06   0.33066E+04   0.60558E+04
   0.10115E+07   0.32577E+04   0.59846E+04
   0.10304E+07   0.32095E+04   0.59141E+04
   0.10497E+07   0.31619E+04   0.58445E+04
   0.10693E+07   0.31149E+04   0.57756E+04
   0.10893E+07   0.30685E+04   0.57074E+04
   0.11097E+07   0.30226E+04   0.56401E+04
   0.11304E+07   0.29774E+04   0.55734E+04
   0.11516E+07   0.29328E+04   0.55075E+04
   0.11731E+07   0.28887E+04   0.54422E+04
   0.11951E+07   0.28452E+04   0.53777E+04
   0.12174E+07   0.28022E+04   0.53139E+04
   0.12402E+07   0.27598E+04   0.52508E+04
   0.12634E+07   0.27180E+04   0.51883E+04
   0.12870E+07   0.26767E+04   0.51266E+04
   0.13111E+07   0.26360E+04   0.50654E+04
   0.13356E+07   0.25958E+04   0.50050E+04
   0.13606E+07   0.25561E+04   0.49452E+04
   0.13861E+07   0.25170E+04   0.48861E+04
   0.14120E+07   0.24783E+04   0.48276E+04
   0.14384E+07   0.24402E+04   0.47697E+04
   0.14653E+07   0.24026E+04   0.47125E+04
   0.14927E+07   0.23655E+04   0.46560E+04
   0.15207E+07   0.23288E+04   0.46000E+04
   0.15491E+07   0.22927E+04   0.45447E+04
   0.15781E+07   0.22570E+04   0.44899E+04
   0.16076E+07   0.22218E+04   0.44358E+04
   0.16377E+07   0.21871E+04   0.43823E+04
   0.16683E+07   0.21528E+04   0.43293E+04
   0.16995E+07   0.21189E+04   0.42770E+04
   0.17313E+07   0.20855E+04   0.42252E+04
   0.17637E+07   0.20526E+04   0.41740E+04
   0.17967E+07   0.20201E+04   0.41234E+04
   0.18303E+07   0.19880E+04   0.40733E+04
   0.18646E+07   0.19563E+04   0.40238E+04
   0.18994E+07   0.19250E+04   0.39748E+04
   0.19350E+07   0.18942E+04   0.39263E+04
   0.19712E+07   0.18638E+04   0.38784E+04
   0.20080E+07   0.18338E+04   0.38310E+04
   0.20456E+07   0.18041E+04   0.37842E+04
   0.20839E+07   0.17749E+04   0.37378E+04
   0.21229E+07   0.17461E+04   0.36920E+04
   0.21626E+07   0.17176E+04   0.36467E+04
   0.22030E+07   0.16896E+04   0.36019E+04
   0.22442E+07   0.16619E+04   0.35575E+04
   0.22862E+07   0.16346E+04   0.35137E+04
   0.23290E+07   0.16077E+04   0.34703E+04
   0.23725E+07   0.15811E+04   0.34275E+04
   0.24169E+07   0.15549E+04   0.33851E+04
   0.24621E+07   0.15291E+04   0.33432E+04
   0.25082E+07   0.15036E+04   0.33017E+04
   0.25551E+07   0.14784E+04   0.32607E+04
   0.26029E+07   0.14536E+04   0.32202E+04
   0.26516E+07   0.14291E+04   0.31801E+04
   0.27012E+07   0.14050E+04   0.31405E+04
   0.27517E+07   0.13812E+04   0.31013E+04
   0.28032E+07   0.13577E+04   0.30625E+04
   0.28557E+07   0.13346E+04   0.30242E+04
   0.29091E+07   0.13118E+04   0.29863E+04
   0.29635E+07   0.12892E+04   0.29489E+04
   0.30189E+07   0.12670E+04   0.29118E+04
   0.30754E+07   0.12451E+04   0.28752E+04
   0.31329E+07   0.12236E+04   0.28390E+04
   0.31916E+07   0.12023E+04   0.28032E+04
   0.32513E+07   0.11813E+04   0.27678E+04
   0.33121E+07   0.11606E+04   0.27328E+04
   0.33740E+07   0.11402E+04   0.26981E+04
   0.34372E+07   0.11201E+04   0.26639E+04
   0.35014E+07   0.11002E+04   0.26301E+04
   0.35669E+07   0.10807E+04   0.25966E+04
   0.36337E+07   0.10614E+04   0.25635E+04
   0.37016E+07   0.10424E+04   0.25308E+04
   0.37709E+07   0.10237E+04   0.24985E+04
   0.38414E+07   0.10052E+04   0.24665E+04
   0.39133E+07   0.98704E+03   0.24349E+04
   0.39865E+07   0.96911E+03   0.24037E+04
   0.40611E+07   0.95144E+03   0.23728E+04
   0.41370E+07   0.93402E+03   0.23423E+04
   0.42144E+07   0.91686E+03   0.23121E+04
   0.42933E+07   0.89994E+03   0.22823E+04
   0.43736E+07   0.88327E+03   0.22528E+04
   0.44554E+07   0.86684E+03   0.22236E+04
   0.45387E+07   0.85066E+03   0.21948E+04
   0.46237E+07   0.83471E+03   0.21663E+04
   0.47101E+07   0.81899E+03   0.21382E+04
   0.47983E+07   0.80350E+03   0.21103E+04
   0.48880E+07   0.78825E+03   0.20828E+04
   0.49795E+07   0.77321E+03   0.20556E+04
   0.50726E+07   0.75840E+03   0.20287E+04
   0.51675E+07   0.74381E+03   0.20022E+04
   0.52642E+07   0.72944E+03   0.19759E+04
   0.53626E+07   0.71528E+03   0.19499E+04
   0.54630E+07   0.70134E+03   0.19243E+04
   0.55652E+07   0.68760E+03   0.18989E+04
   0.56693E+07   0.67407E+03   0.18739E+04
   0.57753E+07   0.66074E+03   0.18491E+04
   0.58833E+07   0.64762E+03   0.18246E+04
   0.59934E+07   0.63469E+03   0.18004E+04
   0.61055E+07   0.62196E+03   0.17765E+04
   0.62197E+07   0.60943E+03   0.17529E+04
   0.63361E+07   0.59708E+03   0.17296E+04
   0.64546E+07   0.58493E+03   0.17065E+04
   0.65754E+07   0.57295E+03   0.16837E+04
   0.66984E+07   0.56117E+03   0.16612E+04
   0.68237E+07   0.54956E+03   0.16389E+04
   0.69513E+07   0.53813E+03   0.16169E+04
   0.70814E+07   0.52687E+03   0.15952E+04
   0.72138E+07   0.51579E+03   0.15737E+04
   0.73488E+07   0.50488E+03   0.15525E+04
   0.74862E+07   0.49413E+03   0.15316E+04
   0.76263E+07   0.48355E+03   0.15109E+04
   0.77689E+07   0.47314E+03   0.14904E+04
   0.79143E+07   0.46288E+03   0.14702E+04
   0.80623E+07   0.45279E+03   0.14502E+04
   0.82131E+07   0.44285E+03   0.14305E+04
   0.83668E+07   0.43306E+03   0.14110E+04
   0.85233E+07   0.42343E+03   0.13917E+04
   0.86827E+07   0.41395E+03   0.13727E+04
   0.88452E+07   0.40462E+03   0.13539E+04
   0.90106E+07   0.39543E+03   0.13353E+04
   0.91792E+07   0.38639E+03   0.13169E+04
   0.93509E+07   0.37749E+03   0.12988E+04
   0.95258E+07   0.36873E+03   0.12809E+04
   0.97040E+07   0.36012E+03   0.12632E+04
   0.98856E+07   0.35164E+03   0.12457E+04
   0.10070E+08   0.34329E+03   0.12284E+04
   0.10259E+08   0.33508E+03   0.12114E+04
   0.10451E+08   0.32700E+03   0.11945E+04
   0.10646E+08   0.31905E+03   0.11779E+04
   0.10845E+08   0.31122E+03   0.11614E+04
   0.11048E+08   0.30353E+03   0.11452E+04
   0.11255E+08   0.29595E+03   0.11291E+04
   0.11466E+08   0.28850E+03   0.11133E+04
   0.11680E+08   0.28117E+03   0.10976E+04
   0.11899E+08   0.27396E+03   0.10821E+04
   0.12121E+08   0.26686E+03   0.10669E+04
   0.12348E+08   0.25988E+03   0.10518E+04
   0.12579E+08   0.25302E+03   0.10369E+04
   0.12814E+08   0.24626E+03   0.10221E+04
   0.13054E+08   0.23962E+03   0.10076E+04
   0.13298E+08   0.23309E+03   0.99322E+03
   0.13547E+08   0.22666E+03   0.97903E+03
   0.13800E+08   0.22034E+03   0.96502E+03
   0.14058E+08   0.21412E+03   0.95117E+03
   0.14321E+08   0.20801E+03   0.93749E+03
   0.14589E+08   0.20199E+03   0.92398E+03
   0.14862E+08   0.19608E+03   0.91064E+03
   0.15140E+08   0.19027E+03   0.89746E+03
   0.15423E+08   0.18455E+03   0.88444E+03
   0.15712E+08   0.17893E+03   0.87158E+03
   0.16006E+08   0.17341E+03   0.85888E+03
   0.16305E+08   0.16798E+03   0.84634E+03
   0.16610E+08   0.16264E+03   0.83395E+03
   0.16921E+08   0.15739E+03   0.82171E+03
   0.17238E+08   0.15223E+03   0.80962E+03
   0.17560E+08   0.14716E+03   0.79768E+03
   0.17889E+08   0.14218E+03   0.78588E+03
   0.18223E+08   0.13728E+03   0.77424E+03
   0.18564E+08   0.13247E+03   0.76273E+03
   0.18911E+08   0.12774E+03   0.75137E+03
   0.19265E+08   0.12309E+03   0.74014E+03
   0.19625E+08   0.11853E+03   0.72906E+03
   0.19993E+08   0.11404E+03   0.71811E+03
   0.20367E+08   0.10963E+03   0.70729E+03
   0.20748E+08   0.10530E+03   0.69661E+03
   0.21136E+08   0.10104E+03   0.68606E+03
   0.21531E+08   0.96864E+02   0.67563E+03
   0.21934E+08   0.92759E+02   0.66534E+03
   0.22344E+08   0.88726E+02   0.65517E+03
   0.22762E+08   0.84766E+02   0.64512E+03
   0.23188E+08   0.80878E+02   0.63520E+03
   0.23622E+08   0.77059E+02   0.62540E+03
   0.24064E+08   0.73310E+02   0.61572E+03
   0.24514E+08   0.69629E+02   0.60616E+03
   0.24972E+08   0.66016E+02   0.59671E+03
   0.25440E+08   0.62469E+02   0.58738E+03
   0.25915E+08   0.58988E+02   0.57816E+03
   0.26400E+08   0.55571E+02   0.56905E+03
   0.26894E+08   0.52218E+02   0.56005E+03
   0.27397E+08   0.48928E+02   0.55116E+03
   0.27910E+08   0.45699E+02   0.54238E+03
   0.28432E+08   0.42532E+02   0.53371E+03
   0.28964E+08   0.39424E+02   0.52514E+03
   0.29505E+08   0.36375E+02   0.51667E+03
   0.30057E+08   0.33385E+02   0.50831E+03
   0.30620E+08   0.30452E+02   0.50004E+03
   0.31192E+08   0.27575E+02   0.49188E+03
   0.31776E+08   0.24754E+02   0.48381E+03
   0.32370E+08   0.21988E+02   0.47584E+03
   0.32976E+08   0.19276E+02   0.46796E+03
   0.33593E+08   0.16617E+02   0.46017E+03
   0.34221E+08   0.14011E+02   0.45248E+03
   0.34861E+08   0.11457E+02   0.44488E+03
   0.35514E+08   0.89530E+01   0.43736E+03
   0.36178E+08   0.64997E+01   0.42994E+03
   0.36855E+08   0.40960E+01   0.42260E+03
   0.37544E+08   0.17412E+01   0.41534E+03
   0.38246E+08  -0.56547E+00   0.40817E+03
   0.38962E+08  -0.28246E+01   0.40108E+03
   0.39691E+08  -0.50368E+01   0.39406E+03
   0.40433E+08  -0.72028E+01   0.38713E+03
   0.41190E+08  -0.93232E+01   0.38028E+03
   0.41960E+08  -0.11399E+02   0.37350E+03
   0.42745E+08  -0.13430E+02   0.36680E+03
   0.43545E+08  -0.15417E+02   0.36017E+03
   0.44359E+08  -0.17361E+02   0.35362E+03
   0.45189E+08  -0.19262E+02   0.34713E+03
   0.46034E+08  -0.21122E+02   0.34071E+03
   0.46895E+08  -0.22939E+02   0.33436E+03
   0.47773E+08  -0.24716E+02   0.32808E+03
   0.48666E+08  -0.26452E+02   0.32186E+03
   0.49577E+08  -0.28148E+02   0.31570E+03
   0.50504E+08  -0.29805E+02   0.30961E+03
   0.51449E+08  -0.31422E+02   0.30357E+03
   0.52411E+08  -0.33000E+02   0.29759E+03
   0.53392E+08  -0.34540E+02   0.29166E+03
   0.54391E+08  -0.36042E+02   0.28579E+03
   0.55408E+08  -0.37506E+02   0.27997E+03
   0.56445E+08  -0.38932E+02   0.27419E+03
   0.57501E+08  -0.40322E+02   0.26847E+03
   0.58576E+08  -0.41674E+02   0.26279E+03
   0.59672E+08  -0.42990E+02   0.25716E+03
   0.60788E+08  -0.44269E+02   0.25158E+03
   0.61925E+08  -0.45512E+02   0.24605E+03
   0.63084E+08  -0.46718E+02   0.24057E+03
   0.64264E+08  -0.47889E+02   0.23513E+03
   0.65466E+08  -0.49024E+02   0.22973E+03
   0.66691E+08  -0.50123E+02   0.22440E+03
   0.67938E+08  -0.51186E+02   0.21912E+03
   0.69209E+08  -0.52214E+02   0.21389E+03
   0.70504E+08  -0.53206E+02   0.20872E+03
   0.71823E+08  -0.54163E+02   0.20360E+03
   0.73166E+08  -0.55085E+02   0.19850E+03
   0.74535E+08  -0.55971E+02   0.19342E+03
   0.75929E+08  -0.56823E+02   0.18834E+03
   0.77350E+08  -0.57640E+02   0.18347E+03
   0.78797E+08  -0.58422E+02   0.17852E+03
   0.80271E+08  -0.59170E+02   0.17348E+03
   0.81772E+08  -0.59882E+02   0.16835E+03
   0.83302E+08  -0.60560E+02   0.16314E+03
   0.84860E+08  -0.61204E+02   0.15785E+03
   0.86448E+08  -0.61813E+02   0.15249E+03
   0.88065E+08  -0.62389E+02   0.14711E+03
   0.89712E+08  -0.62929E+02   0.14190E+03
   0.91390E+08  -0.63437E+02   0.13656E+03
   0.93100E+08  -0.63906E+02   0.12755E+03
   0.94842E+08  -0.64346E+02   0.12149E+03
   0.96616E+08  -0.64750E+02   0.11514E+03
   0.98423E+08  -0.65124E+02   0.10841E+03
   0.10026E+09  -0.65463E+02   0.10115E+03
   0.10214E+09  -0.65759E+02   0.93039E+02
   0.10405E+09  -0.66028E+02   0.83636E+02
   0.10600E+09  -0.66263E+02   0.71758E+02
   0.10798E+09  -0.66467E+02   0.53865E+02
   0.11000E+09  -0.66622E+02   0.35610E+02
