   0.40000E+02   0.83337E+05  -0.34290E+05
   0.40748E+02   0.87491E+05  -0.33521E+05
   0.41511E+02   0.84442E+05  -0.34682E+05
   0.42287E+02   0.84950E+05  -0.35214E+05
   0.43078E+02   0.85871E+05  -0.32184E+05
   0.43884E+02   0.86241E+05  -0.30321E+05
   0.44705E+02   0.86069E+05  -0.29772E+05
   0.45541E+02   0.83624E+05  -0.31594E+05
   0.46393E+02   0.84828E+05  -0.31800E+05
   0.47261E+02   0.85445E+05  -0.30090E+05
   0.48145E+02   0.86234E+05  -0.29637E+05
   0.49046E+02   0.84901E+05  -0.29726E+05
   0.49963E+02   0.83419E+05  -0.27985E+05
   0.50898E+02   0.84047E+05  -0.27839E+05
   0.51850E+02   0.85318E+05  -0.27351E+05
   0.52820E+02   0.85228E+05  -0.26028E+05
   0.53808E+02   0.85156E+05  -0.27088E+05
   0.54815E+02   0.84624E+05  -0.25902E+05
   0.55840E+02   0.85540E+05  -0.25379E+05
   0.56885E+02   0.84694E+05  -0.25307E+05
   0.57949E+02   0.85382E+05  -0.24294E+05
   0.59033E+02   0.85024E+05  -0.23919E+05
   0.60137E+02   0.85099E+05  -0.23039E+05
   0.61262E+02   0.83930E+05  -0.23307E+05
   0.62408E+02   0.84868E+05  -0.23170E+05
   0.63575E+02   0.84867E+05  -0.22021E+05
   0.64765E+02   0.85460E+05  -0.22286E+05
   0.65976E+02   0.84865E+05  -0.20342E+05
   0.67210E+02   0.85233E+05  -0.20464E+05
   0.68468E+02   0.84860E+05  -0.19850E+05
   0.69749E+02   0.84584E+05  -0.20150E+05
   0.71053E+02   0.85167E+05  -0.19375E+05
   0.72382E+02   0.85209E+05  -0.19220E+05
   0.73736E+02   0.85254E+05  -0.18879E+05
   0.75116E+02   0.85085E+05  -0.18329E+05
   0.76521E+02   0.85673E+05  -0.18016E+05
   0.77952E+02   0.84987E+05  -0.17406E+05
   0.79411E+02   0.85288E+05  -0.17255E+05
   0.80896E+02   0.84992E+05  -0.17008E+05
   0.82410E+02   0.84987E+05  -0.16439E+05
   0.83951E+02   0.84607E+05  -0.16387E+05
   0.85522E+02   0.84990E+05  -0.15754E+05
   0.87121E+02   0.85477E+05  -0.15959E+05
   0.88751E+02   0.85573E+05  -0.15593E+05
   0.90411E+02   0.84940E+05  -0.14452E+05
   0.92103E+02   0.84671E+05  -0.14744E+05
   0.93826E+02   0.84474E+05  -0.14363E+05
   0.95581E+02   0.85508E+05  -0.13781E+05
   0.97369E+02   0.85604E+05  -0.13602E+05
   0.99190E+02   0.84570E+05  -0.13412E+05
   0.10105E+03   0.85346E+05  -0.13518E+05
   0.10294E+03   0.85039E+05  -0.13026E+05
   0.10486E+03   0.84583E+05  -0.12694E+05
   0.10682E+03   0.84936E+05  -0.12234E+05
   0.10882E+03   0.84892E+05  -0.11964E+05
   0.11086E+03   0.84815E+05  -0.11636E+05
   0.11293E+03   0.85013E+05  -0.11224E+05
   0.11504E+03   0.84787E+05  -0.11577E+05
   0.11720E+03   0.84916E+05  -0.11048E+05
   0.11939E+03   0.85350E+05  -0.10627E+05
   0.12162E+03   0.84892E+05  -0.10422E+05
   0.12390E+03   0.85242E+05  -0.10144E+05
   0.12621E+03   0.84640E+05  -0.98566E+04
   0.12858E+03   0.85188E+05  -0.95254E+04
   0.13098E+03   0.84882E+05  -0.98250E+04
   0.13343E+03   0.84842E+05  -0.93767E+04
   0.13593E+03   0.84802E+05  -0.91780E+04
   0.13847E+03   0.84688E+05  -0.90143E+04
   0.14106E+03   0.85097E+05  -0.89246E+04
   0.14370E+03   0.84762E+05  -0.87353E+04
   0.14639E+03   0.84954E+05  -0.83523E+04
   0.14913E+03   0.84803E+05  -0.81360E+04
   0.15192E+03   0.84970E+05  -0.80555E+04
   0.15476E+03   0.84803E+05  -0.79131E+04
   0.15765E+03   0.84807E+05  -0.77904E+04
   0.16060E+03   0.84655E+05  -0.74613E+04
   0.16361E+03   0.85051E+05  -0.71375E+04
   0.16667E+03   0.84722E+05  -0.73896E+04
   0.16978E+03   0.84827E+05  -0.71831E+04
   0.17296E+03   0.84587E+05  -0.69101E+04
   0.17620E+03   0.84922E+05  -0.66723E+04
   0.17949E+03   0.84818E+05  -0.62236E+04
   0.18285E+03   0.84692E+05  -0.60911E+04
   0.18627E+03   0.84798E+05  -0.59347E+04
   0.18975E+03   0.84588E+05  -0.60880E+04
   0.19330E+03   0.84763E+05  -0.58580E+04
   0.19692E+03   0.84823E+05  -0.58243E+04
   0.20060E+03   0.84681E+05  -0.54871E+04
   0.20436E+03   0.84800E+05  -0.56256E+04
   0.20818E+03   0.84764E+05  -0.53551E+04
   0.21207E+03   0.84807E+05  -0.51750E+04
   0.21604E+03   0.84634E+05  -0.47913E+04
   0.22008E+03   0.84570E+05  -0.47994E+04
   0.22420E+03   0.84475E+05  -0.46184E+04
   0.22839E+03   0.84681E+05  -0.48972E+04
   0.23267E+03   0.84824E+05  -0.45266E+04
   0.23702E+03   0.84543E+05  -0.43193E+04
   0.24145E+03   0.84705E+05  -0.42585E+04
   0.24597E+03   0.84613E+05  -0.40105E+04
   0.25057E+03   0.84706E+05  -0.38869E+04
   0.25526E+03   0.84781E+05  -0.36692E+04
   0.26003E+03   0.84835E+05  -0.37059E+04
   0.26490E+03   0.84710E+05  -0.35268E+04
   0.26985E+03   0.84917E+05  -0.35743E+04
   0.27490E+03   0.84873E+05  -0.34258E+04
   0.28004E+03   0.84805E+05  -0.30969E+04
   0.28528E+03   0.84685E+05  -0.32378E+04
   0.29062E+03   0.84680E+05  -0.30186E+04
   0.29605E+03   0.84681E+05  -0.28565E+04
   0.30159E+03   0.84677E+05  -0.29617E+04
   0.30723E+03   0.84582E+05  -0.26092E+04
   0.31298E+03   0.84704E+05  -0.25376E+04
   0.31884E+03   0.84636E+05  -0.23753E+04
   0.32480E+03   0.84653E+05  -0.23023E+04
   0.33088E+03   0.84676E+05  -0.22333E+04
   0.33707E+03   0.84669E+05  -0.22487E+04
   0.34337E+03   0.84582E+05  -0.20039E+04
   0.34979E+03   0.84664E+05  -0.19786E+04
   0.35634E+03   0.84593E+05  -0.18430E+04
   0.36300E+03   0.84780E+05  -0.17328E+04
   0.36979E+03   0.84613E+05  -0.16996E+04
   0.37671E+03   0.84653E+05  -0.16364E+04
   0.38376E+03   0.84622E+05  -0.16517E+04
   0.39094E+03   0.84683E+05  -0.13735E+04
   0.39825E+03   0.84533E+05  -0.13500E+04
   0.40570E+03   0.84632E+05  -0.12151E+04
   0.41329E+03   0.84576E+05  -0.11614E+04
   0.42102E+03   0.84543E+05  -0.10947E+04
   0.42890E+03   0.84612E+05  -0.97965E+03
   0.43692E+03   0.84627E+05  -0.92803E+03
   0.44509E+03   0.84670E+05  -0.82727E+03
   0.45342E+03   0.84513E+05  -0.81365E+03
   0.46190E+03   0.84582E+05  -0.67402E+03
   0.47054E+03   0.84609E+05  -0.57297E+03
   0.47935E+03   0.84550E+05  -0.45047E+03
   0.48831E+03   0.84581E+05  -0.41080E+03
   0.49745E+03   0.84416E+05  -0.40935E+03
   0.50675E+03   0.84539E+05  -0.27587E+03
   0.51623E+03   0.84600E+05  -0.21623E+03
   0.52589E+03   0.84537E+05  -0.10511E+03
   0.53573E+03   0.84534E+05  -0.70228E+02
   0.54575E+03   0.84570E+05   0.36920E+02
   0.55596E+03   0.84546E+05   0.94614E+02
   0.56636E+03   0.84582E+05   0.19898E+03
   0.57695E+03   0.84545E+05   0.24354E+03
   0.58775E+03   0.84557E+05   0.31066E+03
   0.59874E+03   0.84517E+05   0.42884E+03
   0.60994E+03   0.84531E+05   0.48178E+03
   0.62135E+03   0.84488E+05   0.54180E+03
   0.63297E+03   0.84485E+05   0.69215E+03
   0.64482E+03   0.84466E+05   0.67721E+03
   0.65688E+03   0.84472E+05   0.76305E+03
   0.66917E+03   0.84480E+05   0.91317E+03
   0.68168E+03   0.84522E+05   0.95710E+03
   0.69444E+03   0.84462E+05   0.99138E+03
   0.70743E+03   0.84406E+05   0.11189E+04
   0.72066E+03   0.84477E+05   0.11983E+04
   0.73414E+03   0.84464E+05   0.12841E+04
   0.74787E+03   0.84386E+05   0.13340E+04
   0.76186E+03   0.84410E+05   0.13593E+04
   0.77612E+03   0.84440E+05   0.14846E+04
   0.79063E+03   0.84419E+05   0.15061E+04
   0.80543E+03   0.84397E+05   0.16460E+04
   0.82049E+03   0.84369E+05   0.16823E+04
   0.83584E+03   0.84362E+05   0.17461E+04
   0.85148E+03   0.84371E+05   0.18039E+04
   0.86740E+03   0.84322E+05   0.19580E+04
   0.88363E+03   0.84350E+05   0.19693E+04
   0.90016E+03   0.84344E+05   0.20637E+04
   0.91700E+03   0.84317E+05   0.21203E+04
   0.93415E+03   0.84324E+05   0.21722E+04
   0.95163E+03   0.84309E+05   0.22835E+04
   0.96943E+03   0.84277E+05   0.23492E+04
   0.98757E+03   0.84273E+05   0.24503E+04
   0.10060E+04   0.84276E+05   0.25224E+04
   0.10249E+04   0.84292E+05   0.25444E+04
   0.10440E+04   0.84240E+05   0.26465E+04
   0.10636E+04   0.84273E+05   0.27077E+04
   0.10835E+04   0.84231E+05   0.27861E+04
   0.11037E+04   0.84220E+05   0.29103E+04
   0.11244E+04   0.84228E+05   0.29566E+04
   0.11454E+04   0.84216E+05   0.30271E+04
   0.11668E+04   0.84216E+05   0.30938E+04
   0.11887E+04   0.84154E+05   0.32150E+04
   0.12109E+04   0.84164E+05   0.32832E+04
   0.12335E+04   0.84153E+05   0.33791E+04
   0.12566E+04   0.84125E+05   0.34191E+04
   0.12801E+04   0.84131E+05   0.35190E+04
   0.13041E+04   0.84101E+05   0.36054E+04
   0.13285E+04   0.84097E+05   0.36823E+04
   0.13533E+04   0.84089E+05   0.37781E+04
   0.13786E+04   0.84059E+05   0.38493E+04
   0.14044E+04   0.84044E+05   0.39590E+04
   0.14307E+04   0.84027E+05   0.40205E+04
   0.14575E+04   0.83970E+05   0.40958E+04
   0.14847E+04   0.83994E+05   0.41896E+04
   0.15125E+04   0.83963E+05   0.42585E+04
   0.15408E+04   0.83947E+05   0.43559E+04
   0.15696E+04   0.83910E+05   0.44721E+04
   0.15990E+04   0.83911E+05   0.45519E+04
   0.16289E+04   0.83897E+05   0.46479E+04
   0.16594E+04   0.83869E+05   0.47280E+04
   0.16904E+04   0.83865E+05   0.48411E+04
   0.17220E+04   0.83821E+05   0.49231E+04
   0.17542E+04   0.83814E+05   0.50257E+04
   0.17871E+04   0.83788E+05   0.50972E+04
   0.18205E+04   0.83751E+05   0.52245E+04
   0.18545E+04   0.83749E+05   0.53138E+04
   0.18892E+04   0.83709E+05   0.54178E+04
   0.19246E+04   0.83689E+05   0.55087E+04
   0.19606E+04   0.83683E+05   0.56153E+04
   0.19973E+04   0.83620E+05   0.57033E+04
   0.20346E+04   0.83623E+05   0.58128E+04
   0.20727E+04   0.83593E+05   0.59316E+04
   0.21115E+04   0.83556E+05   0.60323E+04
   0.21510E+04   0.83536E+05   0.61150E+04
   0.21912E+04   0.83504E+05   0.62483E+04
   0.22322E+04   0.83465E+05   0.63425E+04
   0.22739E+04   0.83444E+05   0.64560E+04
   0.23165E+04   0.83397E+05   0.65700E+04
   0.23598E+04   0.83388E+05   0.66857E+04
   0.24040E+04   0.83337E+05   0.68182E+04
   0.24489E+04   0.83313E+05   0.69154E+04
   0.24947E+04   0.83269E+05   0.70566E+04
   0.25414E+04   0.83235E+05   0.71652E+04
   0.25889E+04   0.83185E+05   0.72852E+04
   0.26374E+04   0.83140E+05   0.74066E+04
   0.26867E+04   0.83112E+05   0.75334E+04
   0.27370E+04   0.83067E+05   0.76622E+04
   0.27882E+04   0.83025E+05   0.77921E+04
   0.28403E+04   0.82992E+05   0.79173E+04
   0.28935E+04   0.82938E+05   0.80480E+04
   0.29476E+04   0.82904E+05   0.81996E+04
   0.30027E+04   0.82860E+05   0.83255E+04
   0.30589E+04   0.82799E+05   0.84606E+04
   0.31161E+04   0.82753E+05   0.86022E+04
   0.31744E+04   0.82705E+05   0.87355E+04
   0.32338E+04   0.82645E+05   0.88777E+04
   0.32943E+04   0.82606E+05   0.90283E+04
   0.33559E+04   0.82537E+05   0.91652E+04
   0.34187E+04   0.82485E+05   0.93189E+04
   0.34826E+04   0.82442E+05   0.94735E+04
   0.35478E+04   0.82365E+05   0.96193E+04
   0.36142E+04   0.82307E+05   0.97759E+04
   0.36818E+04   0.82247E+05   0.99330E+04
   0.37506E+04   0.82201E+05   0.10095E+05
   0.38208E+04   0.82124E+05   0.10249E+05
   0.38923E+04   0.82060E+05   0.10426E+05
   0.39651E+04   0.81987E+05   0.10583E+05
   0.40393E+04   0.81911E+05   0.10737E+05
   0.41148E+04   0.81848E+05   0.10910E+05
   0.41918E+04   0.81768E+05   0.11091E+05
   0.42702E+04   0.81694E+05   0.11269E+05
   0.43501E+04   0.81620E+05   0.11443E+05
   0.44315E+04   0.81530E+05   0.11614E+05
   0.45144E+04   0.81447E+05   0.11790E+05
   0.45988E+04   0.81367E+05   0.11976E+05
   0.46848E+04   0.81282E+05   0.12165E+05
   0.47725E+04   0.81185E+05   0.12346E+05
   0.48618E+04   0.81093E+05   0.12535E+05
   0.49527E+04   0.80999E+05   0.12723E+05
   0.50454E+04   0.80907E+05   0.12908E+05
   0.51397E+04   0.80805E+05   0.13118E+05
   0.52359E+04   0.80697E+05   0.13308E+05
   0.53338E+04   0.80602E+05   0.13518E+05
   0.54336E+04   0.80494E+05   0.13723E+05
   0.55353E+04   0.80387E+05   0.13919E+05
   0.56388E+04   0.80269E+05   0.14128E+05
   0.57443E+04   0.80155E+05   0.14332E+05
   0.58517E+04   0.80037E+05   0.14548E+05
   0.59612E+04   0.79909E+05   0.14752E+05
   0.60727E+04   0.79784E+05   0.14976E+05
   0.61863E+04   0.79661E+05   0.15193E+05
   0.63021E+04   0.79515E+05   0.15423E+05
   0.64199E+04   0.79392E+05   0.15646E+05
   0.65400E+04   0.79245E+05   0.15868E+05
   0.66624E+04   0.79104E+05   0.16097E+05
   0.67870E+04   0.78960E+05   0.16336E+05
   0.69140E+04   0.78798E+05   0.16557E+05
   0.70433E+04   0.78654E+05   0.16803E+05
   0.71751E+04   0.78491E+05   0.17034E+05
   0.73093E+04   0.78333E+05   0.17276E+05
   0.74460E+04   0.78168E+05   0.17516E+05
   0.75853E+04   0.77996E+05   0.17749E+05
   0.77272E+04   0.77817E+05   0.18012E+05
   0.78718E+04   0.77634E+05   0.18248E+05
   0.80190E+04   0.77454E+05   0.18503E+05
   0.81690E+04   0.77264E+05   0.18746E+05
   0.83218E+04   0.77074E+05   0.19003E+05
   0.84775E+04   0.76874E+05   0.19245E+05
   0.86361E+04   0.76668E+05   0.19507E+05
   0.87977E+04   0.76462E+05   0.19769E+05
   0.89622E+04   0.76245E+05   0.20025E+05
   0.91299E+04   0.76017E+05   0.20291E+05
   0.93007E+04   0.75795E+05   0.20541E+05
   0.94747E+04   0.75559E+05   0.20815E+05
   0.96519E+04   0.75331E+05   0.21089E+05
   0.98325E+04   0.75094E+05   0.21346E+05
   0.10016E+05   0.74832E+05   0.21620E+05
   0.10204E+05   0.74587E+05   0.21871E+05
   0.10395E+05   0.74331E+05   0.22148E+05
   0.10589E+05   0.74076E+05   0.22416E+05
   0.10787E+05   0.73817E+05   0.22682E+05
   0.10989E+05   0.73525E+05   0.22957E+05
   0.11195E+05   0.73245E+05   0.23231E+05
   0.11404E+05   0.72959E+05   0.23484E+05
   0.11617E+05   0.72668E+05   0.23769E+05
   0.11835E+05   0.72366E+05   0.24030E+05
   0.12056E+05   0.72079E+05   0.24299E+05
   0.12282E+05   0.71757E+05   0.24579E+05
   0.12511E+05   0.71442E+05   0.24857E+05
   0.12745E+05   0.71118E+05   0.25124E+05
   0.12984E+05   0.70783E+05   0.25391E+05
   0.13227E+05   0.70444E+05   0.25662E+05
   0.13474E+05   0.70100E+05   0.25930E+05
   0.13726E+05   0.69752E+05   0.26185E+05
   0.13983E+05   0.69388E+05   0.26452E+05
   0.14244E+05   0.69027E+05   0.26714E+05
   0.14511E+05   0.68657E+05   0.26978E+05
   0.14782E+05   0.68278E+05   0.27240E+05
   0.15059E+05   0.67897E+05   0.27488E+05
   0.15341E+05   0.67499E+05   0.27745E+05
   0.15628E+05   0.67100E+05   0.27998E+05
   0.15920E+05   0.66699E+05   0.28248E+05
   0.16218E+05   0.66287E+05   0.28498E+05
   0.16521E+05   0.65876E+05   0.28738E+05
   0.16830E+05   0.65448E+05   0.28989E+05
   0.17145E+05   0.65020E+05   0.29222E+05
   0.17466E+05   0.64578E+05   0.29463E+05
   0.17792E+05   0.64144E+05   0.29695E+05
   0.18125E+05   0.63688E+05   0.29912E+05
   0.18464E+05   0.63233E+05   0.30141E+05
   0.18810E+05   0.62771E+05   0.30355E+05
   0.19162E+05   0.62300E+05   0.30560E+05
   0.19520E+05   0.61828E+05   0.30769E+05
   0.19885E+05   0.61343E+05   0.30971E+05
   0.20257E+05   0.60858E+05   0.31171E+05
   0.20636E+05   0.60362E+05   0.31367E+05
   0.21022E+05   0.59868E+05   0.31553E+05
   0.21415E+05   0.59360E+05   0.31740E+05
   0.21816E+05   0.58857E+05   0.31912E+05
   0.22224E+05   0.58341E+05   0.32085E+05
   0.22640E+05   0.57819E+05   0.32247E+05
   0.23063E+05   0.57294E+05   0.32412E+05
   0.23495E+05   0.56770E+05   0.32557E+05
   0.23934E+05   0.56230E+05   0.32704E+05
   0.24382E+05   0.55693E+05   0.32844E+05
   0.24838E+05   0.55154E+05   0.32969E+05
   0.25303E+05   0.54614E+05   0.33091E+05
   0.25776E+05   0.54058E+05   0.33216E+05
   0.26258E+05   0.53508E+05   0.33320E+05
   0.26750E+05   0.52949E+05   0.33422E+05
   0.27250E+05   0.52397E+05   0.33506E+05
   0.27760E+05   0.51830E+05   0.33609E+05
   0.28279E+05   0.51269E+05   0.33682E+05
   0.28808E+05   0.50703E+05   0.33755E+05
   0.29347E+05   0.50140E+05   0.33822E+05
   0.29896E+05   0.49567E+05   0.33872E+05
   0.30455E+05   0.49001E+05   0.33921E+05
   0.31025E+05   0.48425E+05   0.33961E+05
   0.31605E+05   0.47856E+05   0.33989E+05
   0.32197E+05   0.47279E+05   0.34007E+05
   0.32799E+05   0.46707E+05   0.34024E+05
   0.33412E+05   0.46133E+05   0.34030E+05
   0.34037E+05   0.45557E+05   0.34027E+05
   0.34674E+05   0.44984E+05   0.34020E+05
   0.35323E+05   0.44414E+05   0.34001E+05
   0.35984E+05   0.43837E+05   0.33974E+05
   0.36657E+05   0.43265E+05   0.33939E+05
   0.37342E+05   0.42695E+05   0.33899E+05
   0.38041E+05   0.42130E+05   0.33847E+05
   0.38753E+05   0.41560E+05   0.33788E+05
   0.39478E+05   0.40995E+05   0.33725E+05
   0.40216E+05   0.40435E+05   0.33654E+05
   0.40968E+05   0.39878E+05   0.33573E+05
   0.41735E+05   0.39320E+05   0.33483E+05
   0.42515E+05   0.38769E+05   0.33390E+05
   0.43311E+05   0.38216E+05   0.33286E+05
   0.44121E+05   0.37673E+05   0.33177E+05
   0.44946E+05   0.37129E+05   0.33063E+05
   0.45787E+05   0.36591E+05   0.32940E+05
   0.46644E+05   0.36054E+05   0.32808E+05
   0.47516E+05   0.35524E+05   0.32672E+05
   0.48405E+05   0.34994E+05   0.32530E+05
   0.49311E+05   0.34472E+05   0.32381E+05
   0.50233E+05   0.33954E+05   0.32227E+05
   0.51173E+05   0.33443E+05   0.32066E+05
   0.52130E+05   0.32935E+05   0.31902E+05
   0.53105E+05   0.32435E+05   0.31728E+05
   0.54099E+05   0.31938E+05   0.31554E+05
   0.55111E+05   0.31447E+05   0.31372E+05
   0.56141E+05   0.30963E+05   0.31182E+05
   0.57192E+05   0.30481E+05   0.30993E+05
   0.58262E+05   0.30013E+05   0.30792E+05
   0.59351E+05   0.29544E+05   0.30597E+05
   0.60462E+05   0.29084E+05   0.30388E+05
   0.61593E+05   0.28630E+05   0.30178E+05
   0.62745E+05   0.28178E+05   0.29968E+05
   0.63919E+05   0.27735E+05   0.29755E+05
   0.65114E+05   0.27299E+05   0.29537E+05
   0.66332E+05   0.26867E+05   0.29315E+05
   0.67573E+05   0.26444E+05   0.29088E+05
   0.68837E+05   0.26028E+05   0.28862E+05
   0.70125E+05   0.25618E+05   0.28632E+05
   0.71437E+05   0.25212E+05   0.28398E+05
   0.72773E+05   0.24818E+05   0.28161E+05
   0.74135E+05   0.24424E+05   0.27930E+05
   0.75521E+05   0.24039E+05   0.27691E+05
   0.76934E+05   0.23657E+05   0.27451E+05
   0.78373E+05   0.23286E+05   0.27209E+05
   0.79840E+05   0.22921E+05   0.26968E+05
   0.81333E+05   0.22559E+05   0.26723E+05
   0.82855E+05   0.22204E+05   0.26481E+05
   0.84404E+05   0.21855E+05   0.26236E+05
   0.85983E+05   0.21516E+05   0.25993E+05
   0.87592E+05   0.21181E+05   0.25747E+05
   0.89230E+05   0.20854E+05   0.25503E+05
   0.90900E+05   0.20531E+05   0.25258E+05
   0.92600E+05   0.20212E+05   0.25013E+05
   0.94332E+05   0.19901E+05   0.24769E+05
   0.96097E+05   0.19596E+05   0.24524E+05
   0.97895E+05   0.19296E+05   0.24278E+05
   0.99726E+05   0.19001E+05   0.24036E+05
   0.10159E+06   0.18713E+05   0.23791E+05
   0.10349E+06   0.18427E+05   0.23551E+05
   0.10543E+06   0.18149E+05   0.23307E+05
   0.10740E+06   0.17877E+05   0.23069E+05
   0.10941E+06   0.17609E+05   0.22831E+05
   0.11146E+06   0.17345E+05   0.22592E+05
   0.11354E+06   0.17090E+05   0.22357E+05
   0.11566E+06   0.16836E+05   0.22123E+05
   0.11783E+06   0.16588E+05   0.21886E+05
   0.12003E+06   0.16343E+05   0.21654E+05
   0.12228E+06   0.16105E+05   0.21422E+05
   0.12457E+06   0.15870E+05   0.21193E+05
   0.12690E+06   0.15640E+05   0.20965E+05
   0.12927E+06   0.15413E+05   0.20741E+05
   0.13169E+06   0.15191E+05   0.20517E+05
   0.13415E+06   0.14974E+05   0.20295E+05
   0.13666E+06   0.14761E+05   0.20075E+05
   0.13922E+06   0.14551E+05   0.19854E+05
   0.14182E+06   0.14344E+05   0.19640E+05
   0.14447E+06   0.14142E+05   0.19425E+05
   0.14718E+06   0.13946E+05   0.19212E+05
   0.14993E+06   0.13751E+05   0.19002E+05
   0.15274E+06   0.13558E+05   0.18793E+05
   0.15559E+06   0.13372E+05   0.18588E+05
   0.15850E+06   0.13186E+05   0.18385E+05
   0.16147E+06   0.13005E+05   0.18180E+05
   0.16449E+06   0.12824E+05   0.17982E+05
   0.16757E+06   0.12648E+05   0.17783E+05
   0.17070E+06   0.12476E+05   0.17588E+05
   0.17389E+06   0.12307E+05   0.17395E+05
   0.17715E+06   0.12139E+05   0.17202E+05
   0.18046E+06   0.11975E+05   0.17013E+05
   0.18384E+06   0.11813E+05   0.16825E+05
   0.18727E+06   0.11653E+05   0.16642E+05
   0.19078E+06   0.11497E+05   0.16457E+05
   0.19435E+06   0.11342E+05   0.16275E+05
   0.19798E+06   0.11191E+05   0.16096E+05
   0.20169E+06   0.11041E+05   0.15919E+05
   0.20546E+06   0.10893E+05   0.15744E+05
   0.20930E+06   0.10750E+05   0.15570E+05
   0.21322E+06   0.10606E+05   0.15399E+05
   0.21721E+06   0.10463E+05   0.15230E+05
   0.22127E+06   0.10325E+05   0.15064E+05
   0.22541E+06   0.10190E+05   0.14897E+05
   0.22963E+06   0.10053E+05   0.14734E+05
   0.23392E+06   0.99204E+04   0.14572E+05
   0.23830E+06   0.97894E+04   0.14412E+05
   0.24275E+06   0.96602E+04   0.14255E+05
   0.24730E+06   0.95319E+04   0.14099E+05
   0.25192E+06   0.94063E+04   0.13945E+05
   0.25663E+06   0.92805E+04   0.13792E+05
   0.26144E+06   0.91592E+04   0.13640E+05
   0.26633E+06   0.90377E+04   0.13492E+05
   0.27131E+06   0.89179E+04   0.13344E+05
   0.27638E+06   0.88011E+04   0.13199E+05
   0.28155E+06   0.86835E+04   0.13056E+05
   0.28682E+06   0.85670E+04   0.12914E+05
   0.29219E+06   0.84532E+04   0.12773E+05
   0.29765E+06   0.83403E+04   0.12634E+05
   0.30322E+06   0.82291E+04   0.12496E+05
   0.30889E+06   0.81191E+04   0.12360E+05
   0.31467E+06   0.80099E+04   0.12226E+05
   0.32056E+06   0.79018E+04   0.12093E+05
   0.32655E+06   0.77959E+04   0.11961E+05
   0.33266E+06   0.76904E+04   0.11831E+05
   0.33889E+06   0.75855E+04   0.11701E+05
   0.34522E+06   0.74828E+04   0.11575E+05
   0.35168E+06   0.73809E+04   0.11448E+05
   0.35826E+06   0.72803E+04   0.11323E+05
   0.36496E+06   0.71815E+04   0.11198E+05
   0.37179E+06   0.70823E+04   0.11076E+05
   0.37875E+06   0.69848E+04   0.10955E+05
   0.38583E+06   0.68890E+04   0.10834E+05
   0.39305E+06   0.67934E+04   0.10716E+05
   0.40040E+06   0.66991E+04   0.10598E+05
   0.40789E+06   0.66059E+04   0.10481E+05
   0.41552E+06   0.65147E+04   0.10364E+05
   0.42329E+06   0.64243E+04   0.10249E+05
   0.43121E+06   0.63340E+04   0.10136E+05
   0.43928E+06   0.62457E+04   0.10023E+05
   0.44750E+06   0.61581E+04   0.99109E+04
   0.45587E+06   0.60725E+04   0.98005E+04
   0.46440E+06   0.59863E+04   0.96908E+04
   0.47308E+06   0.59032E+04   0.95823E+04
   0.48193E+06   0.58197E+04   0.94740E+04
   0.49095E+06   0.57375E+04   0.93667E+04
   0.50013E+06   0.56571E+04   0.92614E+04
   0.50949E+06   0.55773E+04   0.91571E+04
   0.51902E+06   0.54986E+04   0.90531E+04
   0.52873E+06   0.54206E+04   0.89510E+04
   0.53862E+06   0.53445E+04   0.88498E+04
   0.54870E+06   0.52694E+04   0.87489E+04
   0.55896E+06   0.51953E+04   0.86496E+04
   0.56942E+06   0.51217E+04   0.85511E+04
   0.58007E+06   0.50492E+04   0.84540E+04
   0.59092E+06   0.49784E+04   0.83579E+04
   0.60197E+06   0.49071E+04   0.82628E+04
   0.61323E+06   0.48379E+04   0.81689E+04
   0.62471E+06   0.47687E+04   0.80753E+04
   0.63639E+06   0.47007E+04   0.79837E+04
   0.64830E+06   0.46335E+04   0.78925E+04
   0.66042E+06   0.45667E+04   0.78022E+04
   0.67278E+06   0.45013E+04   0.77129E+04
   0.68536E+06   0.44361E+04   0.76247E+04
   0.69818E+06   0.43719E+04   0.75373E+04
   0.71125E+06   0.43087E+04   0.74506E+04
   0.72455E+06   0.42460E+04   0.73643E+04
   0.73810E+06   0.41846E+04   0.72794E+04
   0.75191E+06   0.41233E+04   0.71952E+04
   0.76598E+06   0.40633E+04   0.71115E+04
   0.78031E+06   0.40045E+04   0.70286E+04
   0.79490E+06   0.39462E+04   0.69471E+04
   0.80977E+06   0.38881E+04   0.68665E+04
   0.82492E+06   0.38319E+04   0.67862E+04
   0.84035E+06   0.37761E+04   0.67067E+04
   0.85607E+06   0.37205E+04   0.66283E+04
   0.87209E+06   0.36666E+04   0.65505E+04
   0.88840E+06   0.36130E+04   0.64738E+04
   0.90502E+06   0.35605E+04   0.63977E+04
   0.92195E+06   0.35086E+04   0.63225E+04
   0.93920E+06   0.34579E+04   0.62485E+04
   0.95677E+06   0.34071E+04   0.61752E+04
   0.97467E+06   0.33568E+04   0.61034E+04
   0.99290E+06   0.33074E+04   0.60318E+04
   0.10115E+07   0.32586E+04   0.59608E+04
   0.10304E+07   0.32102E+04   0.58915E+04
   0.10497E+07   0.31626E+04   0.58224E+04
   0.10693E+07   0.31153E+04   0.57540E+04
   0.10893E+07   0.30693E+04   0.56863E+04
   0.11097E+07   0.30229E+04   0.56200E+04
   0.11304E+07   0.29779E+04   0.55543E+04
   0.11516E+07   0.29328E+04   0.54886E+04
   0.11731E+07   0.28887E+04   0.54238E+04
   0.11951E+07   0.28448E+04   0.53590E+04
   0.12174E+07   0.28018E+04   0.52956E+04
   0.12402E+07   0.27592E+04   0.52323E+04
   0.12634E+07   0.27176E+04   0.51698E+04
   0.12870E+07   0.26760E+04   0.51082E+04
   0.13111E+07   0.26353E+04   0.50470E+04
   0.13356E+07   0.25957E+04   0.49868E+04
   0.13606E+07   0.25558E+04   0.49271E+04
   0.13861E+07   0.25167E+04   0.48681E+04
   0.14120E+07   0.24784E+04   0.48099E+04
   0.14384E+07   0.24405E+04   0.47525E+04
   0.14653E+07   0.24031E+04   0.46960E+04
   0.14927E+07   0.23661E+04   0.46397E+04
   0.15207E+07   0.23293E+04   0.45841E+04
   0.15491E+07   0.22932E+04   0.45294E+04
   0.15781E+07   0.22575E+04   0.44749E+04
   0.16076E+07   0.22222E+04   0.44213E+04
   0.16377E+07   0.21872E+04   0.43681E+04
   0.16683E+07   0.21527E+04   0.43155E+04
   0.16995E+07   0.21189E+04   0.42632E+04
   0.17313E+07   0.20853E+04   0.42116E+04
   0.17637E+07   0.20522E+04   0.41605E+04
   0.17967E+07   0.20198E+04   0.41098E+04
   0.18303E+07   0.19877E+04   0.40599E+04
   0.18646E+07   0.19562E+04   0.40104E+04
   0.18994E+07   0.19249E+04   0.39616E+04
   0.19350E+07   0.18943E+04   0.39135E+04
   0.19712E+07   0.18637E+04   0.38657E+04
   0.20080E+07   0.18340E+04   0.38188E+04
   0.20456E+07   0.18044E+04   0.37721E+04
   0.20839E+07   0.17752E+04   0.37259E+04
   0.21229E+07   0.17462E+04   0.36805E+04
   0.21626E+07   0.17178E+04   0.36353E+04
   0.22030E+07   0.16897E+04   0.35910E+04
   0.22442E+07   0.16620E+04   0.35470E+04
   0.22862E+07   0.16344E+04   0.35034E+04
   0.23290E+07   0.16076E+04   0.34601E+04
   0.23725E+07   0.15809E+04   0.34175E+04
   0.24169E+07   0.15547E+04   0.33752E+04
   0.24621E+07   0.15289E+04   0.33334E+04
   0.25082E+07   0.15035E+04   0.32920E+04
   0.25551E+07   0.14783E+04   0.32513E+04
   0.26029E+07   0.14536E+04   0.32109E+04
   0.26516E+07   0.14293E+04   0.31711E+04
   0.27012E+07   0.14052E+04   0.31316E+04
   0.27517E+07   0.13813E+04   0.30927E+04
   0.28032E+07   0.13580E+04   0.30542E+04
   0.28557E+07   0.13347E+04   0.30160E+04
   0.29091E+07   0.13118E+04   0.29783E+04
   0.29635E+07   0.12892E+04   0.29409E+04
   0.30189E+07   0.12670E+04   0.29040E+04
   0.30754E+07   0.12451E+04   0.28675E+04
   0.31329E+07   0.12236E+04   0.28315E+04
   0.31916E+07   0.12023E+04   0.27956E+04
   0.32513E+07   0.11813E+04   0.27604E+04
   0.33121E+07   0.11606E+04   0.27256E+04
   0.33740E+07   0.11402E+04   0.26911E+04
   0.34372E+07   0.11201E+04   0.26571E+04
   0.35014E+07   0.11003E+04   0.26236E+04
   0.35669E+07   0.10807E+04   0.25902E+04
   0.36337E+07   0.10614E+04   0.25572E+04
   0.37016E+07   0.10424E+04   0.25247E+04
   0.37709E+07   0.10236E+04   0.24924E+04
   0.38414E+07   0.10051E+04   0.24607E+04
   0.39133E+07   0.98697E+03   0.24292E+04
   0.39865E+07   0.96901E+03   0.23980E+04
   0.40611E+07   0.95143E+03   0.23673E+04
   0.41370E+07   0.93408E+03   0.23368E+04
   0.42144E+07   0.91697E+03   0.23068E+04
   0.42933E+07   0.89994E+03   0.22771E+04
   0.43736E+07   0.88332E+03   0.22477E+04
   0.44554E+07   0.86690E+03   0.22186E+04
   0.45387E+07   0.85076E+03   0.21900E+04
   0.46237E+07   0.83475E+03   0.21616E+04
   0.47101E+07   0.81907E+03   0.21337E+04
   0.47983E+07   0.80360E+03   0.21058E+04
   0.48880E+07   0.78837E+03   0.20785E+04
   0.49795E+07   0.77333E+03   0.20514E+04
   0.50726E+07   0.75825E+03   0.20244E+04
   0.51675E+07   0.74367E+03   0.19979E+04
   0.52642E+07   0.72931E+03   0.19717E+04
   0.53626E+07   0.71519E+03   0.19458E+04
   0.54630E+07   0.70129E+03   0.19203E+04
   0.55652E+07   0.68756E+03   0.18949E+04
   0.56693E+07   0.67413E+03   0.18700E+04
   0.57753E+07   0.66077E+03   0.18454E+04
   0.58833E+07   0.64767E+03   0.18210E+04
   0.59934E+07   0.63475E+03   0.17970E+04
   0.61055E+07   0.62203E+03   0.17732E+04
   0.62197E+07   0.60947E+03   0.17498E+04
   0.63361E+07   0.59712E+03   0.17265E+04
   0.64546E+07   0.58491E+03   0.17036E+04
   0.65754E+07   0.57299E+03   0.16809E+04
   0.66984E+07   0.56115E+03   0.16585E+04
   0.68237E+07   0.54952E+03   0.16364E+04
   0.69513E+07   0.53812E+03   0.16145E+04
   0.70814E+07   0.52684E+03   0.15929E+04
   0.72138E+07   0.51582E+03   0.15716E+04
   0.73488E+07   0.50489E+03   0.15505E+04
   0.74862E+07   0.49417E+03   0.15297E+04
   0.76263E+07   0.48356E+03   0.15090E+04
   0.77689E+07   0.47317E+03   0.14887E+04
   0.79143E+07   0.46292E+03   0.14685E+04
   0.80623E+07   0.45280E+03   0.14486E+04
   0.82131E+07   0.44288E+03   0.14290E+04
   0.83668E+07   0.43308E+03   0.14096E+04
   0.85233E+07   0.42346E+03   0.13904E+04
   0.86827E+07   0.41399E+03   0.13715E+04
   0.88452E+07   0.40462E+03   0.13528E+04
   0.90106E+07   0.39544E+03   0.13343E+04
   0.91792E+07   0.38640E+03   0.13160E+04
   0.93509E+07   0.37748E+03   0.12979E+04
   0.95258E+07   0.36874E+03   0.12801E+04
   0.97040E+07   0.36011E+03   0.12625E+04
   0.98856E+07   0.35159E+03   0.12452E+04
   0.10070E+08   0.34328E+03   0.12280E+04
   0.10259E+08   0.33504E+03   0.12111E+04
   0.10451E+08   0.32700E+03   0.11943E+04
   0.10646E+08   0.31905E+03   0.11778E+04
   0.10845E+08   0.31124E+03   0.11615E+04
   0.11048E+08   0.30356E+03   0.11454E+04
   0.11255E+08   0.29598E+03   0.11294E+04
   0.11466E+08   0.28852E+03   0.11136E+04
   0.11680E+08   0.28120E+03   0.10982E+04
   0.11899E+08   0.27399E+03   0.10828E+04
   0.12121E+08   0.26687E+03   0.10677E+04
   0.12348E+08   0.25990E+03   0.10526E+04
   0.12579E+08   0.25302E+03   0.10378E+04
   0.12814E+08   0.24629E+03   0.10232E+04
   0.13054E+08   0.23965E+03   0.10088E+04
   0.13298E+08   0.23308E+03   0.99452E+03
   0.13547E+08   0.22666E+03   0.98043E+03
   0.13800E+08   0.22035E+03   0.96654E+03
   0.14058E+08   0.21413E+03   0.95283E+03
   0.14321E+08   0.20800E+03   0.93925E+03
   0.14589E+08   0.20199E+03   0.92583E+03
   0.14862E+08   0.19610E+03   0.91260E+03
   0.15140E+08   0.19028E+03   0.89951E+03
   0.15423E+08   0.18457E+03   0.88663E+03
   0.15712E+08   0.17893E+03   0.87384E+03
   0.16006E+08   0.17341E+03   0.86123E+03
   0.16305E+08   0.16797E+03   0.84885E+03
   0.16610E+08   0.16264E+03   0.83659E+03
   0.16921E+08   0.15739E+03   0.82447E+03
   0.17238E+08   0.15221E+03   0.81249E+03
   0.17560E+08   0.14718E+03   0.80068E+03
   0.17889E+08   0.14217E+03   0.78901E+03
   0.18223E+08   0.13731E+03   0.77750E+03
   0.18564E+08   0.13249E+03   0.76611E+03
   0.18911E+08   0.12776E+03   0.75488E+03
   0.19265E+08   0.12311E+03   0.74379E+03
   0.19625E+08   0.11856E+03   0.73280E+03
   0.19993E+08   0.11407E+03   0.72194E+03
   0.20367E+08   0.10963E+03   0.71122E+03
   0.20748E+08   0.10532E+03   0.70069E+03
   0.21136E+08   0.10105E+03   0.69029E+03
   0.21531E+08   0.96880E+02   0.68003E+03
   0.21934E+08   0.92768E+02   0.66985E+03
   0.22344E+08   0.88705E+02   0.65982E+03
   0.22762E+08   0.84753E+02   0.64992E+03
   0.23188E+08   0.80879E+02   0.64011E+03
   0.23622E+08   0.77050E+02   0.63045E+03
   0.24064E+08   0.73308E+02   0.62092E+03
   0.24514E+08   0.69627E+02   0.61150E+03
   0.24972E+08   0.66017E+02   0.60220E+03
   0.25440E+08   0.62473E+02   0.59300E+03
   0.25915E+08   0.58996E+02   0.58396E+03
   0.26400E+08   0.55582E+02   0.57501E+03
   0.26894E+08   0.52231E+02   0.56615E+03
   0.27397E+08   0.48940E+02   0.55744E+03
   0.27910E+08   0.45701E+02   0.54880E+03
   0.28432E+08   0.42538E+02   0.54029E+03
   0.28964E+08   0.39430E+02   0.53189E+03
   0.29505E+08   0.36388E+02   0.52361E+03
   0.30057E+08   0.33399E+02   0.51543E+03
   0.30620E+08   0.30450E+02   0.50732E+03
   0.31192E+08   0.27579E+02   0.49935E+03
   0.31776E+08   0.24749E+02   0.49147E+03
   0.32370E+08   0.21997E+02   0.48368E+03
   0.32976E+08   0.19287E+02   0.47599E+03
   0.33593E+08   0.16617E+02   0.46840E+03
   0.34221E+08   0.14019E+02   0.46093E+03
   0.34861E+08   0.11466E+02   0.45352E+03
   0.35514E+08   0.89575E+01   0.44621E+03
   0.36178E+08   0.64999E+01   0.43900E+03
   0.36855E+08   0.41148E+01   0.43187E+03
   0.37544E+08   0.17485E+01   0.42485E+03
   0.38246E+08  -0.55857E+00   0.41791E+03
   0.38962E+08  -0.28191E+01   0.41105E+03
   0.39691E+08  -0.50293E+01   0.40427E+03
   0.40433E+08  -0.71956E+01   0.39760E+03
   0.41190E+08  -0.93285E+01   0.39100E+03
   0.41960E+08  -0.11395E+02   0.38447E+03
   0.42745E+08  -0.13424E+02   0.37803E+03
   0.43545E+08  -0.15408E+02   0.37167E+03
   0.44359E+08  -0.17352E+02   0.36539E+03
   0.45189E+08  -0.19257E+02   0.35919E+03
   0.46034E+08  -0.21121E+02   0.35307E+03
   0.46895E+08  -0.22936E+02   0.34702E+03
   0.47773E+08  -0.24704E+02   0.34105E+03
   0.48666E+08  -0.26446E+02   0.33515E+03
   0.49577E+08  -0.28137E+02   0.32932E+03
   0.50504E+08  -0.29796E+02   0.32357E+03
   0.51449E+08  -0.31410E+02   0.31788E+03
   0.52411E+08  -0.32987E+02   0.31227E+03
   0.53392E+08  -0.34524E+02   0.30671E+03
   0.54391E+08  -0.36024E+02   0.30124E+03
   0.55408E+08  -0.37490E+02   0.29582E+03
   0.56445E+08  -0.38922E+02   0.29047E+03
   0.57501E+08  -0.40313E+02   0.28519E+03
   0.58576E+08  -0.41669E+02   0.27996E+03
   0.59672E+08  -0.42982E+02   0.27481E+03
   0.60788E+08  -0.44263E+02   0.26970E+03
   0.61925E+08  -0.45505E+02   0.26467E+03
   0.63084E+08  -0.46715E+02   0.25968E+03
   0.64264E+08  -0.47885E+02   0.25476E+03
   0.65466E+08  -0.49017E+02   0.24990E+03
   0.66691E+08  -0.50124E+02   0.24509E+03
   0.67938E+08  -0.51184E+02   0.24035E+03
   0.69209E+08  -0.52214E+02   0.23565E+03
   0.70504E+08  -0.53208E+02   0.23101E+03
   0.71823E+08  -0.54162E+02   0.22642E+03
   0.73166E+08  -0.55088E+02   0.22188E+03
   0.74535E+08  -0.55973E+02   0.21740E+03
   0.75929E+08  -0.56816E+02   0.21297E+03
   0.77350E+08  -0.57635E+02   0.20859E+03
   0.78797E+08  -0.58420E+02   0.20426E+03
   0.80271E+08  -0.59168E+02   0.19998E+03
   0.81772E+08  -0.59884E+02   0.19576E+03
   0.83302E+08  -0.60559E+02   0.19158E+03
   0.84860E+08  -0.61198E+02   0.18746E+03
   0.86448E+08  -0.61810E+02   0.18337E+03
   0.88065E+08  -0.62379E+02   0.17933E+03
   0.89712E+08  -0.62926E+02   0.17535E+03
   0.91390E+08  -0.63435E+02   0.17141E+03
   0.93100E+08  -0.63906E+02   0.16752E+03
   0.94842E+08  -0.64346E+02   0.16367E+03
   0.96616E+08  -0.64750E+02   0.15987E+03
   0.98423E+08  -0.65124E+02   0.15612E+03
   0.10026E+09  -0.65463E+02   0.15243E+03
   0.10214E+09  -0.65759E+02   0.14876E+03
   0.10405E+09  -0.66028E+02   0.14515E+03
   0.10600E+09  -0.66263E+02   0.14158E+03
   0.10798E+09  -0.66467E+02   0.13806E+03
   0.11000E+09  -0.66622E+02   0.13459E+03
