   4.0000000e+01   1.0000000e+04   0.0000000e+00   8.4957000e+04   7.9976000e+01
   4.0748000e+01   1.0000000e+04   0.0000000e+00   8.4957000e+04   8.1472000e+01
   4.1511000e+01   1.0000000e+04   0.0000000e+00   8.4957000e+04   8.2997000e+01
   4.2287000e+01   1.0000000e+04   0.0000000e+00   8.4957000e+04   8.4549000e+01
   4.3078000e+01   1.0000000e+04   0.0000000e+00   8.4957000e+04   8.6130000e+01
   4.3884000e+01   1.0000000e+04   0.0000000e+00   8.4957000e+04   8.7742000e+01
   4.4705000e+01   1.0000000e+04   0.0000000e+00   8.4957000e+04   8.9383000e+01
   4.5541000e+01   1.0000000e+04   0.0000000e+00   8.4957000e+04   9.1055000e+01
   4.6393000e+01   1.0000000e+04   0.0000000e+00   8.4957000e+04   9.2758000e+01
   4.7261000e+01   1.0000000e+04   0.0000000e+00   8.4958000e+04   9.4494000e+01
   4.8145000e+01   1.0000000e+04   0.0000000e+00   8.4958000e+04   9.6261000e+01
   4.9046000e+01   1.0000000e+04   0.0000000e+00   8.4959000e+04   9.8063000e+01
   4.9963000e+01   1.0000000e+04   0.0000000e+00   8.4959000e+04   9.9896000e+01
   5.0898000e+01   1.0000000e+04   0.0000000e+00   8.4960000e+04   1.0177000e+02
   5.1850000e+01   1.0000000e+04   0.0000000e+00   8.4960000e+04   1.0367000e+02
   5.2820000e+01   1.0000000e+04   0.0000000e+00   8.4959000e+04   1.0561000e+02
   5.3808000e+01   1.0000000e+04   0.0000000e+00   8.4957000e+04   1.0758000e+02
   5.4815000e+01   1.0000000e+04   0.0000000e+00   8.4954000e+04   1.0960000e+02
   5.5840000e+01   1.0000000e+04   0.0000000e+00   8.4950000e+04   1.1165000e+02
   5.6885000e+01   1.0000000e+04   0.0000000e+00   8.4944000e+04   1.1374000e+02
   5.7949000e+01   1.0000000e+04   0.0000000e+00   8.4939000e+04   1.1586000e+02
   5.9033000e+01   1.0000000e+04   0.0000000e+00   8.4934000e+04   1.1803000e+02
   6.0137000e+01   1.0000000e+04   0.0000000e+00   8.4930000e+04   1.2024000e+02
   6.1262000e+01   1.0000000e+04   0.0000000e+00   8.4929000e+04   1.2249000e+02
   6.2408000e+01   1.0000000e+04   0.0000000e+00   8.4933000e+04   1.2478000e+02
   6.3575000e+01   1.0000000e+04   0.0000000e+00   8.4941000e+04   1.2711000e+02
   6.4765000e+01   1.0000000e+04   0.0000000e+00   8.4955000e+04   1.2949000e+02
   6.5976000e+01   1.0000000e+04   0.0000000e+00   8.4974000e+04   1.3191000e+02
   6.7210000e+01   1.0000000e+04   0.0000000e+00   8.4997000e+04   1.3438000e+02
   6.8468000e+01   1.0000000e+04   0.0000000e+00   8.5023000e+04   1.3689000e+02
   6.9749000e+01   1.0000000e+04   0.0000000e+00   8.5050000e+04   1.3946000e+02
   7.1053000e+01   1.0000000e+04   0.0000000e+00   8.5076000e+04   1.4206000e+02
   7.2382000e+01   1.0000000e+04   0.0000000e+00   8.5099000e+04   1.4472000e+02
   7.3736000e+01   1.0000000e+04   0.0000000e+00   8.5118000e+04   1.4743000e+02
   7.5116000e+01   1.0000000e+04   0.0000000e+00   8.5131000e+04   1.5019000e+02
   7.6521000e+01   1.0000000e+04   0.0000000e+00   8.5138000e+04   1.5300000e+02
   7.7952000e+01   1.0000000e+04   0.0000000e+00   8.5140000e+04   1.5586000e+02
   7.9411000e+01   1.0000000e+04   0.0000000e+00   8.5136000e+04   1.5877000e+02
   8.0896000e+01   1.0000000e+04   0.0000000e+00   8.5129000e+04   1.6174000e+02
   8.2410000e+01   1.0000000e+04   0.0000000e+00   8.5120000e+04   1.6477000e+02
   8.3951000e+01   1.0000000e+04   0.0000000e+00   8.5108000e+04   1.6785000e+02
   8.5522000e+01   1.0000000e+04   0.0000000e+00   8.5097000e+04   1.7099000e+02
   8.7121000e+01   1.0000000e+04   0.0000000e+00   8.5086000e+04   1.7419000e+02
   8.8751000e+01   1.0000000e+04   0.0000000e+00   8.5075000e+04   1.7745000e+02
   9.0411000e+01   1.0000000e+04   0.0000000e+00   8.5064000e+04   1.8077000e+02
   9.2103000e+01   1.0000000e+04   0.0000000e+00   8.5053000e+04   1.8415000e+02
   9.3826000e+01   1.0000000e+04   0.0000000e+00   8.5041000e+04   1.8759000e+02
   9.5581000e+01   1.0000000e+04   0.0000000e+00   8.5028000e+04   1.9110000e+02
   9.7369000e+01   1.0000000e+04   0.0000000e+00   8.5015000e+04   1.9468000e+02
   9.9190000e+01   1.0000000e+04   0.0000000e+00   8.5002000e+04   1.9832000e+02
   1.0105000e+02   1.0000000e+04   0.0000000e+00   8.4988000e+04   2.0204000e+02
   1.0294000e+02   1.0000000e+04   0.0000000e+00   8.4976000e+04   2.0582000e+02
   1.0486000e+02   1.0000000e+04   0.0000000e+00   8.4965000e+04   2.0966000e+02
   1.0682000e+02   1.0000000e+04   0.0000000e+00   8.4957000e+04   2.1357000e+02
   1.0882000e+02   1.0000000e+04   0.0000000e+00   8.4952000e+04   2.1757000e+02
   1.1086000e+02   1.0000000e+04   0.0000000e+00   8.4949000e+04   2.2165000e+02
   1.1293000e+02   1.0000000e+04   0.0000000e+00   8.4950000e+04   2.2579000e+02
   1.1504000e+02   1.0000000e+04   0.0000000e+00   8.4951000e+04   2.3001000e+02
   1.1720000e+02   1.0000000e+04   0.0000000e+00   8.4953000e+04   2.3433000e+02
   1.1939000e+02   1.0000000e+04   0.0000000e+00   8.4955000e+04   2.3871000e+02
   1.2162000e+02   1.0000000e+04   0.0000000e+00   8.4955000e+04   2.4316000e+02
   1.2390000e+02   1.0000000e+04   0.0000000e+00   8.4953000e+04   2.4772000e+02
   1.2621000e+02   1.0000000e+04   0.0000000e+00   8.4948000e+04   2.5234000e+02
   1.2858000e+02   1.0000000e+04   0.0000000e+00   8.4941000e+04   2.5708000e+02
   1.3098000e+02   1.0000000e+04   0.0000000e+00   8.4931000e+04   2.6188000e+02
   1.3343000e+02   1.0000000e+04   0.0000000e+00   8.4919000e+04   2.6678000e+02
   1.3593000e+02   1.0000000e+04   0.0000000e+00   8.4906000e+04   2.7177000e+02
   1.3847000e+02   1.0000000e+04   0.0000000e+00   8.4894000e+04   2.7685000e+02
   1.4106000e+02   1.0000000e+04   0.0000000e+00   8.4881000e+04   2.8203000e+02
   1.4370000e+02   1.0000000e+04   0.0000000e+00   8.4869000e+04   2.8731000e+02
   1.4639000e+02   1.0000000e+04   0.0000000e+00   8.4859000e+04   2.9269000e+02
   1.4913000e+02   1.0000000e+04   0.0000000e+00   8.4849000e+04   2.9817000e+02
   1.5192000e+02   1.0000000e+04   0.0000000e+00   8.4840000e+04   3.0374000e+02
   1.5476000e+02   1.0000000e+04   0.0000000e+00   8.4832000e+04   3.0942000e+02
   1.5765000e+02   1.0000000e+04   0.0000000e+00   8.4824000e+04   3.1520000e+02
   1.6060000e+02   1.0000000e+04   0.0000000e+00   8.4816000e+04   3.2110000e+02
   1.6361000e+02   1.0000000e+04   0.0000000e+00   8.4808000e+04   3.2712000e+02
   1.6667000e+02   1.0000000e+04   0.0000000e+00   8.4800000e+04   3.3323000e+02
   1.6978000e+02   1.0000000e+04   0.0000000e+00   8.4792000e+04   3.3945000e+02
   1.7296000e+02   1.0000000e+04   0.0000000e+00   8.4785000e+04   3.4581000e+02
   1.7620000e+02   1.0000000e+04   0.0000000e+00   8.4778000e+04   3.5229000e+02
   1.7949000e+02   1.0000000e+04   0.0000000e+00   8.4771000e+04   3.5886000e+02
   1.8285000e+02   1.0000000e+04   0.0000000e+00   8.4763000e+04   3.6558000e+02
   1.8627000e+02   1.0000000e+04   0.0000000e+00   8.4756000e+04   3.7242000e+02
   1.8975000e+02   1.0000000e+04   0.0000000e+00   8.4748000e+04   3.7938000e+02
   1.9330000e+02   1.0000000e+04   0.0000000e+00   8.4740000e+04   3.8647000e+02
   1.9692000e+02   1.0000000e+04   0.0000000e+00   8.4730000e+04   3.9371000e+02
   2.0060000e+02   1.0000000e+04   0.0000000e+00   8.4719000e+04   4.0107000e+02
   2.0436000e+02   1.0000000e+04   0.0000000e+00   8.4708000e+04   4.0858000e+02
   2.0818000e+02   1.0000000e+04   0.0000000e+00   8.4696000e+04   4.1622000e+02
   2.1207000e+02   1.0000000e+04   0.0000000e+00   8.4686000e+04   4.2400000e+02
   2.1604000e+02   1.0000000e+04   0.0000000e+00   8.4677000e+04   4.3193000e+02
   2.2008000e+02   1.0000000e+04   0.0000000e+00   8.4671000e+04   4.4001000e+02
   2.2420000e+02   1.0000000e+04   0.0000000e+00   8.4668000e+04   4.4825000e+02
   2.2839000e+02   1.0000000e+04   0.0000000e+00   8.4669000e+04   4.5662000e+02
   2.3267000e+02   1.0000000e+04   0.0000000e+00   8.4674000e+04   4.6518000e+02
   2.3702000e+02   1.0000000e+04   0.0000000e+00   8.4684000e+04   4.7388000e+02
   2.4145000e+02   1.0000000e+04   0.0000000e+00   8.4696000e+04   4.8273000e+02
   2.4597000e+02   1.0000000e+04   0.0000000e+00   8.4710000e+04   4.9177000e+02
   2.5057000e+02   1.0000000e+04   0.0000000e+00   8.4725000e+04   5.0096000e+02
   2.5526000e+02   1.0000000e+04   0.0000000e+00   8.4739000e+04   5.1034000e+02
   2.6003000e+02   1.0000000e+04   0.0000000e+00   8.4750000e+04   5.1988000e+02
   2.6490000e+02   1.0000000e+04   0.0000000e+00   8.4758000e+04   5.2961000e+02
   2.6985000e+02   1.0000000e+04   0.0000000e+00   8.4761000e+04   5.3951000e+02
   2.7490000e+02   1.0000000e+04   0.0000000e+00   8.4759000e+04   5.4960000e+02
   2.8004000e+02   1.0000000e+04   0.0000000e+00   8.4753000e+04   5.5988000e+02
   2.8528000e+02   1.0000000e+04   0.0000000e+00   8.4742000e+04   5.7035000e+02
   2.9062000e+02   1.0000000e+04   0.0000000e+00   8.4729000e+04   5.8103000e+02
   2.9605000e+02   1.0000000e+04   0.0000000e+00   8.4714000e+04   5.9188000e+02
   3.0159000e+02   1.0000000e+04   0.0000000e+00   8.4699000e+04   6.0295000e+02
   3.0723000e+02   1.0000000e+04   0.0000000e+00   8.4685000e+04   6.1423000e+02
   3.1298000e+02   1.0000000e+04   0.0000000e+00   8.4673000e+04   6.2572000e+02
   3.1884000e+02   1.0000000e+04   0.0000000e+00   8.4662000e+04   6.3743000e+02
   3.2480000e+02   1.0000000e+04   0.0000000e+00   8.4655000e+04   6.4935000e+02
   3.3088000e+02   1.0000000e+04   0.0000000e+00   8.4650000e+04   6.6150000e+02
   3.3707000e+02   1.0000000e+04   0.0000000e+00   8.4646000e+04   6.7387000e+02
   3.4337000e+02   1.0000000e+04   0.0000000e+00   8.4644000e+04   6.8647000e+02
   3.4979000e+02   1.0000000e+04   0.0000000e+00   8.4643000e+04   6.9930000e+02
   3.5634000e+02   1.0000000e+04   0.0000000e+00   8.4642000e+04   7.1239000e+02
   3.6300000e+02   1.0000000e+04   0.0000000e+00   8.4641000e+04   7.2570000e+02
   3.6979000e+02   1.0000000e+04   0.0000000e+00   8.4638000e+04   7.3927000e+02
   3.7671000e+02   1.0000000e+04   0.0000000e+00   8.4635000e+04   7.5310000e+02
   3.8376000e+02   1.0000000e+04   0.0000000e+00   8.4631000e+04   7.6719000e+02
   3.9094000e+02   1.0000000e+04   0.0000000e+00   8.4626000e+04   7.8154000e+02
   3.9825000e+02   1.0000000e+04   0.0000000e+00   8.4621000e+04   7.9615000e+02
   4.0570000e+02   1.0000000e+04   0.0000000e+00   8.4615000e+04   8.1104000e+02
   4.1329000e+02   1.0000000e+04   0.0000000e+00   8.4608000e+04   8.2621000e+02
   4.2102000e+02   1.0000000e+04   0.0000000e+00   8.4602000e+04   8.4166000e+02
   4.2890000e+02   1.0000000e+04   0.0000000e+00   8.4595000e+04   8.5741000e+02
   4.3692000e+02   1.0000000e+04   0.0000000e+00   8.4589000e+04   8.7344000e+02
   4.4509000e+02   1.0000000e+04   0.0000000e+00   8.4582000e+04   8.8976000e+02
   4.5342000e+02   1.0000000e+04   0.0000000e+00   8.4576000e+04   9.0641000e+02
   4.6190000e+02   1.0000000e+04   0.0000000e+00   8.4570000e+04   9.2336000e+02
   4.7054000e+02   1.0000000e+04   0.0000000e+00   8.4565000e+04   9.4062000e+02
   4.7935000e+02   1.0000000e+04   0.0000000e+00   8.4561000e+04   9.5823000e+02
   4.8831000e+02   1.0000000e+04   0.0000000e+00   8.4557000e+04   9.7613000e+02
   4.9745000e+02   1.0000000e+04   0.0000000e+00   8.4554000e+04   9.9439000e+02
   5.0675000e+02   1.0000000e+04   0.0000000e+00   8.4552000e+04   1.0130000e+03
   5.1623000e+02   1.0000000e+04   0.0000000e+00   8.4550000e+04   1.0319000e+03
   5.2589000e+02   1.0000000e+04   0.0000000e+00   8.4549000e+04   1.0512000e+03
   5.3573000e+02   1.0000000e+04   0.0000000e+00   8.4548000e+04   1.0709000e+03
   5.4575000e+02   1.0000000e+04   0.0000000e+00   8.4546000e+04   1.0909000e+03
   5.5596000e+02   1.0000000e+04   0.0000000e+00   8.4544000e+04   1.1113000e+03
   5.6636000e+02   1.0000000e+04   0.0000000e+00   8.4541000e+04   1.1321000e+03
   5.7695000e+02   1.0000000e+04   0.0000000e+00   8.4537000e+04   1.1532000e+03
   5.8775000e+02   1.0000000e+04   0.0000000e+00   8.4532000e+04   1.1748000e+03
   5.9874000e+02   1.0000000e+04   0.0000000e+00   8.4526000e+04   1.1968000e+03
   6.0994000e+02   1.0000000e+04   0.0000000e+00   8.4519000e+04   1.2191000e+03
   6.2135000e+02   1.0000000e+04   0.0000000e+00   8.4511000e+04   1.2419000e+03
   6.3297000e+02   1.0000000e+04   0.0000000e+00   8.4503000e+04   1.2651000e+03
   6.4482000e+02   1.0000000e+04   0.0000000e+00   8.4495000e+04   1.2888000e+03
   6.5688000e+02   1.0000000e+04   0.0000000e+00   8.4486000e+04   1.3129000e+03
   6.6917000e+02   1.0000000e+04   0.0000000e+00   8.4478000e+04   1.3374000e+03
   6.8168000e+02   1.0000000e+04   0.0000000e+00   8.4470000e+04   1.3624000e+03
   6.9444000e+02   1.0000000e+04   0.0000000e+00   8.4462000e+04   1.3879000e+03
   7.0743000e+02   1.0000000e+04   0.0000000e+00   8.4454000e+04   1.4138000e+03
   7.2066000e+02   1.0000000e+04   0.0000000e+00   8.4446000e+04   1.4402000e+03
   7.3414000e+02   1.0000000e+04   0.0000000e+00   8.4438000e+04   1.4672000e+03
   7.4787000e+02   1.0000000e+04   0.0000000e+00   8.4429000e+04   1.4946000e+03
   7.6186000e+02   1.0000000e+04   0.0000000e+00   8.4420000e+04   1.5225000e+03
   7.7612000e+02   1.0000000e+04   0.0000000e+00   8.4411000e+04   1.5510000e+03
   7.9063000e+02   1.0000000e+04   0.0000000e+00   8.4402000e+04   1.5799000e+03
   8.0543000e+02   1.0000000e+04   0.0000000e+00   8.4392000e+04   1.6095000e+03
   8.2049000e+02   1.0000000e+04   0.0000000e+00   8.4382000e+04   1.6395000e+03
   8.3584000e+02   1.0000000e+04   0.0000000e+00   8.4372000e+04   1.6702000e+03
   8.5148000e+02   1.0000000e+04   0.0000000e+00   8.4361000e+04   1.7014000e+03
   8.6740000e+02   1.0000000e+04   0.0000000e+00   8.4351000e+04   1.7332000e+03
   8.8363000e+02   1.0000000e+04   0.0000000e+00   8.4341000e+04   1.7655000e+03
   9.0016000e+02   1.0000000e+04   0.0000000e+00   8.4332000e+04   1.7985000e+03
   9.1700000e+02   1.0000000e+04   0.0000000e+00   8.4322000e+04   1.8321000e+03
   9.3415000e+02   1.0000000e+04   0.0000000e+00   8.4313000e+04   1.8663000e+03
   9.5163000e+02   1.0000000e+04   0.0000000e+00   8.4304000e+04   1.9012000e+03
   9.6943000e+02   1.0000000e+04   0.0000000e+00   8.4295000e+04   1.9367000e+03
   9.8757000e+02   1.0000000e+04   0.0000000e+00   8.4287000e+04   1.9729000e+03
   1.0060000e+03   1.0000000e+04   0.0000000e+00   8.4278000e+04   2.0096000e+03
   1.0249000e+03   1.0000000e+04   0.0000000e+00   8.4269000e+04   2.0473000e+03
   1.0440000e+03   1.0000000e+04   0.0000000e+00   8.4260000e+04   2.0854000e+03
   1.0636000e+03   1.0000000e+04   0.0000000e+00   8.4250000e+04   2.1245000e+03
   1.0835000e+03   1.0000000e+04   0.0000000e+00   8.4240000e+04   2.1642000e+03
   1.1037000e+03   1.0000000e+04   0.0000000e+00   8.4229000e+04   2.2044000e+03
   1.1244000e+03   1.0000000e+04   0.0000000e+00   8.4218000e+04   2.2457000e+03
   1.1454000e+03   1.0000000e+04   0.0000000e+00   8.4206000e+04   2.2875000e+03
   1.1668000e+03   1.0000000e+04   0.0000000e+00   8.4194000e+04   2.3302000e+03
   1.1887000e+03   1.0000000e+04   0.0000000e+00   8.4181000e+04   2.3738000e+03
   1.2109000e+03   1.0000000e+04   0.0000000e+00   8.4167000e+04   2.4180000e+03
   1.2335000e+03   1.0000000e+04   0.0000000e+00   8.4153000e+04   2.4630000e+03
   1.2566000e+03   1.0000000e+04   0.0000000e+00   8.4138000e+04   2.5090000e+03
   1.2801000e+03   1.0000000e+04   0.0000000e+00   8.4123000e+04   2.5558000e+03
   1.3041000e+03   1.0000000e+04   0.0000000e+00   8.4107000e+04   2.6036000e+03
   1.3285000e+03   1.0000000e+04   0.0000000e+00   8.4090000e+04   2.6522000e+03
   1.3533000e+03   1.0000000e+04   0.0000000e+00   8.4074000e+04   2.7015000e+03
   1.3786000e+03   1.0000000e+04   0.0000000e+00   8.4056000e+04   2.7519000e+03
   1.4044000e+03   1.0000000e+04   0.0000000e+00   8.4039000e+04   2.8032000e+03
   1.4307000e+03   1.0000000e+04   0.0000000e+00   8.4021000e+04   2.8555000e+03
   1.4575000e+03   1.0000000e+04   0.0000000e+00   8.4002000e+04   2.9088000e+03
   1.4847000e+03   1.0000000e+04   0.0000000e+00   8.3984000e+04   2.9629000e+03
   1.5125000e+03   1.0000000e+04   0.0000000e+00   8.3965000e+04   3.0181000e+03
   1.5408000e+03   1.0000000e+04   0.0000000e+00   8.3947000e+04   3.0744000e+03
   1.5696000e+03   1.0000000e+04   0.0000000e+00   8.3928000e+04   3.1316000e+03
   1.5990000e+03   1.0000000e+04   0.0000000e+00   8.3909000e+04   3.1900000e+03
   1.6289000e+03   1.0000000e+04   0.0000000e+00   8.3889000e+04   3.2494000e+03
   1.6594000e+03   1.0000000e+04   0.0000000e+00   8.3870000e+04   3.3099000e+03
   1.6904000e+03   1.0000000e+04   0.0000000e+00   8.3849000e+04   3.3715000e+03
   1.7220000e+03   1.0000000e+04   0.0000000e+00   8.3829000e+04   3.4342000e+03
   1.7542000e+03   1.0000000e+04   0.0000000e+00   8.3808000e+04   3.4981000e+03
   1.7871000e+03   1.0000000e+04   0.0000000e+00   8.3786000e+04   3.5633000e+03
   1.8205000e+03   1.0000000e+04   0.0000000e+00   8.3763000e+04   3.6295000e+03
   1.8545000e+03   1.0000000e+04   0.0000000e+00   8.3740000e+04   3.6969000e+03
   1.8892000e+03   1.0000000e+04   0.0000000e+00   8.3717000e+04   3.7657000e+03
   1.9246000e+03   1.0000000e+04   0.0000000e+00   8.3692000e+04   3.8358000e+03
   1.9606000e+03   1.0000000e+04   0.0000000e+00   8.3667000e+04   3.9071000e+03
   1.9973000e+03   1.0000000e+04   0.0000000e+00   8.3642000e+04   3.9797000e+03
   2.0346000e+03   1.0000000e+04   0.0000000e+00   8.3615000e+04   4.0535000e+03
   2.0727000e+03   1.0000000e+04   0.0000000e+00   8.3588000e+04   4.1289000e+03
   2.1115000e+03   1.0000000e+04   0.0000000e+00   8.3560000e+04   4.2056000e+03
   2.1510000e+03   1.0000000e+04   0.0000000e+00   8.3532000e+04   4.2836000e+03
   2.1912000e+03   1.0000000e+04   0.0000000e+00   8.3502000e+04   4.3630000e+03
   2.2322000e+03   1.0000000e+04   0.0000000e+00   8.3472000e+04   4.4440000e+03
   2.2739000e+03   1.0000000e+04   0.0000000e+00   8.3440000e+04   4.5262000e+03
   2.3165000e+03   1.0000000e+04   0.0000000e+00   8.3408000e+04   4.6103000e+03
   2.3598000e+03   1.0000000e+04   0.0000000e+00   8.3374000e+04   4.6956000e+03
   2.4040000e+03   1.0000000e+04   0.0000000e+00   8.3340000e+04   4.7827000e+03
   2.4489000e+03   1.0000000e+04   0.0000000e+00   8.3304000e+04   4.8711000e+03
   2.4947000e+03   1.0000000e+04   0.0000000e+00   8.3267000e+04   4.9613000e+03
   2.5414000e+03   1.0000000e+04   0.0000000e+00   8.3230000e+04   5.0531000e+03
   2.5889000e+03   1.0000000e+04   0.0000000e+00   8.3192000e+04   5.1465000e+03
   2.6374000e+03   1.0000000e+04   0.0000000e+00   8.3152000e+04   5.2418000e+03
   2.6867000e+03   1.0000000e+04   0.0000000e+00   8.3112000e+04   5.3385000e+03
   2.7370000e+03   1.0000000e+04   0.0000000e+00   8.3071000e+04   5.4372000e+03
   2.7882000e+03   1.0000000e+04   0.0000000e+00   8.3029000e+04   5.5376000e+03
   2.8403000e+03   1.0000000e+04   0.0000000e+00   8.2986000e+04   5.6396000e+03
   2.8935000e+03   1.0000000e+04   0.0000000e+00   8.2942000e+04   5.7438000e+03
   2.9476000e+03   1.0000000e+04   0.0000000e+00   8.2897000e+04   5.8496000e+03
   3.0027000e+03   1.0000000e+04   0.0000000e+00   8.2850000e+04   5.9573000e+03
   3.0589000e+03   1.0000000e+04   0.0000000e+00   8.2803000e+04   6.0670000e+03
   3.1161000e+03   1.0000000e+04   0.0000000e+00   8.2754000e+04   6.1786000e+03
   3.1744000e+03   1.0000000e+04   0.0000000e+00   8.2703000e+04   6.2922000e+03
   3.2338000e+03   1.0000000e+04   0.0000000e+00   8.2652000e+04   6.4078000e+03
   3.2943000e+03   1.0000000e+04   0.0000000e+00   8.2599000e+04   6.5255000e+03
   3.3559000e+03   1.0000000e+04   0.0000000e+00   8.2544000e+04   6.6452000e+03
   3.4187000e+03   1.0000000e+04   0.0000000e+00   8.2489000e+04   6.7671000e+03
   3.4826000e+03   1.0000000e+04   0.0000000e+00   8.2432000e+04   6.8910000e+03
   3.5478000e+03   1.0000000e+04   0.0000000e+00   8.2373000e+04   7.0173000e+03
   3.6142000e+03   1.0000000e+04   0.0000000e+00   8.2313000e+04   7.1457000e+03
   3.6818000e+03   1.0000000e+04   0.0000000e+00   8.2251000e+04   7.2763000e+03
   3.7506000e+03   1.0000000e+04   0.0000000e+00   8.2188000e+04   7.4090000e+03
   3.8208000e+03   1.0000000e+04   0.0000000e+00   8.2123000e+04   7.5443000e+03
   3.8923000e+03   1.0000000e+04   0.0000000e+00   8.2056000e+04   7.6818000e+03
   3.9651000e+03   1.0000000e+04   0.0000000e+00   8.1988000e+04   7.8217000e+03
   4.0393000e+03   1.0000000e+04   0.0000000e+00   8.1917000e+04   7.9640000e+03
   4.1148000e+03   1.0000000e+04   0.0000000e+00   8.1845000e+04   8.1086000e+03
   4.1918000e+03   1.0000000e+04   0.0000000e+00   8.1770000e+04   8.2559000e+03
   4.2702000e+03   1.0000000e+04   0.0000000e+00   8.1693000e+04   8.4056000e+03
   4.3501000e+03   1.0000000e+04   0.0000000e+00   8.1614000e+04   8.5578000e+03
   4.4315000e+03   1.0000000e+04   0.0000000e+00   8.1533000e+04   8.7127000e+03
   4.5144000e+03   1.0000000e+04   0.0000000e+00   8.1450000e+04   8.8701000e+03
   4.5988000e+03   1.0000000e+04   0.0000000e+00   8.1365000e+04   9.0300000e+03
   4.6848000e+03   1.0000000e+04   0.0000000e+00   8.1277000e+04   9.1927000e+03
   4.7725000e+03   1.0000000e+04   0.0000000e+00   8.1188000e+04   9.3582000e+03
   4.8618000e+03   1.0000000e+04   0.0000000e+00   8.1096000e+04   9.5263000e+03
   4.9527000e+03   1.0000000e+04   0.0000000e+00   8.1002000e+04   9.6971000e+03
   5.0454000e+03   1.0000000e+04   0.0000000e+00   8.0905000e+04   9.8709000e+03
   5.1397000e+03   1.0000000e+04   0.0000000e+00   8.0806000e+04   1.0047000e+04
   5.2359000e+03   1.0000000e+04   0.0000000e+00   8.0704000e+04   1.0227000e+04
   5.3338000e+03   1.0000000e+04   0.0000000e+00   8.0600000e+04   1.0409000e+04
   5.4336000e+03   1.0000000e+04   0.0000000e+00   8.0493000e+04   1.0594000e+04
   5.5353000e+03   1.0000000e+04   0.0000000e+00   8.0383000e+04   1.0782000e+04
   5.6388000e+03   1.0000000e+04   0.0000000e+00   8.0269000e+04   1.0973000e+04
   5.7443000e+03   1.0000000e+04   0.0000000e+00   8.0153000e+04   1.1167000e+04
   5.8517000e+03   1.0000000e+04   0.0000000e+00   8.0034000e+04   1.1364000e+04
   5.9612000e+03   1.0000000e+04   0.0000000e+00   7.9911000e+04   1.1564000e+04
   6.0727000e+03   1.0000000e+04   0.0000000e+00   7.9785000e+04   1.1767000e+04
   6.1863000e+03   1.0000000e+04   0.0000000e+00   7.9656000e+04   1.1973000e+04
   6.3021000e+03   1.0000000e+04   0.0000000e+00   7.9523000e+04   1.2183000e+04
   6.4199000e+03   1.0000000e+04   0.0000000e+00   7.9387000e+04   1.2395000e+04
   6.5400000e+03   1.0000000e+04   0.0000000e+00   7.9247000e+04   1.2611000e+04
   6.6624000e+03   1.0000000e+04   0.0000000e+00   7.9104000e+04   1.2829000e+04
   6.7870000e+03   1.0000000e+04   0.0000000e+00   7.8957000e+04   1.3051000e+04
   6.9140000e+03   1.0000000e+04   0.0000000e+00   7.8806000e+04   1.3276000e+04
   7.0433000e+03   1.0000000e+04   0.0000000e+00   7.8652000e+04   1.3504000e+04
   7.1751000e+03   1.0000000e+04   0.0000000e+00   7.8494000e+04   1.3736000e+04
   7.3093000e+03   1.0000000e+04   0.0000000e+00   7.8331000e+04   1.3970000e+04
   7.4460000e+03   1.0000000e+04   0.0000000e+00   7.8165000e+04   1.4208000e+04
   7.5853000e+03   1.0000000e+04   0.0000000e+00   7.7994000e+04   1.4449000e+04
   7.7272000e+03   1.0000000e+04   0.0000000e+00   7.7819000e+04   1.4693000e+04
   7.8718000e+03   1.0000000e+04   0.0000000e+00   7.7639000e+04   1.4940000e+04
   8.0190000e+03   1.0000000e+04   0.0000000e+00   7.7454000e+04   1.5190000e+04
   8.1690000e+03   1.0000000e+04   0.0000000e+00   7.7265000e+04   1.5444000e+04
   8.3218000e+03   1.0000000e+04   0.0000000e+00   7.7070000e+04   1.5700000e+04
   8.4775000e+03   1.0000000e+04   0.0000000e+00   7.6871000e+04   1.5960000e+04
   8.6361000e+03   1.0000000e+04   0.0000000e+00   7.6666000e+04   1.6223000e+04
   8.7977000e+03   1.0000000e+04   0.0000000e+00   7.6456000e+04   1.6489000e+04
   8.9622000e+03   1.0000000e+04   0.0000000e+00   7.6242000e+04   1.6757000e+04
   9.1299000e+03   1.0000000e+04   0.0000000e+00   7.6021000e+04   1.7029000e+04
   9.3007000e+03   1.0000000e+04   0.0000000e+00   7.5796000e+04   1.7304000e+04
   9.4747000e+03   1.0000000e+04   0.0000000e+00   7.5566000e+04   1.7581000e+04
   9.6519000e+03   1.0000000e+04   0.0000000e+00   7.5330000e+04   1.7862000e+04
   9.8325000e+03   1.0000000e+04   0.0000000e+00   7.5089000e+04   1.8145000e+04
   1.0016000e+04   1.0000000e+04   0.0000000e+00   7.4842000e+04   1.8430000e+04
   1.0204000e+04   1.0000000e+04   0.0000000e+00   7.4591000e+04   1.8720000e+04
   1.0395000e+04   1.0000000e+04   0.0000000e+00   7.4334000e+04   1.9011000e+04
   1.0589000e+04   1.0000000e+04   0.0000000e+00   7.4071000e+04   1.9303000e+04
   1.0787000e+04   1.0000000e+04   0.0000000e+00   7.3803000e+04   1.9599000e+04
   1.0989000e+04   1.0000000e+04   0.0000000e+00   7.3529000e+04   1.9897000e+04
   1.1195000e+04   1.0000000e+04   0.0000000e+00   7.3249000e+04   2.0198000e+04
   1.1404000e+04   1.0000000e+04   0.0000000e+00   7.2963000e+04   2.0500000e+04
   1.1617000e+04   1.0000000e+04   0.0000000e+00   7.2671000e+04   2.0804000e+04
   1.1835000e+04   1.0000000e+04   0.0000000e+00   7.2373000e+04   2.1111000e+04
   1.2056000e+04   1.0000000e+04   0.0000000e+00   7.2068000e+04   2.1418000e+04
   1.2282000e+04   1.0000000e+04   0.0000000e+00   7.1757000e+04   2.1728000e+04
   1.2511000e+04   1.0000000e+04   0.0000000e+00   7.1439000e+04   2.2037000e+04
   1.2745000e+04   1.0000000e+04   0.0000000e+00   7.1114000e+04   2.2349000e+04
   1.2984000e+04   1.0000000e+04   0.0000000e+00   7.0783000e+04   2.2663000e+04
   1.3227000e+04   1.0000000e+04   0.0000000e+00   7.0445000e+04   2.2976000e+04
   1.3474000e+04   1.0000000e+04   0.0000000e+00   7.0101000e+04   2.3290000e+04
   1.3726000e+04   1.0000000e+04   0.0000000e+00   6.9750000e+04   2.3605000e+04
   1.3983000e+04   1.0000000e+04   0.0000000e+00   6.9392000e+04   2.3921000e+04
   1.4244000e+04   1.0000000e+04   0.0000000e+00   6.9027000e+04   2.4235000e+04
   1.4511000e+04   1.0000000e+04   0.0000000e+00   6.8656000e+04   2.4551000e+04
   1.4782000e+04   1.0000000e+04   0.0000000e+00   6.8278000e+04   2.4865000e+04
   1.5059000e+04   1.0000000e+04   0.0000000e+00   6.7893000e+04   2.5180000e+04
   1.5341000e+04   1.0000000e+04   0.0000000e+00   6.7502000e+04   2.5494000e+04
   1.5628000e+04   1.0000000e+04   0.0000000e+00   6.7104000e+04   2.5806000e+04
   1.5920000e+04   1.0000000e+04   0.0000000e+00   6.6700000e+04   2.6117000e+04
   1.6218000e+04   1.0000000e+04   0.0000000e+00   6.6289000e+04   2.6427000e+04
   1.6521000e+04   1.0000000e+04   0.0000000e+00   6.5872000e+04   2.6734000e+04
   1.6830000e+04   1.0000000e+04   0.0000000e+00   6.5448000e+04   2.7039000e+04
   1.7145000e+04   1.0000000e+04   0.0000000e+00   6.5018000e+04   2.7342000e+04
   1.7466000e+04   1.0000000e+04   0.0000000e+00   6.4581000e+04   2.7643000e+04
   1.7792000e+04   1.0000000e+04   0.0000000e+00   6.4138000e+04   2.7939000e+04
   1.8125000e+04   1.0000000e+04   0.0000000e+00   6.3688000e+04   2.8233000e+04
   1.8464000e+04   1.0000000e+04   0.0000000e+00   6.3232000e+04   2.8523000e+04
   1.8810000e+04   1.0000000e+04   0.0000000e+00   6.2769000e+04   2.8810000e+04
   1.9162000e+04   1.0000000e+04   0.0000000e+00   6.2300000e+04   2.9092000e+04
   1.9520000e+04   1.0000000e+04   0.0000000e+00   6.1825000e+04   2.9369000e+04
   1.9885000e+04   1.0000000e+04   0.0000000e+00   6.1344000e+04   2.9641000e+04
   2.0257000e+04   1.0000000e+04   0.0000000e+00   6.0857000e+04   2.9908000e+04
   2.0636000e+04   1.0000000e+04   0.0000000e+00   6.0365000e+04   3.0170000e+04
   2.1022000e+04   1.0000000e+04   0.0000000e+00   5.9866000e+04   3.0425000e+04
   2.1415000e+04   1.0000000e+04   0.0000000e+00   5.9362000e+04   3.0675000e+04
   2.1816000e+04   1.0000000e+04   0.0000000e+00   5.8853000e+04   3.0918000e+04
   2.2224000e+04   1.0000000e+04   0.0000000e+00   5.8339000e+04   3.1153000e+04
   2.2640000e+04   1.0000000e+04   0.0000000e+00   5.7819000e+04   3.1382000e+04
   2.3063000e+04   1.0000000e+04   0.0000000e+00   5.7295000e+04   3.1603000e+04
   2.3495000e+04   1.0000000e+04   0.0000000e+00   5.6766000e+04   3.1816000e+04
   2.3934000e+04   1.0000000e+04   0.0000000e+00   5.6233000e+04   3.2021000e+04
   2.4382000e+04   1.0000000e+04   0.0000000e+00   5.5695000e+04   3.2217000e+04
   2.4838000e+04   1.0000000e+04   0.0000000e+00   5.5154000e+04   3.2405000e+04
   2.5303000e+04   1.0000000e+04   0.0000000e+00   5.4608000e+04   3.2584000e+04
   2.5776000e+04   1.0000000e+04   0.0000000e+00   5.4059000e+04   3.2753000e+04
   2.6258000e+04   1.0000000e+04   0.0000000e+00   5.3507000e+04   3.2913000e+04
   2.6750000e+04   1.0000000e+04   0.0000000e+00   5.2952000e+04   3.3063000e+04
   2.7250000e+04   1.0000000e+04   0.0000000e+00   5.2394000e+04   3.3202000e+04
   2.7760000e+04   1.0000000e+04   0.0000000e+00   5.1833000e+04   3.3332000e+04
   2.8279000e+04   1.0000000e+04   0.0000000e+00   5.1270000e+04   3.3451000e+04
   2.8808000e+04   1.0000000e+04   0.0000000e+00   5.0705000e+04   3.3559000e+04
   2.9347000e+04   1.0000000e+04   0.0000000e+00   5.0137000e+04   3.3656000e+04
   2.9896000e+04   1.0000000e+04   0.0000000e+00   4.9568000e+04   3.3743000e+04
   3.0455000e+04   1.0000000e+04   0.0000000e+00   4.8998000e+04   3.3818000e+04
   3.1025000e+04   1.0000000e+04   0.0000000e+00   4.8426000e+04   3.3881000e+04
   3.1605000e+04   1.0000000e+04   0.0000000e+00   4.7854000e+04   3.3934000e+04
   3.2197000e+04   1.0000000e+04   0.0000000e+00   4.7280000e+04   3.3974000e+04
   3.2799000e+04   1.0000000e+04   0.0000000e+00   4.6706000e+04   3.4004000e+04
   3.3412000e+04   1.0000000e+04   0.0000000e+00   4.6132000e+04   3.4021000e+04
   3.4037000e+04   1.0000000e+04   0.0000000e+00   4.5557000e+04   3.4027000e+04
   3.4674000e+04   1.0000000e+04   0.0000000e+00   4.4984000e+04   3.4020000e+04
   3.5323000e+04   1.0000000e+04   0.0000000e+00   4.4414000e+04   3.4001000e+04
   3.5984000e+04   1.0000000e+04   0.0000000e+00   4.3837000e+04   3.3974000e+04
   3.6657000e+04   1.0000000e+04   0.0000000e+00   4.3265000e+04   3.3939000e+04
   3.7342000e+04   1.0000000e+04   0.0000000e+00   4.2695000e+04   3.3899000e+04
   3.8041000e+04   1.0000000e+04   0.0000000e+00   4.2130000e+04   3.3847000e+04
   3.8753000e+04   1.0000000e+04   0.0000000e+00   4.1560000e+04   3.3788000e+04
   3.9478000e+04   1.0000000e+04   0.0000000e+00   4.0995000e+04   3.3725000e+04
   4.0216000e+04   1.0000000e+04   0.0000000e+00   4.0435000e+04   3.3654000e+04
   4.0968000e+04   1.0000000e+04   0.0000000e+00   3.9878000e+04   3.3573000e+04
   4.1735000e+04   1.0000000e+04   0.0000000e+00   3.9320000e+04   3.3483000e+04
   4.2515000e+04   1.0000000e+04   0.0000000e+00   3.8769000e+04   3.3390000e+04
   4.3311000e+04   1.0000000e+04   0.0000000e+00   3.8216000e+04   3.3286000e+04
   4.4121000e+04   1.0000000e+04   0.0000000e+00   3.7673000e+04   3.3177000e+04
   4.4946000e+04   1.0000000e+04   0.0000000e+00   3.7129000e+04   3.3063000e+04
   4.5787000e+04   1.0000000e+04   0.0000000e+00   3.6591000e+04   3.2940000e+04
   4.6644000e+04   1.0000000e+04   0.0000000e+00   3.6054000e+04   3.2808000e+04
   4.7516000e+04   1.0000000e+04   0.0000000e+00   3.5524000e+04   3.2672000e+04
   4.8405000e+04   1.0000000e+04   0.0000000e+00   3.4994000e+04   3.2530000e+04
   4.9311000e+04   1.0000000e+04   0.0000000e+00   3.4472000e+04   3.2381000e+04
   5.0233000e+04   1.0000000e+04   0.0000000e+00   3.3954000e+04   3.2227000e+04
   5.1173000e+04   1.0000000e+04   0.0000000e+00   3.3443000e+04   3.2066000e+04
   5.2130000e+04   1.0000000e+04   0.0000000e+00   3.2935000e+04   3.1902000e+04
   5.3105000e+04   1.0000000e+04   0.0000000e+00   3.2435000e+04   3.1728000e+04
   5.4099000e+04   1.0000000e+04   0.0000000e+00   3.1938000e+04   3.1554000e+04
   5.5111000e+04   1.0000000e+04   0.0000000e+00   3.1447000e+04   3.1372000e+04
   5.6141000e+04   1.0000000e+04   0.0000000e+00   3.0963000e+04   3.1182000e+04
   5.7192000e+04   1.0000000e+04   0.0000000e+00   3.0481000e+04   3.0993000e+04
   5.8262000e+04   1.0000000e+04   0.0000000e+00   3.0013000e+04   3.0792000e+04
   5.9351000e+04   1.0000000e+04   0.0000000e+00   2.9544000e+04   3.0597000e+04
   6.0462000e+04   1.0000000e+04   0.0000000e+00   2.9084000e+04   3.0388000e+04
   6.1593000e+04   1.0000000e+04   0.0000000e+00   2.8630000e+04   3.0178000e+04
   6.2745000e+04   1.0000000e+04   0.0000000e+00   2.8178000e+04   2.9968000e+04
   6.3919000e+04   1.0000000e+04   0.0000000e+00   2.7735000e+04   2.9755000e+04
   6.5114000e+04   1.0000000e+04   0.0000000e+00   2.7299000e+04   2.9537000e+04
   6.6332000e+04   1.0000000e+04   0.0000000e+00   2.6867000e+04   2.9315000e+04
   6.7573000e+04   1.0000000e+04   0.0000000e+00   2.6444000e+04   2.9088000e+04
   6.8837000e+04   1.0000000e+04   0.0000000e+00   2.6028000e+04   2.8862000e+04
   7.0125000e+04   1.0000000e+04   0.0000000e+00   2.5618000e+04   2.8632000e+04
   7.1437000e+04   1.0000000e+04   0.0000000e+00   2.5212000e+04   2.8398000e+04
   7.2773000e+04   1.0000000e+04   0.0000000e+00   2.4818000e+04   2.8161000e+04
   7.4135000e+04   1.0000000e+04   0.0000000e+00   2.4424000e+04   2.7930000e+04
   7.5521000e+04   1.0000000e+04   0.0000000e+00   2.4039000e+04   2.7691000e+04
   7.6934000e+04   1.0000000e+04   0.0000000e+00   2.3657000e+04   2.7451000e+04
   7.8373000e+04   1.0000000e+04   0.0000000e+00   2.3286000e+04   2.7209000e+04
   7.9840000e+04   1.0000000e+04   0.0000000e+00   2.2921000e+04   2.6968000e+04
   8.1333000e+04   1.0000000e+04   0.0000000e+00   2.2559000e+04   2.6723000e+04
   8.2855000e+04   1.0000000e+04   0.0000000e+00   2.2204000e+04   2.6481000e+04
   8.4404000e+04   1.0000000e+04   0.0000000e+00   2.1855000e+04   2.6236000e+04
   8.5983000e+04   1.0000000e+04   0.0000000e+00   2.1516000e+04   2.5993000e+04
   8.7592000e+04   1.0000000e+04   0.0000000e+00   2.1181000e+04   2.5747000e+04
   8.9230000e+04   1.0000000e+04   0.0000000e+00   2.0854000e+04   2.5503000e+04
   9.0900000e+04   1.0000000e+04   0.0000000e+00   2.0531000e+04   2.5258000e+04
   9.2600000e+04   1.0000000e+04   0.0000000e+00   2.0212000e+04   2.5013000e+04
   9.4332000e+04   1.0000000e+04   0.0000000e+00   1.9901000e+04   2.4769000e+04
   9.6097000e+04   1.0000000e+04   0.0000000e+00   1.9596000e+04   2.4524000e+04
   9.7895000e+04   1.0000000e+04   0.0000000e+00   1.9296000e+04   2.4278000e+04
   9.9726000e+04   1.0000000e+04   0.0000000e+00   1.9001000e+04   2.4036000e+04
   1.0159000e+05   1.0000000e+04   0.0000000e+00   1.8713000e+04   2.3791000e+04
   1.0349000e+05   1.0000000e+04   0.0000000e+00   1.8427000e+04   2.3551000e+04
   1.0543000e+05   1.0000000e+04   0.0000000e+00   1.8149000e+04   2.3307000e+04
   1.0740000e+05   1.0000000e+04   0.0000000e+00   1.7877000e+04   2.3069000e+04
   1.0941000e+05   1.0000000e+04   0.0000000e+00   1.7609000e+04   2.2831000e+04
   1.1146000e+05   1.0000000e+04   0.0000000e+00   1.7345000e+04   2.2592000e+04
   1.1354000e+05   1.0000000e+04   0.0000000e+00   1.7090000e+04   2.2357000e+04
   1.1566000e+05   1.0000000e+04   0.0000000e+00   1.6836000e+04   2.2123000e+04
   1.1783000e+05   1.0000000e+04   0.0000000e+00   1.6588000e+04   2.1886000e+04
   1.2003000e+05   1.0000000e+04   0.0000000e+00   1.6343000e+04   2.1654000e+04
   1.2228000e+05   1.0000000e+04   0.0000000e+00   1.6105000e+04   2.1422000e+04
   1.2457000e+05   1.0000000e+04   0.0000000e+00   1.5870000e+04   2.1193000e+04
   1.2690000e+05   1.0000000e+04   0.0000000e+00   1.5640000e+04   2.0965000e+04
   1.2927000e+05   1.0000000e+04   0.0000000e+00   1.5413000e+04   2.0741000e+04
   1.3169000e+05   1.0000000e+04   0.0000000e+00   1.5191000e+04   2.0517000e+04
   1.3415000e+05   1.0000000e+04   0.0000000e+00   1.4974000e+04   2.0295000e+04
   1.3666000e+05   1.0000000e+04   0.0000000e+00   1.4761000e+04   2.0075000e+04
   1.3922000e+05   1.0000000e+04   0.0000000e+00   1.4551000e+04   1.9854000e+04
   1.4182000e+05   1.0000000e+04   0.0000000e+00   1.4344000e+04   1.9640000e+04
   1.4447000e+05   1.0000000e+04   0.0000000e+00   1.4142000e+04   1.9425000e+04
   1.4718000e+05   1.0000000e+04   0.0000000e+00   1.3946000e+04   1.9212000e+04
   1.4993000e+05   1.0000000e+04   0.0000000e+00   1.3751000e+04   1.9002000e+04
   1.5274000e+05   1.0000000e+04   0.0000000e+00   1.3558000e+04   1.8793000e+04
   1.5559000e+05   1.0000000e+04   0.0000000e+00   1.3372000e+04   1.8588000e+04
   1.5850000e+05   1.0000000e+04   0.0000000e+00   1.3186000e+04   1.8385000e+04
   1.6147000e+05   1.0000000e+04   0.0000000e+00   1.3005000e+04   1.8180000e+04
   1.6449000e+05   1.0000000e+04   0.0000000e+00   1.2824000e+04   1.7982000e+04
   1.6757000e+05   1.0000000e+04   0.0000000e+00   1.2648000e+04   1.7783000e+04
   1.7070000e+05   1.0000000e+04   0.0000000e+00   1.2476000e+04   1.7588000e+04
   1.7389000e+05   1.0000000e+04   0.0000000e+00   1.2307000e+04   1.7395000e+04
   1.7715000e+05   1.0000000e+04   0.0000000e+00   1.2139000e+04   1.7202000e+04
   1.8046000e+05   1.0000000e+04   0.0000000e+00   1.1975000e+04   1.7013000e+04
   1.8384000e+05   1.0000000e+04   0.0000000e+00   1.1813000e+04   1.6825000e+04
   1.8727000e+05   1.0000000e+04   0.0000000e+00   1.1653000e+04   1.6642000e+04
   1.9078000e+05   1.0000000e+04   0.0000000e+00   1.1497000e+04   1.6457000e+04
   1.9435000e+05   1.0000000e+04   0.0000000e+00   1.1342000e+04   1.6275000e+04
   1.9798000e+05   1.0000000e+04   0.0000000e+00   1.1191000e+04   1.6096000e+04
   2.0169000e+05   1.0000000e+04   0.0000000e+00   1.1041000e+04   1.5919000e+04
   2.0546000e+05   1.0000000e+04   0.0000000e+00   1.0893000e+04   1.5744000e+04
   2.0930000e+05   1.0000000e+04   0.0000000e+00   1.0750000e+04   1.5570000e+04
   2.1322000e+05   1.0000000e+04   0.0000000e+00   1.0606000e+04   1.5399000e+04
   2.1721000e+05   1.0000000e+04   0.0000000e+00   1.0463000e+04   1.5230000e+04
   2.2127000e+05   1.0000000e+04   0.0000000e+00   1.0325000e+04   1.5064000e+04
   2.2541000e+05   1.0000000e+04   0.0000000e+00   1.0190000e+04   1.4897000e+04
   2.2963000e+05   1.0000000e+04   0.0000000e+00   1.0053000e+04   1.4734000e+04
   2.3392000e+05   1.0000000e+04   0.0000000e+00   9.9204000e+03   1.4572000e+04
   2.3830000e+05   1.0000000e+04   0.0000000e+00   9.7894000e+03   1.4412000e+04
   2.4275000e+05   1.0000000e+04   0.0000000e+00   9.6602000e+03   1.4255000e+04
   2.4730000e+05   1.0000000e+04   0.0000000e+00   9.5319000e+03   1.4099000e+04
   2.5192000e+05   1.0000000e+04   0.0000000e+00   9.4063000e+03   1.3945000e+04
   2.5663000e+05   1.0000000e+04   0.0000000e+00   9.2805000e+03   1.3792000e+04
   2.6144000e+05   1.0000000e+04   0.0000000e+00   9.1592000e+03   1.3640000e+04
   2.6633000e+05   1.0000000e+04   0.0000000e+00   9.0377000e+03   1.3492000e+04
   2.7131000e+05   1.0000000e+04   0.0000000e+00   8.9179000e+03   1.3344000e+04
   2.7638000e+05   1.0000000e+04   0.0000000e+00   8.8011000e+03   1.3199000e+04
   2.8155000e+05   1.0000000e+04   0.0000000e+00   8.6835000e+03   1.3056000e+04
   2.8682000e+05   1.0000000e+04   0.0000000e+00   8.5670000e+03   1.2914000e+04
   2.9219000e+05   1.0000000e+04   0.0000000e+00   8.4532000e+03   1.2773000e+04
   2.9765000e+05   1.0000000e+04   0.0000000e+00   8.3403000e+03   1.2634000e+04
   3.0322000e+05   1.0000000e+04   0.0000000e+00   8.2291000e+03   1.2496000e+04
   3.0889000e+05   1.0000000e+04   0.0000000e+00   8.1191000e+03   1.2360000e+04
   3.1467000e+05   1.0000000e+04   0.0000000e+00   8.0099000e+03   1.2226000e+04
   3.2056000e+05   1.0000000e+04   0.0000000e+00   7.9018000e+03   1.2093000e+04
   3.2655000e+05   1.0000000e+04   0.0000000e+00   7.7959000e+03   1.1961000e+04
   3.3266000e+05   1.0000000e+04   0.0000000e+00   7.6904000e+03   1.1831000e+04
   3.3889000e+05   1.0000000e+04   0.0000000e+00   7.5855000e+03   1.1701000e+04
   3.4522000e+05   1.0000000e+04   0.0000000e+00   7.4828000e+03   1.1575000e+04
   3.5168000e+05   1.0000000e+04   0.0000000e+00   7.3809000e+03   1.1448000e+04
   3.5826000e+05   1.0000000e+04   0.0000000e+00   7.2803000e+03   1.1323000e+04
   3.6496000e+05   1.0000000e+04   0.0000000e+00   7.1815000e+03   1.1198000e+04
   3.7179000e+05   1.0000000e+04   0.0000000e+00   7.0823000e+03   1.1076000e+04
   3.7875000e+05   1.0000000e+04   0.0000000e+00   6.9848000e+03   1.0955000e+04
   3.8583000e+05   1.0000000e+04   0.0000000e+00   6.8890000e+03   1.0834000e+04
   3.9305000e+05   1.0000000e+04   0.0000000e+00   6.7934000e+03   1.0716000e+04
   4.0040000e+05   1.0000000e+04   0.0000000e+00   6.6991000e+03   1.0598000e+04
   4.0789000e+05   1.0000000e+04   0.0000000e+00   6.6059000e+03   1.0481000e+04
   4.1552000e+05   1.0000000e+04   0.0000000e+00   6.5147000e+03   1.0364000e+04
   4.2329000e+05   1.0000000e+04   0.0000000e+00   6.4243000e+03   1.0249000e+04
   4.3121000e+05   1.0000000e+04   0.0000000e+00   6.3340000e+03   1.0136000e+04
   4.3928000e+05   1.0000000e+04   0.0000000e+00   6.2457000e+03   1.0023000e+04
   4.4750000e+05   1.0000000e+04   0.0000000e+00   6.1581000e+03   9.9109000e+03
   4.5587000e+05   1.0000000e+04   0.0000000e+00   6.0725000e+03   9.8005000e+03
   4.6440000e+05   1.0000000e+04   0.0000000e+00   5.9863000e+03   9.6908000e+03
   4.7308000e+05   1.0000000e+04   0.0000000e+00   5.9032000e+03   9.5823000e+03
   4.8193000e+05   1.0000000e+04   0.0000000e+00   5.8197000e+03   9.4740000e+03
   4.9095000e+05   1.0000000e+04   0.0000000e+00   5.7375000e+03   9.3667000e+03
   5.0013000e+05   1.0000000e+04   0.0000000e+00   5.6571000e+03   9.2614000e+03
   5.0949000e+05   1.0000000e+04   0.0000000e+00   5.5773000e+03   9.1571000e+03
   5.1902000e+05   1.0000000e+04   0.0000000e+00   5.4986000e+03   9.0531000e+03
   5.2873000e+05   1.0000000e+04   0.0000000e+00   5.4206000e+03   8.9510000e+03
   5.3862000e+05   1.0000000e+04   0.0000000e+00   5.3445000e+03   8.8498000e+03
   5.4870000e+05   1.0000000e+04   0.0000000e+00   5.2694000e+03   8.7489000e+03
   5.5896000e+05   1.0000000e+04   0.0000000e+00   5.1953000e+03   8.6496000e+03
   5.6942000e+05   1.0000000e+04   0.0000000e+00   5.1217000e+03   8.5511000e+03
   5.8007000e+05   1.0000000e+04   0.0000000e+00   5.0492000e+03   8.4540000e+03
   5.9092000e+05   1.0000000e+04   0.0000000e+00   4.9784000e+03   8.3579000e+03
   6.0197000e+05   1.0000000e+04   0.0000000e+00   4.9071000e+03   8.2628000e+03
   6.1323000e+05   1.0000000e+04   0.0000000e+00   4.8379000e+03   8.1689000e+03
   6.2471000e+05   1.0000000e+04   0.0000000e+00   4.7687000e+03   8.0753000e+03
   6.3639000e+05   1.0000000e+04   0.0000000e+00   4.7007000e+03   7.9837000e+03
   6.4830000e+05   1.0000000e+04   0.0000000e+00   4.6335000e+03   7.8925000e+03
   6.6042000e+05   1.0000000e+04   0.0000000e+00   4.5667000e+03   7.8022000e+03
   6.7278000e+05   1.0000000e+04   0.0000000e+00   4.5013000e+03   7.7129000e+03
   6.8536000e+05   1.0000000e+04   0.0000000e+00   4.4361000e+03   7.6247000e+03
   6.9818000e+05   1.0000000e+04   0.0000000e+00   4.3719000e+03   7.5373000e+03
   7.1125000e+05   1.0000000e+04   0.0000000e+00   4.3087000e+03   7.4506000e+03
   7.2455000e+05   1.0000000e+04   0.0000000e+00   4.2460000e+03   7.3643000e+03
   7.3810000e+05   1.0000000e+04   0.0000000e+00   4.1846000e+03   7.2794000e+03
   7.5191000e+05   1.0000000e+04   0.0000000e+00   4.1233000e+03   7.1952000e+03
   7.6598000e+05   1.0000000e+04   0.0000000e+00   4.0633000e+03   7.1115000e+03
   7.8031000e+05   1.0000000e+04   0.0000000e+00   4.0045000e+03   7.0286000e+03
   7.9490000e+05   1.0000000e+04   0.0000000e+00   3.9462000e+03   6.9471000e+03
   8.0977000e+05   1.0000000e+04   0.0000000e+00   3.8881000e+03   6.8665000e+03
   8.2492000e+05   1.0000000e+04   0.0000000e+00   3.8319000e+03   6.7862000e+03
   8.4035000e+05   1.0000000e+04   0.0000000e+00   3.7761000e+03   6.7067000e+03
   8.5607000e+05   1.0000000e+04   0.0000000e+00   3.7205000e+03   6.6283000e+03
   8.7209000e+05   1.0000000e+04   0.0000000e+00   3.6666000e+03   6.5505000e+03
   8.8840000e+05   1.0000000e+04   0.0000000e+00   3.6130000e+03   6.4738000e+03
   9.0502000e+05   1.0000000e+04   0.0000000e+00   3.5605000e+03   6.3977000e+03
   9.2195000e+05   1.0000000e+04   0.0000000e+00   3.5086000e+03   6.3225000e+03
   9.3920000e+05   1.0000000e+04   0.0000000e+00   3.4579000e+03   6.2485000e+03
   9.5677000e+05   1.0000000e+04   0.0000000e+00   3.4071000e+03   6.1752000e+03
   9.7467000e+05   1.0000000e+04   0.0000000e+00   3.3568000e+03   6.1034000e+03
   9.9290000e+05   1.0000000e+04   0.0000000e+00   3.3074000e+03   6.0318000e+03
   1.0115000e+06   1.0000000e+04   0.0000000e+00   3.2586000e+03   5.9608000e+03
   1.0304000e+06   1.0000000e+04   0.0000000e+00   3.2102000e+03   5.8915000e+03
   1.0497000e+06   1.0000000e+04   0.0000000e+00   3.1626000e+03   5.8224000e+03
   1.0693000e+06   1.0000000e+04   0.0000000e+00   3.1153000e+03   5.7540000e+03
   1.0893000e+06   1.0000000e+04   0.0000000e+00   3.0693000e+03   5.6863000e+03
   1.1097000e+06   1.0000000e+04   0.0000000e+00   3.0229000e+03   5.6200000e+03
   1.1304000e+06   1.0000000e+04   0.0000000e+00   2.9779000e+03   5.5543000e+03
   1.1516000e+06   1.0000000e+04   0.0000000e+00   2.9328000e+03   5.4886000e+03
   1.1731000e+06   1.0000000e+04   0.0000000e+00   2.8887000e+03   5.4238000e+03
   1.1951000e+06   1.0000000e+04   0.0000000e+00   2.8448000e+03   5.3590000e+03
   1.2174000e+06   1.0000000e+04   0.0000000e+00   2.8018000e+03   5.2956000e+03
   1.2402000e+06   1.0000000e+04   0.0000000e+00   2.7592000e+03   5.2323000e+03
   1.2634000e+06   1.0000000e+04   0.0000000e+00   2.7176000e+03   5.1698000e+03
   1.2870000e+06   1.0000000e+04   0.0000000e+00   2.6760000e+03   5.1082000e+03
   1.3111000e+06   1.0000000e+04   0.0000000e+00   2.6353000e+03   5.0470000e+03
   1.3356000e+06   1.0000000e+04   0.0000000e+00   2.5957000e+03   4.9868000e+03
   1.3606000e+06   1.0000000e+04   0.0000000e+00   2.5558000e+03   4.9271000e+03
   1.3861000e+06   1.0000000e+04   0.0000000e+00   2.5167000e+03   4.8681000e+03
   1.4120000e+06   1.0000000e+04   0.0000000e+00   2.4784000e+03   4.8099000e+03
   1.4384000e+06   1.0000000e+04   0.0000000e+00   2.4405000e+03   4.7525000e+03
   1.4653000e+06   1.0000000e+04   0.0000000e+00   2.4031000e+03   4.6960000e+03
   1.4927000e+06   1.0000000e+04   0.0000000e+00   2.3661000e+03   4.6397000e+03
   1.5207000e+06   1.0000000e+04   0.0000000e+00   2.3293000e+03   4.5841000e+03
   1.5491000e+06   1.0000000e+04   0.0000000e+00   2.2932000e+03   4.5294000e+03
   1.5781000e+06   1.0000000e+04   0.0000000e+00   2.2575000e+03   4.4749000e+03
   1.6076000e+06   1.0000000e+04   0.0000000e+00   2.2222000e+03   4.4213000e+03
   1.6377000e+06   1.0000000e+04   0.0000000e+00   2.1872000e+03   4.3681000e+03
   1.6683000e+06   1.0000000e+04   0.0000000e+00   2.1527000e+03   4.3155000e+03
   1.6995000e+06   1.0000000e+04   0.0000000e+00   2.1189000e+03   4.2632000e+03
   1.7313000e+06   1.0000000e+04   0.0000000e+00   2.0853000e+03   4.2116000e+03
   1.7637000e+06   1.0000000e+04   0.0000000e+00   2.0522000e+03   4.1605000e+03
   1.7967000e+06   1.0000000e+04   0.0000000e+00   2.0198000e+03   4.1098000e+03
   1.8303000e+06   1.0000000e+04   0.0000000e+00   1.9877000e+03   4.0599000e+03
   1.8646000e+06   1.0000000e+04   0.0000000e+00   1.9562000e+03   4.0104000e+03
   1.8994000e+06   1.0000000e+04   0.0000000e+00   1.9249000e+03   3.9616000e+03
   1.9350000e+06   1.0000000e+04   0.0000000e+00   1.8943000e+03   3.9135000e+03
   1.9712000e+06   1.0000000e+04   0.0000000e+00   1.8637000e+03   3.8657000e+03
   2.0080000e+06   1.0000000e+04   0.0000000e+00   1.8340000e+03   3.8188000e+03
   2.0456000e+06   1.0000000e+04   0.0000000e+00   1.8044000e+03   3.7721000e+03
   2.0839000e+06   1.0000000e+04   0.0000000e+00   1.7752000e+03   3.7259000e+03
   2.1229000e+06   1.0000000e+04   0.0000000e+00   1.7462000e+03   3.6805000e+03
   2.1626000e+06   1.0000000e+04   0.0000000e+00   1.7178000e+03   3.6353000e+03
   2.2030000e+06   1.0000000e+04   0.0000000e+00   1.6897000e+03   3.5910000e+03
   2.2442000e+06   1.0000000e+04   0.0000000e+00   1.6620000e+03   3.5470000e+03
   2.2862000e+06   1.0000000e+04   0.0000000e+00   1.6344000e+03   3.5034000e+03
   2.3290000e+06   1.0000000e+04   0.0000000e+00   1.6076000e+03   3.4601000e+03
   2.3725000e+06   1.0000000e+04   0.0000000e+00   1.5809000e+03   3.4175000e+03
   2.4169000e+06   1.0000000e+04   0.0000000e+00   1.5547000e+03   3.3752000e+03
   2.4621000e+06   1.0000000e+04   0.0000000e+00   1.5289000e+03   3.3334000e+03
   2.5082000e+06   1.0000000e+04   0.0000000e+00   1.5035000e+03   3.2920000e+03
   2.5551000e+06   1.0000000e+04   0.0000000e+00   1.4783000e+03   3.2513000e+03
   2.6029000e+06   1.0000000e+04   0.0000000e+00   1.4536000e+03   3.2109000e+03
   2.6516000e+06   1.0000000e+04   0.0000000e+00   1.4293000e+03   3.1711000e+03
   2.7012000e+06   1.0000000e+04   0.0000000e+00   1.4052000e+03   3.1316000e+03
   2.7517000e+06   1.0000000e+04   0.0000000e+00   1.3813000e+03   3.0927000e+03
   2.8032000e+06   1.0000000e+04   0.0000000e+00   1.3580000e+03   3.0542000e+03
   2.8557000e+06   1.0000000e+04   0.0000000e+00   1.3347000e+03   3.0160000e+03
   2.9091000e+06   1.0000000e+04   0.0000000e+00   1.3118000e+03   2.9783000e+03
   2.9635000e+06   1.0000000e+04   0.0000000e+00   1.2892000e+03   2.9409000e+03
   3.0189000e+06   1.0000000e+04   0.0000000e+00   1.2670000e+03   2.9040000e+03
   3.0754000e+06   1.0000000e+04   0.0000000e+00   1.2451000e+03   2.8675000e+03
   3.1329000e+06   1.0000000e+04   0.0000000e+00   1.2236000e+03   2.8315000e+03
   3.1916000e+06   1.0000000e+04   0.0000000e+00   1.2023000e+03   2.7956000e+03
   3.2513000e+06   1.0000000e+04   0.0000000e+00   1.1813000e+03   2.7604000e+03
   3.3121000e+06   1.0000000e+04   0.0000000e+00   1.1606000e+03   2.7256000e+03
   3.3740000e+06   1.0000000e+04   0.0000000e+00   1.1402000e+03   2.6911000e+03
   3.4372000e+06   1.0000000e+04   0.0000000e+00   1.1201000e+03   2.6571000e+03
   3.5014000e+06   1.0000000e+04   0.0000000e+00   1.1003000e+03   2.6236000e+03
   3.5669000e+06   1.0000000e+04   0.0000000e+00   1.0807000e+03   2.5902000e+03
   3.6337000e+06   1.0000000e+04   0.0000000e+00   1.0614000e+03   2.5572000e+03
   3.7016000e+06   1.0000000e+04   0.0000000e+00   1.0424000e+03   2.5247000e+03
   3.7709000e+06   1.0000000e+04   0.0000000e+00   1.0236000e+03   2.4924000e+03
   3.8414000e+06   1.0000000e+04   0.0000000e+00   1.0051000e+03   2.4607000e+03
   3.9133000e+06   1.0000000e+04   0.0000000e+00   9.8697000e+02   2.4292000e+03
   3.9865000e+06   1.0000000e+04   0.0000000e+00   9.6901000e+02   2.3980000e+03
   4.0611000e+06   1.0000000e+04   0.0000000e+00   9.5143000e+02   2.3673000e+03
   4.1370000e+06   1.0000000e+04   0.0000000e+00   9.3408000e+02   2.3368000e+03
   4.2144000e+06   1.0000000e+04   0.0000000e+00   9.1697000e+02   2.3068000e+03
   4.2933000e+06   1.0000000e+04   0.0000000e+00   8.9994000e+02   2.2771000e+03
   4.3736000e+06   1.0000000e+04   0.0000000e+00   8.8332000e+02   2.2477000e+03
   4.4554000e+06   1.0000000e+04   0.0000000e+00   8.6690000e+02   2.2186000e+03
   4.5387000e+06   1.0000000e+04   0.0000000e+00   8.5076000e+02   2.1900000e+03
   4.6237000e+06   1.0000000e+04   0.0000000e+00   8.3475000e+02   2.1616000e+03
   4.7101000e+06   1.0000000e+04   0.0000000e+00   8.1907000e+02   2.1337000e+03
   4.7983000e+06   1.0000000e+04   0.0000000e+00   8.0360000e+02   2.1058000e+03
   4.8880000e+06   1.0000000e+04   0.0000000e+00   7.8837000e+02   2.0785000e+03
   4.9795000e+06   1.0000000e+04   0.0000000e+00   7.7333000e+02   2.0514000e+03
   5.0726000e+06   1.0000000e+04   0.0000000e+00   7.5825000e+02   2.0244000e+03
   5.1675000e+06   1.0000000e+04   0.0000000e+00   7.4367000e+02   1.9979000e+03
   5.2642000e+06   1.0000000e+04   0.0000000e+00   7.2931000e+02   1.9717000e+03
   5.3626000e+06   1.0000000e+04   0.0000000e+00   7.1519000e+02   1.9458000e+03
   5.4630000e+06   1.0000000e+04   0.0000000e+00   7.0129000e+02   1.9203000e+03
   5.5652000e+06   1.0000000e+04   0.0000000e+00   6.8756000e+02   1.8949000e+03
   5.6693000e+06   1.0000000e+04   0.0000000e+00   6.7413000e+02   1.8700000e+03
   5.7753000e+06   1.0000000e+04   0.0000000e+00   6.6077000e+02   1.8454000e+03
   5.8833000e+06   1.0000000e+04   0.0000000e+00   6.4767000e+02   1.8210000e+03
   5.9934000e+06   1.0000000e+04   0.0000000e+00   6.3475000e+02   1.7970000e+03
   6.1055000e+06   1.0000000e+04   0.0000000e+00   6.2203000e+02   1.7732000e+03
   6.2197000e+06   1.0000000e+04   0.0000000e+00   6.0947000e+02   1.7498000e+03
   6.3361000e+06   1.0000000e+04   0.0000000e+00   5.9712000e+02   1.7265000e+03
   6.4546000e+06   1.0000000e+04   0.0000000e+00   5.8491000e+02   1.7036000e+03
   6.5754000e+06   1.0000000e+04   0.0000000e+00   5.7299000e+02   1.6809000e+03
   6.6984000e+06   1.0000000e+04   0.0000000e+00   5.6115000e+02   1.6585000e+03
   6.8237000e+06   1.0000000e+04   0.0000000e+00   5.4952000e+02   1.6364000e+03
   6.9513000e+06   1.0000000e+04   0.0000000e+00   5.3812000e+02   1.6145000e+03
   7.0814000e+06   1.0000000e+04   0.0000000e+00   5.2684000e+02   1.5929000e+03
   7.2138000e+06   1.0000000e+04   0.0000000e+00   5.1582000e+02   1.5716000e+03
   7.3488000e+06   1.0000000e+04   0.0000000e+00   5.0489000e+02   1.5505000e+03
   7.4862000e+06   1.0000000e+04   0.0000000e+00   4.9417000e+02   1.5297000e+03
   7.6263000e+06   1.0000000e+04   0.0000000e+00   4.8356000e+02   1.5090000e+03
   7.7689000e+06   1.0000000e+04   0.0000000e+00   4.7317000e+02   1.4887000e+03
   7.9143000e+06   1.0000000e+04   0.0000000e+00   4.6292000e+02   1.4685000e+03
   8.0623000e+06   1.0000000e+04   0.0000000e+00   4.5280000e+02   1.4486000e+03
   8.2131000e+06   1.0000000e+04   0.0000000e+00   4.4288000e+02   1.4290000e+03
   8.3668000e+06   1.0000000e+04   0.0000000e+00   4.3308000e+02   1.4096000e+03
   8.5233000e+06   1.0000000e+04   0.0000000e+00   4.2346000e+02   1.3904000e+03
   8.6827000e+06   1.0000000e+04   0.0000000e+00   4.1399000e+02   1.3715000e+03
   8.8452000e+06   1.0000000e+04   0.0000000e+00   4.0462000e+02   1.3528000e+03
   9.0106000e+06   1.0000000e+04   0.0000000e+00   3.9544000e+02   1.3343000e+03
   9.1792000e+06   1.0000000e+04   0.0000000e+00   3.8640000e+02   1.3160000e+03
   9.3509000e+06   1.0000000e+04   0.0000000e+00   3.7748000e+02   1.2979000e+03
   9.5258000e+06   1.0000000e+04   0.0000000e+00   3.6874000e+02   1.2801000e+03
   9.7040000e+06   1.0000000e+04   0.0000000e+00   3.6011000e+02   1.2625000e+03
   9.8856000e+06   1.0000000e+04   0.0000000e+00   3.5159000e+02   1.2452000e+03
   1.0070000e+07   1.0000000e+04   0.0000000e+00   3.4328000e+02   1.2280000e+03
   1.0259000e+07   1.0000000e+04   0.0000000e+00   3.3504000e+02   1.2111000e+03
   1.0451000e+07   1.0000000e+04   0.0000000e+00   3.2700000e+02   1.1943000e+03
   1.0646000e+07   1.0000000e+04   0.0000000e+00   3.1905000e+02   1.1778000e+03
   1.0845000e+07   1.0000000e+04   0.0000000e+00   3.1124000e+02   1.1615000e+03
   1.1048000e+07   1.0000000e+04   0.0000000e+00   3.0356000e+02   1.1454000e+03
   1.1255000e+07   1.0000000e+04   0.0000000e+00   2.9598000e+02   1.1294000e+03
   1.1466000e+07   1.0000000e+04   0.0000000e+00   2.8852000e+02   1.1136000e+03
   1.1680000e+07   1.0000000e+04   0.0000000e+00   2.8120000e+02   1.0982000e+03
   1.1899000e+07   1.0000000e+04   0.0000000e+00   2.7399000e+02   1.0828000e+03
   1.2121000e+07   1.0000000e+04   0.0000000e+00   2.6687000e+02   1.0677000e+03
   1.2348000e+07   1.0000000e+04   0.0000000e+00   2.5990000e+02   1.0526000e+03
   1.2579000e+07   1.0000000e+04   0.0000000e+00   2.5302000e+02   1.0378000e+03
   1.2814000e+07   1.0000000e+04   0.0000000e+00   2.4629000e+02   1.0232000e+03
   1.3054000e+07   1.0000000e+04   0.0000000e+00   2.3965000e+02   1.0088000e+03
   1.3298000e+07   1.0000000e+04   0.0000000e+00   2.3308000e+02   9.9452000e+02
   1.3547000e+07   1.0000000e+04   0.0000000e+00   2.2666000e+02   9.8043000e+02
   1.3800000e+07   1.0000000e+04   0.0000000e+00   2.2035000e+02   9.6654000e+02
   1.4058000e+07   1.0000000e+04   0.0000000e+00   2.1413000e+02   9.5283000e+02
   1.4321000e+07   1.0000000e+04   0.0000000e+00   2.0800000e+02   9.3925000e+02
   1.4589000e+07   1.0000000e+04   0.0000000e+00   2.0199000e+02   9.2583000e+02
   1.4862000e+07   1.0000000e+04   0.0000000e+00   1.9610000e+02   9.1260000e+02
   1.5140000e+07   1.0000000e+04   0.0000000e+00   1.9028000e+02   8.9951000e+02
   1.5423000e+07   1.0000000e+04   0.0000000e+00   1.8457000e+02   8.8663000e+02
   1.5712000e+07   1.0000000e+04   0.0000000e+00   1.7893000e+02   8.7384000e+02
   1.6006000e+07   1.0000000e+04   0.0000000e+00   1.7341000e+02   8.6123000e+02
   1.6305000e+07   1.0000000e+04   0.0000000e+00   1.6797000e+02   8.4885000e+02
   1.6610000e+07   1.0000000e+04   0.0000000e+00   1.6264000e+02   8.3659000e+02
   1.6921000e+07   1.0000000e+04   0.0000000e+00   1.5739000e+02   8.2447000e+02
   1.7238000e+07   1.0000000e+04   0.0000000e+00   1.5221000e+02   8.1249000e+02
   1.7560000e+07   1.0000000e+04   0.0000000e+00   1.4718000e+02   8.0068000e+02
   1.7889000e+07   1.0000000e+04   0.0000000e+00   1.4217000e+02   7.8901000e+02
   1.8223000e+07   1.0000000e+04   0.0000000e+00   1.3731000e+02   7.7750000e+02
   1.8564000e+07   1.0000000e+04   0.0000000e+00   1.3249000e+02   7.6611000e+02
   1.8911000e+07   1.0000000e+04   0.0000000e+00   1.2776000e+02   7.5488000e+02
   1.9265000e+07   1.0000000e+04   0.0000000e+00   1.2311000e+02   7.4379000e+02
   1.9625000e+07   1.0000000e+04   0.0000000e+00   1.1856000e+02   7.3280000e+02
   1.9993000e+07   1.0000000e+04   0.0000000e+00   1.1407000e+02   7.2194000e+02
   2.0367000e+07   1.0000000e+04   0.0000000e+00   1.0963000e+02   7.1122000e+02
   2.0748000e+07   1.0000000e+04   0.0000000e+00   1.0532000e+02   7.0069000e+02
   2.1136000e+07   1.0000000e+04   0.0000000e+00   1.0105000e+02   6.9029000e+02
   2.1531000e+07   1.0000000e+04   0.0000000e+00   9.6880000e+01   6.8003000e+02
   2.1934000e+07   1.0000000e+04   0.0000000e+00   9.2768000e+01   6.6985000e+02
   2.2344000e+07   1.0000000e+04   0.0000000e+00   8.8705000e+01   6.5982000e+02
   2.2762000e+07   1.0000000e+04   0.0000000e+00   8.4753000e+01   6.4992000e+02
   2.3188000e+07   1.0000000e+04   0.0000000e+00   8.0879000e+01   6.4011000e+02
   2.3622000e+07   1.0000000e+04   0.0000000e+00   7.7050000e+01   6.3045000e+02
   2.4064000e+07   1.0000000e+04   0.0000000e+00   7.3308000e+01   6.2092000e+02
   2.4514000e+07   1.0000000e+04   0.0000000e+00   6.9627000e+01   6.1150000e+02
   2.4972000e+07   1.0000000e+04   0.0000000e+00   6.6017000e+01   6.0220000e+02
   2.5440000e+07   1.0000000e+04   0.0000000e+00   6.2473000e+01   5.9300000e+02
   2.5915000e+07   1.0000000e+04   0.0000000e+00   5.8996000e+01   5.8396000e+02
   2.6400000e+07   1.0000000e+04   0.0000000e+00   5.5582000e+01   5.7501000e+02
   2.6894000e+07   1.0000000e+04   0.0000000e+00   5.2231000e+01   5.6615000e+02
   2.7397000e+07   1.0000000e+04   0.0000000e+00   4.8940000e+01   5.5744000e+02
   2.7910000e+07   1.0000000e+04   0.0000000e+00   4.5701000e+01   5.4880000e+02
   2.8432000e+07   1.0000000e+04   0.0000000e+00   4.2538000e+01   5.4029000e+02
   2.8964000e+07   1.0000000e+04   0.0000000e+00   3.9430000e+01   5.3189000e+02
   2.9505000e+07   1.0000000e+04   0.0000000e+00   3.6388000e+01   5.2361000e+02
   3.0057000e+07   1.0000000e+04   0.0000000e+00   3.3399000e+01   5.1543000e+02
   3.0620000e+07   1.0000000e+04   0.0000000e+00   3.0450000e+01   5.0732000e+02
   3.1192000e+07   1.0000000e+04   0.0000000e+00   2.7579000e+01   4.9935000e+02
   3.1776000e+07   1.0000000e+04   0.0000000e+00   2.4749000e+01   4.9147000e+02
   3.2370000e+07   1.0000000e+04   0.0000000e+00   2.1997000e+01   4.8368000e+02
   3.2976000e+07   1.0000000e+04   0.0000000e+00   1.9287000e+01   4.7599000e+02
   3.3593000e+07   1.0000000e+04   0.0000000e+00   1.6617000e+01   4.6840000e+02
   3.4221000e+07   1.0000000e+04   0.0000000e+00   1.4019000e+01   4.6093000e+02
   3.4861000e+07   1.0000000e+04   0.0000000e+00   1.1466000e+01   4.5352000e+02
   3.5514000e+07   1.0000000e+04   0.0000000e+00   8.9575000e+00   4.4621000e+02
   3.6178000e+07   1.0000000e+04   0.0000000e+00   6.4999000e+00   4.3900000e+02
   3.6855000e+07   1.0000000e+04   0.0000000e+00   4.1148000e+00   4.3187000e+02
   3.7544000e+07   1.0000000e+04   0.0000000e+00   1.7485000e+00   4.2485000e+02
   3.8246000e+07   1.0000000e+04   0.0000000e+00  -5.5857000e-01   4.1791000e+02
   3.8962000e+07   1.0000000e+04   0.0000000e+00  -2.8191000e+00   4.1105000e+02
   3.9691000e+07   1.0000000e+04   0.0000000e+00  -5.0293000e+00   4.0427000e+02
   4.0433000e+07   1.0000000e+04   0.0000000e+00  -7.1956000e+00   3.9760000e+02
   4.1190000e+07   1.0000000e+04   0.0000000e+00  -9.3285000e+00   3.9100000e+02
   4.1960000e+07   1.0000000e+04   0.0000000e+00  -1.1395000e+01   3.8447000e+02
   4.2745000e+07   1.0000000e+04   0.0000000e+00  -1.3424000e+01   3.7803000e+02
   4.3545000e+07   1.0000000e+04   0.0000000e+00  -1.5408000e+01   3.7167000e+02
   4.4359000e+07   1.0000000e+04   0.0000000e+00  -1.7352000e+01   3.6539000e+02
   4.5189000e+07   1.0000000e+04   0.0000000e+00  -1.9257000e+01   3.5919000e+02
   4.6034000e+07   1.0000000e+04   0.0000000e+00  -2.1121000e+01   3.5307000e+02
   4.6895000e+07   1.0000000e+04   0.0000000e+00  -2.2936000e+01   3.4702000e+02
   4.7773000e+07   1.0000000e+04   0.0000000e+00  -2.4704000e+01   3.4105000e+02
   4.8666000e+07   1.0000000e+04   0.0000000e+00  -2.6446000e+01   3.3515000e+02
   4.9577000e+07   1.0000000e+04   0.0000000e+00  -2.8137000e+01   3.2932000e+02
   5.0504000e+07   1.0000000e+04   0.0000000e+00  -2.9796000e+01   3.2357000e+02
   5.1449000e+07   1.0000000e+04   0.0000000e+00  -3.1410000e+01   3.1788000e+02
   5.2411000e+07   1.0000000e+04   0.0000000e+00  -3.2987000e+01   3.1227000e+02
   5.3392000e+07   1.0000000e+04   0.0000000e+00  -3.4524000e+01   3.0671000e+02
   5.4391000e+07   1.0000000e+04   0.0000000e+00  -3.6024000e+01   3.0124000e+02
   5.5408000e+07   1.0000000e+04   0.0000000e+00  -3.7490000e+01   2.9582000e+02
   5.6445000e+07   1.0000000e+04   0.0000000e+00  -3.8922000e+01   2.9047000e+02
   5.7501000e+07   1.0000000e+04   0.0000000e+00  -4.0313000e+01   2.8519000e+02
   5.8576000e+07   1.0000000e+04   0.0000000e+00  -4.1669000e+01   2.7996000e+02
   5.9672000e+07   1.0000000e+04   0.0000000e+00  -4.2982000e+01   2.7481000e+02
   6.0788000e+07   1.0000000e+04   0.0000000e+00  -4.4263000e+01   2.6970000e+02
   6.1925000e+07   1.0000000e+04   0.0000000e+00  -4.5505000e+01   2.6467000e+02
   6.3084000e+07   1.0000000e+04   0.0000000e+00  -4.6715000e+01   2.5968000e+02
   6.4264000e+07   1.0000000e+04   0.0000000e+00  -4.7885000e+01   2.5476000e+02
   6.5466000e+07   1.0000000e+04   0.0000000e+00  -4.9017000e+01   2.4990000e+02
   6.6691000e+07   1.0000000e+04   0.0000000e+00  -5.0124000e+01   2.4509000e+02
   6.7938000e+07   1.0000000e+04   0.0000000e+00  -5.1184000e+01   2.4035000e+02
   6.9209000e+07   1.0000000e+04   0.0000000e+00  -5.2214000e+01   2.3565000e+02
   7.0504000e+07   1.0000000e+04   0.0000000e+00  -5.3208000e+01   2.3101000e+02
   7.1823000e+07   1.0000000e+04   0.0000000e+00  -5.4162000e+01   2.2642000e+02
   7.3166000e+07   1.0000000e+04   0.0000000e+00  -5.5088000e+01   2.2188000e+02
   7.4535000e+07   1.0000000e+04   0.0000000e+00  -5.5973000e+01   2.1740000e+02
   7.5929000e+07   1.0000000e+04   0.0000000e+00  -5.6816000e+01   2.1297000e+02
   7.7350000e+07   1.0000000e+04   0.0000000e+00  -5.7635000e+01   2.0859000e+02
   7.8797000e+07   1.0000000e+04   0.0000000e+00  -5.8420000e+01   2.0426000e+02
   8.0271000e+07   1.0000000e+04   0.0000000e+00  -5.9168000e+01   1.9998000e+02
   8.1772000e+07   1.0000000e+04   0.0000000e+00  -5.9884000e+01   1.9576000e+02
   8.3302000e+07   1.0000000e+04   0.0000000e+00  -6.0559000e+01   1.9158000e+02
   8.4860000e+07   1.0000000e+04   0.0000000e+00  -6.1198000e+01   1.8746000e+02
   8.6448000e+07   1.0000000e+04   0.0000000e+00  -6.1810000e+01   1.8337000e+02
   8.8065000e+07   1.0000000e+04   0.0000000e+00  -6.2379000e+01   1.7933000e+02
   8.9712000e+07   1.0000000e+04   0.0000000e+00  -6.2926000e+01   1.7535000e+02
   9.1390000e+07   1.0000000e+04   0.0000000e+00  -6.3435000e+01   1.7141000e+02
   9.3100000e+07   1.0000000e+04   0.0000000e+00  -6.3906000e+01   1.6752000e+02
   9.4842000e+07   1.0000000e+04   0.0000000e+00  -6.4346000e+01   1.6367000e+02
   9.6616000e+07   1.0000000e+04   0.0000000e+00  -6.4750000e+01   1.5987000e+02
   9.8423000e+07   1.0000000e+04   0.0000000e+00  -6.5124000e+01   1.5612000e+02
   1.0026000e+08   1.0000000e+04   0.0000000e+00  -6.5463000e+01   1.5243000e+02
   1.0214000e+08   1.0000000e+04   0.0000000e+00  -6.5759000e+01   1.4876000e+02
   1.0405000e+08   1.0000000e+04   0.0000000e+00  -6.6028000e+01   1.4515000e+02
   1.0600000e+08   1.0000000e+04   0.0000000e+00  -6.6263000e+01   1.4158000e+02
   1.0798000e+08   1.0000000e+04   0.0000000e+00  -6.6467000e+01   1.3806000e+02
   1.1000000e+08   1.0000000e+04   0.0000000e+00  -6.6622000e+01   1.3459000e+02
