   4.0000000e+01   8.3336583e+04  -3.4289912e+04
   4.0748000e+01   8.7490720e+04  -3.3521307e+04
   4.1511000e+01   8.4441571e+04  -3.4682207e+04
   4.2287000e+01   8.4950321e+04  -3.5214199e+04
   4.3078000e+01   8.5870998e+04  -3.2184221e+04
   4.3884000e+01   8.6240950e+04  -3.0320915e+04
   4.4705000e+01   8.6068570e+04  -2.9772452e+04
   4.5541000e+01   8.3624063e+04  -3.1593543e+04
   4.6393000e+01   8.4827737e+04  -3.1800091e+04
   4.7261000e+01   8.5444677e+04  -3.0090220e+04
   4.8145000e+01   8.6233988e+04  -2.9636614e+04
   4.9046000e+01   8.4900916e+04  -2.9726217e+04
   4.9963000e+01   8.3418596e+04  -2.7985073e+04
   5.0898000e+01   8.4047220e+04  -2.7839180e+04
   5.1850000e+01   8.5318107e+04  -2.7351419e+04
   5.2820000e+01   8.5228359e+04  -2.6028135e+04
   5.3808000e+01   8.5155792e+04  -2.7088492e+04
   5.4815000e+01   8.4624021e+04  -2.5902205e+04
   5.5840000e+01   8.5540417e+04  -2.5379164e+04
   5.6885000e+01   8.4694317e+04  -2.5306641e+04
   5.7949000e+01   8.5381844e+04  -2.4294278e+04
   5.9033000e+01   8.5023624e+04  -2.3919153e+04
   6.0137000e+01   8.5098716e+04  -2.3039435e+04
   6.1262000e+01   8.3930333e+04  -2.3306742e+04
   6.2408000e+01   8.4867585e+04  -2.3170191e+04
   6.3575000e+01   8.4866903e+04  -2.2021255e+04
   6.4765000e+01   8.5459693e+04  -2.2285658e+04
   6.5976000e+01   8.4865266e+04  -2.0341766e+04
   6.7210000e+01   8.5233351e+04  -2.0463604e+04
   6.8468000e+01   8.4860490e+04  -1.9849584e+04
   6.9749000e+01   8.4584392e+04  -2.0150474e+04
   7.1053000e+01   8.5166762e+04  -1.9374870e+04
   7.2382000e+01   8.5208821e+04  -1.9219902e+04
   7.3736000e+01   8.5253510e+04  -1.8878578e+04
   7.5116000e+01   8.5085113e+04  -1.8328552e+04
   7.6521000e+01   8.5672927e+04  -1.8015557e+04
   7.7952000e+01   8.4986891e+04  -1.7405999e+04
   7.9411000e+01   8.5287612e+04  -1.7255282e+04
   8.0896000e+01   8.4991537e+04  -1.7007740e+04
   8.2410000e+01   8.4986999e+04  -1.6438667e+04
   8.3951000e+01   8.4607268e+04  -1.6387337e+04
   8.5522000e+01   8.4990414e+04  -1.5753757e+04
   8.7121000e+01   8.5476590e+04  -1.5958893e+04
   8.8751000e+01   8.5573464e+04  -1.5593263e+04
   9.0411000e+01   8.4939675e+04  -1.4452400e+04
   9.2103000e+01   8.4671439e+04  -1.4744463e+04
   9.3826000e+01   8.4474020e+04  -1.4362904e+04
   9.5581000e+01   8.5508234e+04  -1.3781293e+04
   9.7369000e+01   8.5603921e+04  -1.3601843e+04
   9.9190000e+01   8.4570240e+04  -1.3412352e+04
   1.0105000e+02   8.5345885e+04  -1.3517683e+04
   1.0294000e+02   8.5039172e+04  -1.3025952e+04
   1.0486000e+02   8.4583404e+04  -1.2694260e+04
   1.0682000e+02   8.4936109e+04  -1.2234152e+04
   1.0882000e+02   8.4891707e+04  -1.1963585e+04
   1.1086000e+02   8.4814932e+04  -1.1635510e+04
   1.1293000e+02   8.5013144e+04  -1.1223759e+04
   1.1504000e+02   8.4786866e+04  -1.1576513e+04
   1.1720000e+02   8.4916372e+04  -1.1048072e+04
   1.1939000e+02   8.5349753e+04  -1.0627213e+04
   1.2162000e+02   8.4892326e+04  -1.0421652e+04
   1.2390000e+02   8.5242281e+04  -1.0143668e+04
   1.2621000e+02   8.4639923e+04  -9.8565710e+03
   1.2858000e+02   8.5187880e+04  -9.5254006e+03
   1.3098000e+02   8.4882256e+04  -9.8250221e+03
   1.3343000e+02   8.4842048e+04  -9.3766787e+03
   1.3593000e+02   8.4802179e+04  -9.1779889e+03
   1.3847000e+02   8.4688174e+04  -9.0142699e+03
   1.4106000e+02   8.5096651e+04  -8.9246034e+03
   1.4370000e+02   8.4762264e+04  -8.7353307e+03
   1.4639000e+02   8.4954090e+04  -8.3522767e+03
   1.4913000e+02   8.4802771e+04  -8.1360458e+03
   1.5192000e+02   8.4970127e+04  -8.0555246e+03
   1.5476000e+02   8.4803448e+04  -7.9131130e+03
   1.5765000e+02   8.4807300e+04  -7.7904466e+03
   1.6060000e+02   8.4654791e+04  -7.4612649e+03
   1.6361000e+02   8.5050689e+04  -7.1375239e+03
   1.6667000e+02   8.4722491e+04  -7.3895909e+03
   1.6978000e+02   8.4826601e+04  -7.1831283e+03
   1.7296000e+02   8.4586828e+04  -6.9101326e+03
   1.7620000e+02   8.4922108e+04  -6.6722565e+03
   1.7949000e+02   8.4818439e+04  -6.2236155e+03
   1.8285000e+02   8.4692082e+04  -6.0911139e+03
   1.8627000e+02   8.4797754e+04  -5.9346697e+03
   1.8975000e+02   8.4588124e+04  -6.0880075e+03
   1.9330000e+02   8.4762823e+04  -5.8580337e+03
   1.9692000e+02   8.4823368e+04  -5.8243238e+03
   2.0060000e+02   8.4681407e+04  -5.4870782e+03
   2.0436000e+02   8.4799832e+04  -5.6256312e+03
   2.0818000e+02   8.4764203e+04  -5.3551256e+03
   2.1207000e+02   8.4807124e+04  -5.1750018e+03
   2.1604000e+02   8.4633619e+04  -4.7912776e+03
   2.2008000e+02   8.4569585e+04  -4.7994147e+03
   2.2420000e+02   8.4475127e+04  -4.6184050e+03
   2.2839000e+02   8.4680759e+04  -4.8971827e+03
   2.3267000e+02   8.4824044e+04  -4.5266089e+03
   2.3702000e+02   8.4543062e+04  -4.3193279e+03
   2.4145000e+02   8.4704643e+04  -4.2584677e+03
   2.4597000e+02   8.4612880e+04  -4.0105079e+03
   2.5057000e+02   8.4705813e+04  -3.8869269e+03
   2.5526000e+02   8.4780959e+04  -3.6691660e+03
   2.6003000e+02   8.4834825e+04  -3.7058838e+03
   2.6490000e+02   8.4710372e+04  -3.5267559e+03
   2.6985000e+02   8.4916807e+04  -3.5742623e+03
   2.7490000e+02   8.4873321e+04  -3.4257711e+03
   2.8004000e+02   8.4804716e+04  -3.0968667e+03
   2.8528000e+02   8.4685318e+04  -3.2378073e+03
   2.9062000e+02   8.4680120e+04  -3.0186070e+03
   2.9605000e+02   8.4681321e+04  -2.8564540e+03
   3.0159000e+02   8.4677037e+04  -2.9617239e+03
   3.0723000e+02   8.4581555e+04  -2.6092128e+03
   3.1298000e+02   8.4704442e+04  -2.5375767e+03
   3.1884000e+02   8.4636049e+04  -2.3752862e+03
   3.2480000e+02   8.4653236e+04  -2.3022747e+03
   3.3088000e+02   8.4675530e+04  -2.2332945e+03
   3.3707000e+02   8.4669288e+04  -2.2486733e+03
   3.4337000e+02   8.4582072e+04  -2.0038524e+03
   3.4979000e+02   8.4663719e+04  -1.9786455e+03
   3.5634000e+02   8.4592659e+04  -1.8430475e+03
   3.6300000e+02   8.4779545e+04  -1.7328494e+03
   3.6979000e+02   8.4613492e+04  -1.6996329e+03
   3.7671000e+02   8.4652988e+04  -1.6364139e+03
   3.8376000e+02   8.4621596e+04  -1.6517468e+03
   3.9094000e+02   8.4682689e+04  -1.3735173e+03
   3.9825000e+02   8.4533261e+04  -1.3499626e+03
   4.0570000e+02   8.4631516e+04  -1.2151190e+03
   4.1329000e+02   8.4576081e+04  -1.1613515e+03
   4.2102000e+02   8.4542876e+04  -1.0946700e+03
   4.2890000e+02   8.4611939e+04  -9.7964509e+02
   4.3692000e+02   8.4627395e+04  -9.2803496e+02
   4.4509000e+02   8.4670054e+04  -8.2727142e+02
   4.5342000e+02   8.4513165e+04  -8.1364623e+02
   4.6190000e+02   8.4582424e+04  -6.7401890e+02
   4.7054000e+02   8.4609452e+04  -5.7296889e+02
   4.7935000e+02   8.4549980e+04  -4.5047139e+02
   4.8831000e+02   8.4581258e+04  -4.1080215e+02
   4.9745000e+02   8.4415622e+04  -4.0934781e+02
   5.0675000e+02   8.4538844e+04  -2.7586595e+02
   5.1623000e+02   8.4600056e+04  -2.1622549e+02
   5.2589000e+02   8.4536945e+04  -1.0510965e+02
   5.3573000e+02   8.4533502e+04  -7.0228321e+01
   5.4575000e+02   8.4570357e+04   3.6919899e+01
   5.5596000e+02   8.4546474e+04   9.4613753e+01
   5.6636000e+02   8.4581711e+04   1.9897582e+02
   5.7695000e+02   8.4545280e+04   2.4353638e+02
   5.8775000e+02   8.4556981e+04   3.1065841e+02
   5.9874000e+02   8.4517400e+04   4.2884467e+02
   6.0994000e+02   8.4530818e+04   4.8177681e+02
   6.2135000e+02   8.4487532e+04   5.4180310e+02
   6.3297000e+02   8.4485334e+04   6.9214618e+02
   6.4482000e+02   8.4465932e+04   6.7721425e+02
   6.5688000e+02   8.4471743e+04   7.6304580e+02
   6.6917000e+02   8.4480486e+04   9.1317380e+02
   6.8168000e+02   8.4522107e+04   9.5710075e+02
   6.9444000e+02   8.4462220e+04   9.9138164e+02
   7.0743000e+02   8.4406261e+04   1.1188644e+03
   7.2066000e+02   8.4477317e+04   1.1982843e+03
   7.3414000e+02   8.4464273e+04   1.2841218e+03
   7.4787000e+02   8.4386406e+04   1.3339814e+03
   7.6186000e+02   8.4409606e+04   1.3593373e+03
   7.7612000e+02   8.4439539e+04   1.4846151e+03
   7.9063000e+02   8.4418727e+04   1.5060831e+03
   8.0543000e+02   8.4396723e+04   1.6459967e+03
   8.2049000e+02   8.4368598e+04   1.6822850e+03
   8.3584000e+02   8.4362037e+04   1.7461089e+03
   8.5148000e+02   8.4370795e+04   1.8038741e+03
   8.6740000e+02   8.4322248e+04   1.9580391e+03
   8.8363000e+02   8.4350494e+04   1.9692945e+03
   9.0016000e+02   8.4343539e+04   2.0636709e+03
   9.1700000e+02   8.4316740e+04   2.1202756e+03
   9.3415000e+02   8.4323838e+04   2.1722082e+03
   9.5163000e+02   8.4309467e+04   2.2835182e+03
   9.6943000e+02   8.4277015e+04   2.3491906e+03
   9.8757000e+02   8.4272878e+04   2.4503028e+03
   1.0060000e+03   8.4276460e+04   2.5223958e+03
   1.0249000e+03   8.4291794e+04   2.5444281e+03
   1.0440000e+03   8.4239673e+04   2.6464694e+03
   1.0636000e+03   8.4273169e+04   2.7076772e+03
   1.0835000e+03   8.4231109e+04   2.7861458e+03
   1.1037000e+03   8.4220421e+04   2.9102809e+03
   1.1244000e+03   8.4227665e+04   2.9566101e+03
   1.1454000e+03   8.4215504e+04   3.0270986e+03
   1.1668000e+03   8.4215573e+04   3.0938351e+03
   1.1887000e+03   8.4154243e+04   3.2150409e+03
   1.2109000e+03   8.4163940e+04   3.2831784e+03
   1.2335000e+03   8.4153385e+04   3.3791451e+03
   1.2566000e+03   8.4124916e+04   3.4190518e+03
   1.2801000e+03   8.4130602e+04   3.5189802e+03
   1.3041000e+03   8.4100508e+04   3.6054424e+03
   1.3285000e+03   8.4097018e+04   3.6823003e+03
   1.3533000e+03   8.4089330e+04   3.7780700e+03
   1.3786000e+03   8.4058635e+04   3.8493291e+03
   1.4044000e+03   8.4043668e+04   3.9590314e+03
   1.4307000e+03   8.4026775e+04   4.0204820e+03
   1.4575000e+03   8.3969581e+04   4.0958092e+03
   1.4847000e+03   8.3994453e+04   4.1896314e+03
   1.5125000e+03   8.3963315e+04   4.2584564e+03
   1.5408000e+03   8.3947299e+04   4.3559125e+03
   1.5696000e+03   8.3910489e+04   4.4720649e+03
   1.5990000e+03   8.3910606e+04   4.5518684e+03
   1.6289000e+03   8.3896894e+04   4.6479491e+03
   1.6594000e+03   8.3869067e+04   4.7279992e+03
   1.6904000e+03   8.3865021e+04   4.8410796e+03
   1.7220000e+03   8.3820521e+04   4.9230967e+03
   1.7542000e+03   8.3814210e+04   5.0256556e+03
   1.7871000e+03   8.3787853e+04   5.0971668e+03
   1.8205000e+03   8.3750980e+04   5.2245185e+03
   1.8545000e+03   8.3748811e+04   5.3138219e+03
   1.8892000e+03   8.3709385e+04   5.4178239e+03
   1.9246000e+03   8.3688707e+04   5.5087482e+03
   1.9606000e+03   8.3682537e+04   5.6153202e+03
   1.9973000e+03   8.3620129e+04   5.7032788e+03
   2.0346000e+03   8.3622796e+04   5.8128232e+03
   2.0727000e+03   8.3593391e+04   5.9316241e+03
   2.1115000e+03   8.3556302e+04   6.0323093e+03
   2.1510000e+03   8.3536498e+04   6.1150148e+03
   2.1912000e+03   8.3504336e+04   6.2482566e+03
   2.2322000e+03   8.3464745e+04   6.3424599e+03
   2.2739000e+03   8.3443841e+04   6.4559856e+03
   2.3165000e+03   8.3396799e+04   6.5699533e+03
   2.3598000e+03   8.3387723e+04   6.6856820e+03
   2.4040000e+03   8.3336802e+04   6.8182081e+03
   2.4489000e+03   8.3312818e+04   6.9154210e+03
   2.4947000e+03   8.3268984e+04   7.0566376e+03
   2.5414000e+03   8.3234843e+04   7.1651674e+03
   2.5889000e+03   8.3185342e+04   7.2852349e+03
   2.6374000e+03   8.3140271e+04   7.4065532e+03
   2.6867000e+03   8.3111668e+04   7.5333951e+03
   2.7370000e+03   8.3066867e+04   7.6621851e+03
   2.7882000e+03   8.3024569e+04   7.7921270e+03
   2.8403000e+03   8.2991648e+04   7.9172596e+03
   2.8935000e+03   8.2938122e+04   8.0480161e+03
   2.9476000e+03   8.2903866e+04   8.1996244e+03
   3.0027000e+03   8.2860263e+04   8.3254702e+03
   3.0589000e+03   8.2798842e+04   8.4605896e+03
   3.1161000e+03   8.2753009e+04   8.6021534e+03
   3.1744000e+03   8.2704535e+04   8.7354732e+03
   3.2338000e+03   8.2645254e+04   8.8777315e+03
   3.2943000e+03   8.2606223e+04   9.0283024e+03
   3.3559000e+03   8.2537223e+04   9.1652286e+03
   3.4187000e+03   8.2484620e+04   9.3189385e+03
   3.4826000e+03   8.2441859e+04   9.4734825e+03
   3.5478000e+03   8.2364720e+04   9.6192834e+03
   3.6142000e+03   8.2307452e+04   9.7759213e+03
   3.6818000e+03   8.2246721e+04   9.9329706e+03
   3.7506000e+03   8.2200799e+04   1.0094917e+04
   3.8208000e+03   8.2124093e+04   1.0249141e+04
   3.8923000e+03   8.2060432e+04   1.0425661e+04
   3.9651000e+03   8.1987096e+04   1.0582580e+04
   4.0393000e+03   8.1911212e+04   1.0737449e+04
   4.1148000e+03   8.1847685e+04   1.0909508e+04
   4.1918000e+03   8.1767656e+04   1.1090631e+04
   4.2702000e+03   8.1693847e+04   1.1268876e+04
   4.3501000e+03   8.1620442e+04   1.1442610e+04
   4.4315000e+03   8.1530141e+04   1.1613953e+04
   4.5144000e+03   8.1446824e+04   1.1790329e+04
   4.5988000e+03   8.1366606e+04   1.1976450e+04
   4.6848000e+03   8.1281532e+04   1.2165489e+04
   4.7725000e+03   8.1184977e+04   1.2346340e+04
   4.8618000e+03   8.1093329e+04   1.2534883e+04
   4.9527000e+03   8.0998993e+04   1.2722632e+04
   5.0454000e+03   8.0907124e+04   1.2908447e+04
   5.1397000e+03   8.0805136e+04   1.3118106e+04
   5.2359000e+03   8.0697093e+04   1.3307850e+04
   5.3338000e+03   8.0601701e+04   1.3518173e+04
   5.4336000e+03   8.0493878e+04   1.3722844e+04
   5.5353000e+03   8.0386952e+04   1.3919413e+04
   5.6388000e+03   8.0269197e+04   1.4127532e+04
   5.7443000e+03   8.0154980e+04   1.4332008e+04
   5.8517000e+03   8.0036980e+04   1.4547823e+04
   5.9612000e+03   7.9908969e+04   1.4752335e+04
   6.0727000e+03   7.9783710e+04   1.4976023e+04
   6.1863000e+03   7.9661039e+04   1.5192628e+04
   6.3021000e+03   7.9514719e+04   1.5423206e+04
   6.4199000e+03   7.9391516e+04   1.5646061e+04
   6.5400000e+03   7.9244698e+04   1.5867522e+04
   6.6624000e+03   7.9103615e+04   1.6097309e+04
   6.7870000e+03   7.8959587e+04   1.6336426e+04
   6.9140000e+03   7.8797832e+04   1.6557096e+04
   7.0433000e+03   7.8654073e+04   1.6802556e+04
   7.1751000e+03   7.8490967e+04   1.7033976e+04
   7.3093000e+03   7.8332881e+04   1.7275726e+04
   7.4460000e+03   7.8168073e+04   1.7516315e+04
   7.5853000e+03   7.7995887e+04   1.7748987e+04
   7.7272000e+03   7.7816707e+04   1.8011663e+04
   7.8718000e+03   7.7634353e+04   1.8247774e+04
   8.0190000e+03   7.7454230e+04   1.8503152e+04
   8.1690000e+03   7.7263948e+04   1.8746063e+04
   8.3218000e+03   7.7074023e+04   1.9003482e+04
   8.4775000e+03   7.6874361e+04   1.9244801e+04
   8.6361000e+03   7.6668239e+04   1.9507359e+04
   8.7977000e+03   7.6461846e+04   1.9769194e+04
   8.9622000e+03   7.6245291e+04   2.0024992e+04
   9.1299000e+03   7.6016620e+04   2.0291417e+04
   9.3007000e+03   7.5794798e+04   2.0541247e+04
   9.4747000e+03   7.5558750e+04   2.0814832e+04
   9.6519000e+03   7.5330843e+04   2.1088595e+04
   9.8325000e+03   7.5093813e+04   2.1346428e+04
   1.0016000e+04   7.4832337e+04   2.1620342e+04
   1.0204000e+04   7.4587218e+04   2.1871306e+04
   1.0395000e+04   7.4331222e+04   2.2148457e+04
   1.0589000e+04   7.4076290e+04   2.2415756e+04
   1.0787000e+04   7.3816836e+04   2.2682469e+04
   1.0989000e+04   7.3525071e+04   2.2957130e+04
   1.1195000e+04   7.3244787e+04   2.3230812e+04
   1.1404000e+04   7.2959102e+04   2.3484295e+04
   1.1617000e+04   7.2667754e+04   2.3768850e+04
   1.1835000e+04   7.2366198e+04   2.4029760e+04
   1.2056000e+04   7.2079036e+04   2.4298766e+04
   1.2282000e+04   7.1757301e+04   2.4579318e+04
   1.2511000e+04   7.1442448e+04   2.4856884e+04
   1.2745000e+04   7.1118216e+04   2.5124479e+04
   1.2984000e+04   7.0783106e+04   2.5390875e+04
   1.3227000e+04   7.0444334e+04   2.5661561e+04
   1.3474000e+04   7.0100223e+04   2.5929554e+04
   1.3726000e+04   6.9752218e+04   2.6184971e+04
   1.3983000e+04   6.9388150e+04   2.6451771e+04
   1.4244000e+04   6.9027463e+04   2.6713984e+04
   1.4511000e+04   6.8656838e+04   2.6977974e+04
   1.4782000e+04   6.8277812e+04   2.7240411e+04
   1.5059000e+04   6.7897464e+04   2.7487809e+04
   1.5341000e+04   6.7498930e+04   2.7744966e+04
   1.5628000e+04   6.7100281e+04   2.7997871e+04
   1.5920000e+04   6.6699242e+04   2.8247783e+04
   1.6218000e+04   6.6287281e+04   2.8497645e+04
   1.6521000e+04   6.5876388e+04   2.8737878e+04
   1.6830000e+04   6.5448029e+04   2.8988710e+04
   1.7145000e+04   6.5020413e+04   2.9222223e+04
   1.7466000e+04   6.4577663e+04   2.9463289e+04
   1.7792000e+04   6.4143889e+04   2.9694976e+04
   1.8125000e+04   6.3688095e+04   2.9911984e+04
   1.8464000e+04   6.3232886e+04   3.0141437e+04
   1.8810000e+04   6.2770782e+04   3.0355317e+04
   1.9162000e+04   6.2300442e+04   3.0559598e+04
   1.9520000e+04   6.1827676e+04   3.0768549e+04
   1.9885000e+04   6.1343427e+04   3.0971212e+04
   2.0257000e+04   6.0857550e+04   3.1170799e+04
   2.0636000e+04   6.0361773e+04   3.1367394e+04
   2.1022000e+04   5.9868092e+04   3.1552717e+04
   2.1415000e+04   5.9360105e+04   3.1740495e+04
   2.1816000e+04   5.8856637e+04   3.1912479e+04
   2.2224000e+04   5.8340985e+04   3.2085369e+04
   2.2640000e+04   5.7818886e+04   3.2247379e+04
   2.3063000e+04   5.7294183e+04   3.2411814e+04
   2.3495000e+04   5.6769877e+04   3.2556788e+04
   2.3934000e+04   5.6230419e+04   3.2703592e+04
   2.4382000e+04   5.5693207e+04   3.2843931e+04
   2.4838000e+04   5.5154490e+04   3.2969403e+04
   2.5303000e+04   5.4614025e+04   3.3091421e+04
   2.5776000e+04   5.4058142e+04   3.3216423e+04
   2.6258000e+04   5.3508050e+04   3.3320061e+04
   2.6750000e+04   5.2948784e+04   3.3422007e+04
   2.7250000e+04   5.2396877e+04   3.3505726e+04
   2.7760000e+04   5.1829861e+04   3.3609400e+04
   2.8279000e+04   5.1268911e+04   3.3682489e+04
   2.8808000e+04   5.0702963e+04   3.3755116e+04
   2.9347000e+04   5.0140239e+04   3.3821849e+04
   2.9896000e+04   4.9567089e+04   3.3872419e+04
   3.0455000e+04   4.9000648e+04   3.3920794e+04
   3.1025000e+04   4.8424757e+04   3.3961462e+04
   3.1605000e+04   4.7856238e+04   3.3989121e+04
   3.2197000e+04   4.7278829e+04   3.4007153e+04
   3.2799000e+04   4.6707212e+04   3.4023691e+04
   3.3412000e+04   4.6132747e+04   3.4029760e+04
   3.4037000e+04   4.5557412e+04   3.4026891e+04
   3.4674000e+04   4.4984119e+04   3.4019524e+04
   3.5323000e+04   4.4414112e+04   3.4000862e+04
   3.5984000e+04   4.3836587e+04   3.3973791e+04
   3.6657000e+04   4.3265279e+04   3.3938850e+04
   3.7342000e+04   4.2695367e+04   3.3898581e+04
   3.8041000e+04   4.2130337e+04   3.3847175e+04
   3.8753000e+04   4.1560426e+04   3.3787836e+04
   3.9478000e+04   4.0994634e+04   3.3725178e+04
   4.0216000e+04   4.0435070e+04   3.3654012e+04
   4.0968000e+04   3.9878476e+04   3.3573011e+04
   4.1735000e+04   3.9319956e+04   3.3483118e+04
   4.2515000e+04   3.8768792e+04   3.3389596e+04
   4.3311000e+04   3.8215878e+04   3.3285533e+04
   4.4121000e+04   3.7672777e+04   3.3177141e+04
   4.4946000e+04   3.7129396e+04   3.3063421e+04
   4.5787000e+04   3.6590580e+04   3.2940333e+04
   4.6644000e+04   3.6054262e+04   3.2808164e+04
   4.7516000e+04   3.5523566e+04   3.2671960e+04
   4.8405000e+04   3.4993589e+04   3.2529774e+04
   4.9311000e+04   3.4471976e+04   3.2380841e+04
   5.0233000e+04   3.3954397e+04   3.2226829e+04
   5.1173000e+04   3.3442712e+04   3.2066144e+04
   5.2130000e+04   3.2934723e+04   3.1902081e+04
   5.3105000e+04   3.2434525e+04   3.1727942e+04
   5.4099000e+04   3.1938350e+04   3.1553613e+04
   5.5111000e+04   3.1447246e+04   3.1372029e+04
   5.6141000e+04   3.0963403e+04   3.1181561e+04
   5.7192000e+04   3.0480737e+04   3.0992706e+04
   5.8262000e+04   3.0013478e+04   3.0792374e+04
   5.9351000e+04   2.9543928e+04   3.0596694e+04
   6.0462000e+04   2.9083528e+04   3.0388455e+04
   6.1593000e+04   2.8629690e+04   3.0177746e+04
   6.2745000e+04   2.8178269e+04   2.9967610e+04
   6.3919000e+04   2.7735307e+04   2.9755067e+04
   6.5114000e+04   2.7299447e+04   2.9537485e+04
   6.6332000e+04   2.6866926e+04   2.9314956e+04
   6.7573000e+04   2.6444103e+04   2.9087813e+04
   6.8837000e+04   2.6028296e+04   2.8861756e+04
   7.0125000e+04   2.5618216e+04   2.8631540e+04
   7.1437000e+04   2.5212309e+04   2.8398045e+04
   7.2773000e+04   2.4817655e+04   2.8160748e+04
   7.4135000e+04   2.4424133e+04   2.7929644e+04
   7.5521000e+04   2.4039021e+04   2.7691022e+04
   7.6934000e+04   2.3657431e+04   2.7451053e+04
   7.8373000e+04   2.3286267e+04   2.7208713e+04
   7.9840000e+04   2.2920674e+04   2.6967786e+04
   8.1333000e+04   2.2558662e+04   2.6722614e+04
   8.2855000e+04   2.2204025e+04   2.6481308e+04
   8.4404000e+04   2.1855341e+04   2.6236162e+04
   8.5983000e+04   2.1516006e+04   2.5992879e+04
   8.7592000e+04   2.1181382e+04   2.5747465e+04
   8.9230000e+04   2.0854077e+04   2.5502554e+04
   9.0900000e+04   2.0531306e+04   2.5257627e+04
   9.2600000e+04   2.0211842e+04   2.5013415e+04
   9.4332000e+04   1.9900805e+04   2.4769486e+04
   9.6097000e+04   1.9596169e+04   2.4524354e+04
   9.7895000e+04   1.9296125e+04   2.4277833e+04
   9.9726000e+04   1.9000589e+04   2.4035779e+04
   1.0159000e+05   1.8712827e+04   2.3791400e+04
   1.0349000e+05   1.8427469e+04   2.3551155e+04
   1.0543000e+05   1.8149022e+04   2.3307110e+04
   1.0740000e+05   1.7877085e+04   2.3068769e+04
   1.0941000e+05   1.7608697e+04   2.2830701e+04
   1.1146000e+05   1.7345200e+04   2.2591562e+04
   1.1354000e+05   1.7089874e+04   2.2356740e+04
   1.1566000e+05   1.6836268e+04   2.2122598e+04
   1.1783000e+05   1.6587908e+04   2.1886248e+04
   1.2003000e+05   1.6342884e+04   2.1654424e+04
   1.2228000e+05   1.6104612e+04   2.1422075e+04
   1.2457000e+05   1.5869698e+04   2.1192873e+04
   1.2690000e+05   1.5639669e+04   2.0965319e+04
   1.2927000e+05   1.5413306e+04   2.0740956e+04
   1.3169000e+05   1.5190524e+04   2.0516909e+04
   1.3415000e+05   1.4974215e+04   2.0294748e+04
   1.3666000e+05   1.4761348e+04   2.0074720e+04
   1.3922000e+05   1.4550860e+04   1.9853857e+04
   1.4182000e+05   1.4344182e+04   1.9639641e+04
   1.4447000e+05   1.4142424e+04   1.9424818e+04
   1.4718000e+05   1.3945910e+04   1.9211516e+04
   1.4993000e+05   1.3751388e+04   1.9001859e+04
   1.5274000e+05   1.3557522e+04   1.8793383e+04
   1.5559000e+05   1.3371922e+04   1.8587777e+04
   1.5850000e+05   1.3185851e+04   1.8384809e+04
   1.6147000e+05   1.3004666e+04   1.8180309e+04
   1.6449000e+05   1.2824066e+04   1.7981910e+04
   1.6757000e+05   1.2648492e+04   1.7783350e+04
   1.7070000e+05   1.2475781e+04   1.7587835e+04
   1.7389000e+05   1.2307014e+04   1.7395317e+04
   1.7715000e+05   1.2138618e+04   1.7201957e+04
   1.8046000e+05   1.1974900e+04   1.7012962e+04
   1.8384000e+05   1.1813493e+04   1.6825228e+04
   1.8727000e+05   1.1653009e+04   1.6641763e+04
   1.9078000e+05   1.1497032e+04   1.6457042e+04
   1.9435000e+05   1.1342412e+04   1.6274982e+04
   1.9798000e+05   1.1190819e+04   1.6096268e+04
   2.0169000e+05   1.1041188e+04   1.5918574e+04
   2.0546000e+05   1.0892884e+04   1.5743762e+04
   2.0930000e+05   1.0749743e+04   1.5569896e+04
   2.1322000e+05   1.0606136e+04   1.5399044e+04
   2.1721000e+05   1.0462733e+04   1.5230161e+04
   2.2127000e+05   1.0325126e+04   1.5063583e+04
   2.2541000e+05   1.0190479e+04   1.4896756e+04
   2.2963000e+05   1.0053371e+04   1.4734144e+04
   2.3392000e+05   9.9203925e+03   1.4572048e+04
   2.3830000e+05   9.7893982e+03   1.4411854e+04
   2.4275000e+05   9.6601669e+03   1.4254880e+04
   2.4730000e+05   9.5318512e+03   1.4098561e+04
   2.5192000e+05   9.4062969e+03   1.3944690e+04
   2.5663000e+05   9.2805080e+03   1.3792326e+04
   2.6144000e+05   9.1591869e+03   1.3640114e+04
   2.6633000e+05   9.0376636e+03   1.3492152e+04
   2.7131000e+05   8.9179295e+03   1.3344312e+04
   2.7638000e+05   8.8010644e+03   1.3199499e+04
   2.8155000e+05   8.6834748e+03   1.3055935e+04
   2.8682000e+05   8.5669716e+03   1.2914264e+04
   2.9219000e+05   8.4532389e+03   1.2772689e+04
   2.9765000e+05   8.3402931e+03   1.2633558e+04
   3.0322000e+05   8.2290540e+03   1.2495582e+04
   3.0889000e+05   8.1191406e+03   1.2360330e+04
   3.1467000e+05   8.0098589e+03   1.2225636e+04
   3.2056000e+05   7.9018063e+03   1.2092717e+04
   3.2655000e+05   7.7958714e+03   1.1960904e+04
   3.3266000e+05   7.6904123e+03   1.1830750e+04
   3.3889000e+05   7.5855227e+03   1.1701100e+04
   3.4522000e+05   7.4827606e+03   1.1574894e+04
   3.5168000e+05   7.3809209e+03   1.1447936e+04
   3.5826000e+05   7.2803399e+03   1.1322693e+04
   3.6496000e+05   7.1815252e+03   1.1198356e+04
   3.7179000e+05   7.0822615e+03   1.1076131e+04
   3.7875000e+05   6.9847596e+03   1.0954977e+04
   3.8583000e+05   6.8890416e+03   1.0834315e+04
   3.9305000e+05   6.7934385e+03   1.0715635e+04
   4.0040000e+05   6.6991339e+03   1.0597683e+04
   4.0789000e+05   6.6058826e+03   1.0480889e+04
   4.1552000e+05   6.5147226e+03   1.0364406e+04
   4.2329000e+05   6.4242543e+03   1.0249473e+04
   4.3121000e+05   6.3339709e+03   1.0135631e+04
   4.3928000e+05   6.2457190e+03   1.0022961e+04
   4.4750000e+05   6.1581067e+03   9.9109399e+03
   4.5587000e+05   6.0724790e+03   9.8005444e+03
   4.6440000e+05   5.9863175e+03   9.6907660e+03
   4.7308000e+05   5.9032320e+03   9.5822692e+03
   4.8193000e+05   5.8196844e+03   9.4739670e+03
   4.9095000e+05   5.7374561e+03   9.3667487e+03
   5.0013000e+05   5.6571390e+03   9.2614473e+03
   5.0949000e+05   5.5773082e+03   9.1570534e+03
   5.1902000e+05   5.4986282e+03   9.0531418e+03
   5.2873000e+05   5.4205983e+03   8.9509678e+03
   5.3862000e+05   5.3444976e+03   8.8498029e+03
   5.4870000e+05   5.2694176e+03   8.7489328e+03
   5.5896000e+05   5.1952759e+03   8.6495991e+03
   5.6942000e+05   5.1217295e+03   8.5510969e+03
   5.8007000e+05   5.0492014e+03   8.4540130e+03
   5.9092000e+05   4.9784464e+03   8.3578966e+03
   6.0197000e+05   4.9071245e+03   8.2628083e+03
   6.1323000e+05   4.8379321e+03   8.1689374e+03
   6.2471000e+05   4.7686647e+03   8.0753138e+03
   6.3639000e+05   4.7006796e+03   7.9836846e+03
   6.4830000e+05   4.6334971e+03   7.8925321e+03
   6.6042000e+05   4.5667279e+03   7.8022215e+03
   6.7278000e+05   4.5012841e+03   7.7129310e+03
   6.8536000e+05   4.4360660e+03   7.6246785e+03
   6.9818000e+05   4.3718588e+03   7.5372664e+03
   7.1125000e+05   4.3087081e+03   7.4505930e+03
   7.2455000e+05   4.2459996e+03   7.3643351e+03
   7.3810000e+05   4.1846249e+03   7.2793546e+03
   7.5191000e+05   4.1232850e+03   7.1952160e+03
   7.6598000e+05   4.0632667e+03   7.1114646e+03
   7.8031000e+05   4.0045004e+03   7.0286155e+03
   7.9490000e+05   3.9461515e+03   6.9471362e+03
   8.0977000e+05   3.8880889e+03   6.8664630e+03
   8.2492000e+05   3.8319181e+03   6.7861589e+03
   8.4035000e+05   3.7760802e+03   6.7067097e+03
   8.5607000e+05   3.7205372e+03   6.6283491e+03
   8.7209000e+05   3.6666005e+03   6.5505236e+03
   8.8840000e+05   3.6129846e+03   6.4738130e+03
   9.0502000e+05   3.5604804e+03   6.3976538e+03
   9.2195000e+05   3.5086299e+03   6.3225137e+03
   9.3920000e+05   3.4579005e+03   6.2485069e+03
   9.5677000e+05   3.4070858e+03   6.1751747e+03
   9.7467000e+05   3.3567914e+03   6.1034332e+03
   9.9290000e+05   3.3073843e+03   6.0317528e+03
   1.0115000e+06   3.2585649e+03   5.9608477e+03
   1.0304000e+06   3.2102052e+03   5.8914918e+03
   1.0497000e+06   3.1625778e+03   5.8223785e+03
   1.0693000e+06   3.1152742e+03   5.7539798e+03
   1.0893000e+06   3.0693454e+03   5.6863113e+03
   1.1097000e+06   3.0228804e+03   5.6199655e+03
   1.1304000e+06   2.9778754e+03   5.5542751e+03
   1.1516000e+06   2.9327850e+03   5.4885596e+03
   1.1731000e+06   2.8887213e+03   5.4238254e+03
   1.1951000e+06   2.8447624e+03   5.3590446e+03
   1.2174000e+06   2.8018298e+03   5.2955677e+03
   1.2402000e+06   2.7591581e+03   5.2322829e+03
   1.2634000e+06   2.7176439e+03   5.1697694e+03
   1.2870000e+06   2.6760122e+03   5.1082162e+03
   1.3111000e+06   2.6353252e+03   5.0469642e+03
   1.3356000e+06   2.5957008e+03   4.9868150e+03
   1.3606000e+06   2.5558149e+03   4.9271472e+03
   1.3861000e+06   2.5166600e+03   4.8681273e+03
   1.4120000e+06   2.4783667e+03   4.8099036e+03
   1.4384000e+06   2.4404695e+03   4.7524716e+03
   1.4653000e+06   2.4031306e+03   4.6959753e+03
   1.4927000e+06   2.3660969e+03   4.6397357e+03
   1.5207000e+06   2.3293232e+03   4.5840782e+03
   1.5491000e+06   2.2931870e+03   4.5293985e+03
   1.5781000e+06   2.2574779e+03   4.4749384e+03
   1.6076000e+06   2.2221568e+03   4.4213282e+03
   1.6377000e+06   2.1871865e+03   4.3681432e+03
   1.6683000e+06   2.1526997e+03   4.3154843e+03
   1.6995000e+06   2.1189309e+03   4.2632098e+03
   1.7313000e+06   2.0853190e+03   4.2115715e+03
   1.7637000e+06   2.0522327e+03   4.1604701e+03
   1.7967000e+06   2.0197571e+03   4.1098344e+03
   1.8303000e+06   1.9877020e+03   4.0599073e+03
   1.8646000e+06   1.9561745e+03   4.0103713e+03
   1.8994000e+06   1.9249376e+03   3.9616489e+03
   1.9350000e+06   1.8942555e+03   3.9134544e+03
   1.9712000e+06   1.8637348e+03   3.8657272e+03
   2.0080000e+06   1.8339588e+03   3.8187628e+03
   2.0456000e+06   1.8044227e+03   3.7720878e+03
   2.0839000e+06   1.7751999e+03   3.7259378e+03
   2.1229000e+06   1.7462067e+03   3.6805029e+03
   2.1626000e+06   1.7178480e+03   3.6353431e+03
   2.2030000e+06   1.6897410e+03   3.5910074e+03
   2.2442000e+06   1.6620277e+03   3.5469864e+03
   2.2862000e+06   1.6344306e+03   3.5033567e+03
   2.3290000e+06   1.6075696e+03   3.4600833e+03
   2.3725000e+06   1.5809149e+03   3.4174515e+03
   2.4169000e+06   1.5547017e+03   3.3752421e+03
   2.4621000e+06   1.5289442e+03   3.3333999e+03
   2.5082000e+06   1.5034779e+03   3.2920265e+03
   2.5551000e+06   1.4783361e+03   3.2512712e+03
   2.6029000e+06   1.4536004e+03   3.2108771e+03
   2.6516000e+06   1.4293061e+03   3.1711198e+03
   2.7012000e+06   1.4052444e+03   3.1315609e+03
   2.7517000e+06   1.3813104e+03   3.0927467e+03
   2.8032000e+06   1.3579507e+03   3.0541688e+03
   2.8557000e+06   1.3347113e+03   3.0160010e+03
   2.9091000e+06   1.3117697e+03   2.9782958e+03
   2.9635000e+06   1.2891669e+03   2.9408694e+03
   3.0189000e+06   1.2669812e+03   2.9040287e+03
   3.0754000e+06   1.2451117e+03   2.8674886e+03
   3.1329000e+06   1.2235732e+03   2.8314652e+03
   3.1916000e+06   1.2023044e+03   2.7956381e+03
   3.2513000e+06   1.1812597e+03   2.7604217e+03
   3.3121000e+06   1.1605789e+03   2.7255702e+03
   3.3740000e+06   1.1402246e+03   2.6911489e+03
   3.4372000e+06   1.1201092e+03   2.6570608e+03
   3.5014000e+06   1.1003119e+03   2.6235571e+03
   3.5669000e+06   1.0807078e+03   2.5901678e+03
   3.6337000e+06   1.0613836e+03   2.5571694e+03
   3.7016000e+06   1.0424008e+03   2.5247053e+03
   3.7709000e+06   1.0236142e+03   2.4924400e+03
   3.8414000e+06   1.0051412e+03   2.4606583e+03
   3.9133000e+06   9.8697210e+02   2.4292008e+03
   3.9865000e+06   9.6900637e+02   2.3980496e+03
   4.0611000e+06   9.5143454e+02   2.3672965e+03
   4.1370000e+06   9.3407959e+02   2.3368363e+03
   4.2144000e+06   9.1696756e+02   2.3068092e+03
   4.2933000e+06   8.9994293e+02   2.2770823e+03
   4.3736000e+06   8.8332322e+02   2.2476973e+03
   4.4554000e+06   8.6689507e+02   2.2186298e+03
   4.5387000e+06   8.5076145e+02   2.1899645e+03
   4.6237000e+06   8.3474763e+02   2.1616137e+03
   4.7101000e+06   8.1906910e+02   2.1336505e+03
   4.7983000e+06   8.0359623e+02   2.1058014e+03
   4.8880000e+06   7.8837453e+02   2.0785008e+03
   4.9795000e+06   7.7333368e+02   2.0513917e+03
   5.0726000e+06   7.5824505e+02   2.0244208e+03
   5.1675000e+06   7.4367383e+02   1.9978585e+03
   5.2642000e+06   7.2930652e+02   1.9716564e+03
   5.3626000e+06   7.1518980e+02   1.9458436e+03
   5.4630000e+06   7.0128878e+02   1.9202637e+03
   5.5652000e+06   6.8755902e+02   1.8949231e+03
   5.6693000e+06   6.7412709e+02   1.8700273e+03
   5.7753000e+06   6.6077062e+02   1.8453948e+03
   5.8833000e+06   6.4767084e+02   1.8210277e+03
   5.9934000e+06   6.3475126e+02   1.7969701e+03
   6.1055000e+06   6.2203324e+02   1.7731987e+03
   6.2197000e+06   6.0947079e+02   1.7497558e+03
   6.3361000e+06   5.9712136e+02   1.7265266e+03
   6.4546000e+06   5.8490889e+02   1.7036074e+03
   6.5754000e+06   5.7298870e+02   1.6809231e+03
   6.6984000e+06   5.6114759e+02   1.6585214e+03
   6.8237000e+06   5.4951772e+02   1.6364214e+03
   6.9513000e+06   5.3811895e+02   1.6145326e+03
   7.0814000e+06   5.2683811e+02   1.5928759e+03
   7.2138000e+06   5.1581988e+02   1.5715931e+03
   7.3488000e+06   5.0489232e+02   1.5505068e+03
   7.4862000e+06   4.9417463e+02   1.5296910e+03
   7.6263000e+06   4.8356431e+02   1.5090175e+03
   7.7689000e+06   4.7316528e+02   1.4886787e+03
   7.9143000e+06   4.6291680e+02   1.4685347e+03
   8.0623000e+06   4.5280429e+02   1.4486281e+03
   8.2131000e+06   4.4287547e+02   1.4289910e+03
   8.3668000e+06   4.3308303e+02   1.4095760e+03
   8.5233000e+06   4.2345858e+02   1.3903842e+03
   8.6827000e+06   4.1399330e+02   1.3714846e+03
   8.8452000e+06   4.0461949e+02   1.3527587e+03
   9.0106000e+06   3.9543730e+02   1.3342743e+03
   9.1792000e+06   3.8639888e+02   1.3160178e+03
   9.3509000e+06   3.7748401e+02   1.2979108e+03
   9.5258000e+06   3.6874457e+02   1.2801021e+03
   9.7040000e+06   3.6010804e+02   1.2625236e+03
   9.8856000e+06   3.5159200e+02   1.2451553e+03
   1.0070000e+07   3.4327737e+02   1.2280494e+03
   1.0259000e+07   3.3503716e+02   1.2110537e+03
   1.0451000e+07   3.2699634e+02   1.1943109e+03
   1.0646000e+07   3.1904542e+02   1.1778394e+03
   1.0845000e+07   3.1124467e+02   1.1615477e+03
   1.1048000e+07   3.0356218e+02   1.1453798e+03
   1.1255000e+07   2.9598073e+02   1.1294294e+03
   1.1466000e+07   2.8852144e+02   1.1136483e+03
   1.1680000e+07   2.8120476e+02   1.0981544e+03
   1.1899000e+07   2.7398864e+02   1.0827656e+03
   1.2121000e+07   2.6686894e+02   1.0676537e+03
   1.2348000e+07   2.5989902e+02   1.0526414e+03
   1.2579000e+07   2.5301833e+02   1.0378283e+03
   1.2814000e+07   2.4628972e+02   1.0232175e+03
   1.3054000e+07   2.3965189e+02   1.0087598e+03
   1.3298000e+07   2.3308330e+02   9.9452429e+02
   1.3547000e+07   2.2666151e+02   9.8043498e+02
   1.3800000e+07   2.2035107e+02   9.6654247e+02
   1.4058000e+07   2.1413364e+02   9.5283304e+02
   1.4321000e+07   2.0800201e+02   9.3925162e+02
   1.4589000e+07   2.0198838e+02   9.2583424e+02
   1.4862000e+07   1.9609724e+02   9.1260130e+02
   1.5140000e+07   1.9027835e+02   8.9951401e+02
   1.5423000e+07   1.8456812e+02   8.8663456e+02
   1.5712000e+07   1.7893327e+02   8.7384135e+02
   1.6006000e+07   1.7340685e+02   8.6122989e+02
   1.6305000e+07   1.6796731e+02   8.4884545e+02
   1.6610000e+07   1.6263843e+02   8.3659343e+02
   1.6921000e+07   1.5738616e+02   8.2446968e+02
   1.7238000e+07   1.5221287e+02   8.1249132e+02
   1.7560000e+07   1.4717971e+02   8.0068336e+02
   1.7889000e+07   1.4217383e+02   7.8900796e+02
   1.8223000e+07   1.3730840e+02   7.7749809e+02
   1.8564000e+07   1.3249357e+02   7.6611440e+02
   1.8911000e+07   1.2775750e+02   7.5488217e+02
   1.9265000e+07   1.2311438e+02   7.4378540e+02
   1.9625000e+07   1.1856015e+02   7.3280019e+02
   1.9993000e+07   1.1407299e+02   7.2193984e+02
   2.0367000e+07   1.0963194e+02   7.1121574e+02
   2.0748000e+07   1.0531670e+02   7.0068888e+02
   2.1136000e+07   1.0104884e+02   6.9029414e+02
   2.1531000e+07   9.6880467e+01   6.8002814e+02
   2.1934000e+07   9.2767806e+01   6.6984945e+02
   2.2344000e+07   8.8705014e+01   6.5981978e+02
   2.2762000e+07   8.4752920e+01   6.4991789e+02
   2.3188000e+07   8.0878869e+01   6.4011468e+02
   2.3622000e+07   7.7050116e+01   6.3044883e+02
   2.4064000e+07   7.3308041e+01   6.2091818e+02
   2.4514000e+07   6.9626890e+01   6.1150372e+02
   2.4972000e+07   6.6016902e+01   6.0219829e+02
   2.5440000e+07   6.2472807e+01   5.9300307e+02
   2.5915000e+07   5.8996347e+01   5.8396203e+02
   2.6400000e+07   5.5581784e+01   5.7500985e+02
   2.6894000e+07   5.2230820e+01   5.6614911e+02
   2.7397000e+07   4.8940064e+01   5.5743895e+02
   2.7910000e+07   4.5700813e+01   5.4879930e+02
   2.8432000e+07   4.2537735e+01   5.4028867e+02
   2.8964000e+07   3.9429865e+01   5.3188876e+02
   2.9505000e+07   3.6388243e+01   5.2360956e+02
   3.0057000e+07   3.3398597e+01   5.1542700e+02
   3.0620000e+07   3.0449691e+01   5.0732080e+02
   3.1192000e+07   2.7579012e+01   4.9934777e+02
   3.1776000e+07   2.4749421e+01   4.9147025e+02
   3.2370000e+07   2.1996737e+01   4.8367824e+02
   3.2976000e+07   1.9287377e+01   4.7598728e+02
   3.3593000e+07   1.6616526e+01   4.6840051e+02
   3.4221000e+07   1.4019066e+01   4.6092817e+02
   3.4861000e+07   1.1466080e+01   4.5352460e+02
   3.5514000e+07   8.9575262e+00   4.4621374e+02
   3.6178000e+07   6.4999219e+00   4.3899770e+02
   3.6855000e+07   4.1148014e+00   4.3187034e+02
   3.7544000e+07   1.7484994e+00   4.2484618e+02
   3.8246000e+07  -5.5856944e-01   4.1791373e+02
   3.8962000e+07  -2.8190988e+00   4.1104597e+02
   3.9691000e+07  -5.0293242e+00   4.0427217e+02
   4.0433000e+07  -7.1955675e+00   3.9759693e+02
   4.1190000e+07  -9.3284760e+00   3.9099519e+02
   4.1960000e+07  -1.1395013e+01   3.8447279e+02
   4.2745000e+07  -1.3423737e+01   3.7803366e+02
   4.3545000e+07  -1.5407513e+01   3.7167392e+02
   4.4359000e+07  -1.7351676e+01   3.6538789e+02
   4.5189000e+07  -1.9257084e+01   3.5918596e+02
   4.6034000e+07  -2.1121035e+01   3.5307317e+02
   4.6895000e+07  -2.2935637e+01   3.4702231e+02
   4.7773000e+07  -2.4704221e+01   3.4104844e+02
   4.8666000e+07  -2.6445589e+01   3.3515440e+02
   4.9577000e+07  -2.8137005e+01   3.2931653e+02
   5.0504000e+07  -2.9795765e+01   3.2357395e+02
   5.1449000e+07  -3.1409736e+01   3.1788161e+02
   5.2411000e+07  -3.2987130e+01   3.1226902e+02
   5.3392000e+07  -3.4524415e+01   3.0671438e+02
   5.4391000e+07  -3.6024470e+01   3.0123681e+02
   5.5408000e+07  -3.7489777e+01   2.9581962e+02
   5.6445000e+07  -3.8922242e+01   2.9047175e+02
   5.7501000e+07  -4.0312633e+01   2.8518614e+02
   5.8576000e+07  -4.1669176e+01   2.7996377e+02
   5.9672000e+07  -4.2981669e+01   2.7480644e+02
   6.0788000e+07  -4.4262731e+01   2.6970162e+02
   6.1925000e+07  -4.5505159e+01   2.6466614e+02
   6.3084000e+07  -4.6715263e+01   2.5968476e+02
   6.4264000e+07  -4.7885153e+01   2.5476065e+02
   6.5466000e+07  -4.9017293e+01   2.4990327e+02
   6.6691000e+07  -5.0124136e+01   2.4509328e+02
   6.7938000e+07  -5.1183862e+01   2.4034533e+02
   6.9209000e+07  -5.2214246e+01   2.3565025e+02
   7.0504000e+07  -5.3208488e+01   2.3100561e+02
   7.1823000e+07  -5.4162334e+01   2.2641571e+02
   7.3166000e+07  -5.5088483e+01   2.2187913e+02
   7.4535000e+07  -5.5972851e+01   2.1739694e+02
   7.5929000e+07  -5.6816377e+01   2.1297145e+02
   7.7350000e+07  -5.7634842e+01   2.0859180e+02
   7.8797000e+07  -5.8420010e+01   2.0426310e+02
   8.0271000e+07  -5.9167505e+01   1.9998466e+02
   8.1772000e+07  -5.9884074e+01   1.9575739e+02
   8.3302000e+07  -6.0558726e+01   1.9157668e+02
   8.4860000e+07  -6.1198392e+01   1.8745577e+02
   8.6448000e+07  -6.1810314e+01   1.8336524e+02
   8.8065000e+07  -6.2378878e+01   1.7932863e+02
   8.9712000e+07  -6.2926233e+01   1.7535150e+02
   9.1390000e+07  -6.3434916e+01   1.7141325e+02
   9.3100000e+07  -6.3906004e+01   1.6751651e+02
   9.4842000e+07  -6.4345755e+01   1.6367140e+02
   9.6616000e+07  -6.4749705e+01   1.5987244e+02
   9.8423000e+07  -6.5124160e+01   1.5612205e+02
   1.0026000e+08  -6.5463440e+01   1.5242645e+02
   1.0214000e+08  -6.5758902e+01   1.4875876e+02
   1.0405000e+08  -6.6027781e+01   1.4515032e+02
   1.0600000e+08  -6.6263258e+01   1.4157964e+02
   1.0798000e+08  -6.6466522e+01   1.3806209e+02
   1.1000000e+08  -6.6621652e+01   1.3458797e+02
